Quality;good;realtime;AutoAltRef;AdaptiveQuantizationMode;off;variance;complexity;cyclicRefresh;endUsage;variableBitrate;constantBitrate;constrainedQuality;lossless;FrameBoost;lagInFrames;lagInFrames_0;lagInFrames_8;lagInFrames_16;bitRate;bitRate_300;bitRate_600;bitRate_900;bitRate_1200;bitRate_1500;Threads;Threads_2;Threads_4;Threads_6;Threads_8;Threads_10;cpuUsed;cpuUsed_0;cpuUsed_2;cpuUsed_4;cpuUsed_6;cpuUsed_8;TileColumns;TileColumns_0;TileColumns_3;TileColumns_6;Performance
1;0;1;1;1;0;0;1;0;1;1;0;0;0;0;1;1;0;0;1;0;1;0;0;0;1;1;0;0;0;0;1;1;0;0;0;0;1;0;1;0;29.85
1;0;1;1;1;0;0;1;0;1;1;0;0;0;0;1;1;0;0;1;0;0;1;0;0;1;1;0;0;0;0;1;1;0;0;0;0;1;0;1;0;32.01
1;0;1;1;1;0;0;1;0;1;1;0;0;0;0;1;1;0;0;1;0;0;0;1;0;1;0;1;0;0;0;1;1;0;0;0;0;1;0;1;0;20.5
1;0;1;1;1;0;0;1;0;1;1;0;0;0;0;1;1;0;0;1;0;0;0;0;1;1;0;0;0;1;0;1;1;0;0;0;0;1;0;1;0;21.33
1;0;1;1;1;0;0;1;0;1;1;0;0;0;0;1;1;0;0;1;1;0;0;0;0;1;0;0;0;0;1;1;0;1;0;0;0;1;0;1;0;4.89
1;0;1;1;1;0;0;1;0;1;1;0;0;0;0;1;1;0;0;1;0;1;0;0;0;1;1;0;0;0;0;1;0;0;0;1;0;1;0;1;0;0.45
1;0;1;1;1;0;0;1;0;1;1;0;0;0;0;1;1;0;0;1;0;0;0;0;1;1;1;0;0;0;0;1;0;0;0;1;0;1;0;1;0;0.49
1;0;1;1;1;0;0;1;0;1;1;0;0;0;0;1;1;0;0;1;0;0;1;0;0;1;0;1;0;0;0;1;0;0;0;1;0;1;0;1;0;0.28
1;0;1;1;1;0;0;1;0;1;1;0;0;0;0;1;1;0;0;1;0;0;0;0;1;1;0;0;0;1;0;1;0;0;0;1;0;1;0;1;0;0.3
1;0;1;1;1;0;0;1;0;1;1;0;0;0;0;1;1;0;0;1;1;0;0;0;0;1;0;0;0;0;1;1;0;0;0;1;0;1;0;1;0;0.26
1;0;1;1;1;0;0;1;0;1;1;0;0;0;0;1;1;0;0;1;0;0;1;0;0;1;0;0;0;0;1;1;0;0;0;1;0;1;0;1;0;0.29
1;0;1;1;1;0;0;1;0;1;1;0;0;0;0;1;1;0;0;1;0;0;1;0;0;1;1;0;0;0;0;1;0;0;0;0;1;1;0;1;0;0.36
1;0;1;1;1;0;0;1;0;1;1;0;0;0;0;1;1;0;0;1;0;0;0;1;0;1;1;0;0;0;0;1;0;0;0;0;1;1;0;1;0;0.39
1;0;1;1;1;0;0;1;0;1;1;0;0;0;0;1;1;0;0;1;0;0;0;0;1;1;1;0;0;0;0;1;0;0;0;0;1;1;0;1;0;0.38
1;0;1;1;1;0;0;1;0;1;1;0;0;0;0;1;1;0;0;1;0;0;0;1;0;1;0;1;0;0;0;1;0;0;0;0;1;1;0;1;0;0.24
1;0;1;1;1;0;0;1;0;1;1;0;0;0;0;1;1;0;0;1;0;0;0;0;1;1;0;0;0;1;0;1;0;0;0;0;1;1;0;1;0;0.25
1;0;1;1;1;0;0;1;0;1;1;0;0;0;0;1;1;0;0;1;1;0;0;0;0;1;0;0;0;0;1;1;0;0;0;0;1;1;0;1;0;0.18
1;0;1;1;1;0;0;1;0;1;1;0;0;0;0;1;1;0;0;1;0;0;1;0;0;1;0;0;0;0;1;1;0;0;0;0;1;1;0;1;0;0.25
1;0;1;0;1;0;0;1;0;1;1;0;0;1;0;1;1;0;0;1;0;0;0;1;0;1;0;0;0;0;1;1;0;0;0;0;1;1;0;1;0;1.54
1;0;1;1;1;0;0;1;0;1;1;0;0;1;1;1;0;1;0;1;0;0;1;0;0;1;0;0;0;1;0;1;0;1;0;0;0;1;1;0;0;39.37
1;0;1;1;1;0;0;1;0;1;1;0;0;1;1;1;0;1;0;1;0;0;0;1;0;1;0;0;0;1;0;1;0;1;0;0;0;1;1;0;0;39.81
1;0;1;1;1;0;0;1;0;1;1;0;0;1;1;1;0;1;0;1;0;0;0;0;1;1;0;0;0;1;0;1;0;1;0;0;0;1;1;0;0;39.7
1;0;1;1;1;0;0;1;0;1;1;0;0;1;1;1;0;1;0;1;1;0;0;0;0;1;0;0;0;0;1;1;0;1;0;0;0;1;1;0;0;40.17
1;0;1;1;1;0;0;1;0;1;1;0;0;1;1;1;0;1;0;1;0;0;0;1;0;1;0;0;0;0;1;1;0;1;0;0;0;1;1;0;0;39.61
1;0;1;1;1;0;0;1;0;1;1;0;0;1;1;1;0;1;0;1;0;0;0;0;1;1;0;0;0;0;1;1;0;1;0;0;0;1;1;0;0;39.51
1;0;1;1;1;0;0;1;0;1;1;0;0;1;1;1;0;1;0;1;1;0;0;0;0;1;1;0;0;0;0;1;0;0;1;0;0;1;1;0;0;18.55
1;0;1;1;1;0;0;1;0;1;1;0;0;1;1;1;0;1;0;1;0;1;0;0;0;1;1;0;0;0;0;1;0;0;1;0;0;1;1;0;0;18.45
1;0;1;1;1;0;0;1;0;1;1;0;0;1;1;1;0;1;0;1;0;0;1;0;0;1;1;0;0;0;0;1;0;0;1;0;0;1;1;0;0;18.53
1;0;1;1;1;0;0;1;0;1;1;0;0;1;1;1;0;1;0;1;0;0;0;1;0;1;1;0;0;0;0;1;0;0;1;0;0;1;1;0;0;19.51
1;0;1;1;1;0;0;1;0;1;1;0;0;1;1;1;0;1;0;1;0;0;0;0;1;1;1;0;0;0;0;1;0;0;1;0;0;1;1;0;0;18.8
1;0;1;1;1;0;0;1;0;1;1;0;0;1;1;1;0;1;0;1;1;0;0;0;0;1;0;1;0;0;0;1;0;0;1;0;0;1;1;0;0;18.91
1;0;1;1;1;0;0;1;0;1;1;0;0;1;1;1;0;1;0;1;0;1;0;0;0;1;0;1;0;0;0;1;0;0;1;0;0;1;1;0;0;18.52
1;0;1;1;1;0;0;1;0;1;1;0;0;1;1;1;0;1;0;1;0;0;1;0;0;1;0;1;0;0;0;1;0;0;1;0;0;1;1;0;0;19.14
1;0;1;1;1;0;0;1;0;1;1;0;0;1;1;1;0;1;0;1;0;0;0;1;0;1;0;1;0;0;0;1;0;0;1;0;0;1;1;0;0;18.82
1;0;1;1;1;0;0;1;0;1;1;0;0;1;1;1;0;1;0;1;0;0;0;0;1;1;0;1;0;0;0;1;0;0;1;0;0;1;1;0;0;18.77
1;0;1;1;1;0;0;1;0;1;1;0;0;1;1;1;0;1;0;1;1;0;0;0;0;1;0;0;1;0;0;1;0;0;1;0;0;1;1;0;0;19.17
1;0;1;1;1;0;0;1;0;1;1;0;0;1;1;1;0;1;0;1;0;0;1;0;0;1;0;0;1;0;0;1;0;0;1;0;0;1;1;0;0;19.16
1;0;1;1;1;0;0;1;0;1;1;0;0;1;1;1;0;1;0;1;0;0;0;1;0;1;0;0;1;0;0;1;0;0;1;0;0;1;1;0;0;18.7
1;0;1;1;1;0;0;1;0;1;1;0;0;1;1;1;0;1;0;1;0;0;0;0;1;1;0;0;1;0;0;1;0;0;1;0;0;1;1;0;0;18.83
1;0;1;1;1;0;0;1;0;1;1;0;0;1;1;1;0;1;0;1;1;0;0;0;0;1;0;0;0;1;0;1;0;0;1;0;0;1;1;0;0;19.35
1;0;1;1;1;0;0;1;0;1;1;0;0;1;1;1;0;1;0;1;0;1;0;0;0;1;0;0;0;1;0;1;0;0;1;0;0;1;1;0;0;19.65
1;0;1;1;1;0;0;1;0;1;1;0;0;1;1;1;0;1;0;1;0;0;1;0;0;1;0;0;0;1;0;1;0;0;1;0;0;1;1;0;0;19.37
1;0;1;1;1;0;0;1;0;1;1;0;0;1;1;1;0;1;0;1;0;0;0;1;0;1;0;0;0;1;0;1;0;0;1;0;0;1;1;0;0;18.81
1;0;1;1;1;0;0;1;0;1;1;0;0;1;1;1;0;1;0;1;0;0;0;0;1;1;0;0;0;1;0;1;0;0;1;0;0;1;1;0;0;19.44
1;0;1;1;1;0;0;1;0;1;1;0;0;1;1;1;0;1;0;1;1;0;0;0;0;1;0;0;0;0;1;1;0;0;1;0;0;1;1;0;0;20.09
1;0;1;1;1;0;0;1;0;1;1;0;0;1;1;1;0;1;0;1;0;1;0;0;0;1;0;0;0;0;1;1;0;0;1;0;0;1;1;0;0;18.44
1;0;1;1;1;0;0;1;0;1;1;0;0;1;1;1;0;1;0;1;0;0;1;0;0;1;0;0;0;0;1;1;0;0;1;0;0;1;1;0;0;19.24
1;0;1;1;1;0;0;1;0;1;1;0;0;1;1;1;0;1;0;1;0;0;0;1;0;1;0;0;0;0;1;1;0;0;1;0;0;1;1;0;0;18.98
1;0;1;1;1;0;0;1;0;1;1;0;0;1;1;1;0;1;0;1;0;0;0;0;1;1;0;0;0;0;1;1;0;0;1;0;0;1;1;0;0;18.45
1;0;1;1;1;0;0;1;0;1;1;0;0;1;1;1;0;1;0;1;1;0;0;0;0;1;1;0;0;0;0;1;0;0;0;1;0;1;1;0;0;2.84
1;0;1;1;1;0;0;1;0;1;1;0;0;1;1;1;0;1;0;1;0;1;0;0;0;1;1;0;0;0;0;1;0;0;0;1;0;1;1;0;0;2.89
1;0;1;1;1;0;0;1;0;1;1;0;0;1;1;1;0;1;0;1;0;0;1;0;0;1;1;0;0;0;0;1;0;0;0;1;0;1;1;0;0;2.95
1;0;1;1;1;0;0;1;0;1;1;0;0;1;1;1;0;1;0;1;0;0;0;1;0;1;1;0;0;0;0;1;0;0;0;1;0;1;1;0;0;2.83
1;0;1;1;1;0;0;1;0;1;1;0;0;1;1;1;0;1;0;1;0;0;0;0;1;1;1;0;0;0;0;1;0;0;0;1;0;1;1;0;0;2.86
1;0;1;1;1;0;0;1;0;1;1;0;0;1;1;1;0;1;0;1;1;0;0;0;0;1;0;1;0;0;0;1;0;0;0;1;0;1;1;0;0;3.09
1;0;1;1;1;0;0;1;0;1;1;0;0;1;1;1;0;1;0;1;0;1;0;0;0;1;0;1;0;0;0;1;0;0;0;1;0;1;1;0;0;2.9
1;0;1;1;1;0;0;1;0;1;1;0;0;1;1;1;0;1;0;1;0;0;0;1;0;1;0;1;0;0;0;1;0;0;0;1;0;1;1;0;0;2.75
1;0;1;1;1;0;0;1;0;1;1;0;0;1;1;1;0;1;0;1;0;0;0;0;1;1;0;1;0;0;0;1;0;0;0;1;0;1;1;0;0;2.87
1;0;1;1;1;0;0;1;0;1;1;0;0;1;1;1;0;1;0;1;1;0;0;0;0;1;0;0;1;0;0;1;0;0;0;1;0;1;1;0;0;3
1;0;1;1;1;0;0;1;0;1;1;0;0;1;1;1;0;1;0;1;0;1;0;0;0;1;0;0;1;0;0;1;0;0;0;1;0;1;1;0;0;2.82
1;0;1;1;1;0;0;1;0;1;1;0;0;1;1;1;0;1;0;1;0;0;1;0;0;1;0;0;1;0;0;1;0;0;0;1;0;1;1;0;0;3.28
1;0;1;1;1;0;0;1;0;1;1;0;0;1;1;1;0;1;0;1;0;0;0;0;1;1;0;0;1;0;0;1;0;0;0;1;0;1;1;0;0;2.85
1;0;1;1;1;0;0;1;0;1;1;0;0;1;1;1;0;1;0;1;1;0;0;0;0;1;0;0;0;1;0;1;0;0;0;1;0;1;1;0;0;2.85
1;0;1;1;1;0;0;1;0;1;1;0;0;1;1;1;0;1;0;1;0;1;0;0;0;1;0;0;0;1;0;1;0;0;0;1;0;1;1;0;0;3.01
1;0;1;1;1;0;0;1;0;1;1;0;0;1;1;1;0;1;0;1;0;0;1;0;0;1;0;0;0;1;0;1;0;0;0;1;0;1;1;0;0;2.94
1;0;1;1;1;0;0;1;0;1;1;0;0;1;1;1;0;1;0;1;0;0;0;1;0;1;0;0;0;1;0;1;0;0;0;1;0;1;1;0;0;2.98
1;0;1;1;1;0;0;1;0;1;1;0;0;1;1;1;0;1;0;1;0;0;0;0;1;1;0;0;0;1;0;1;0;0;0;1;0;1;1;0;0;3.1
1;0;1;1;1;0;0;1;0;1;1;0;0;1;1;1;0;1;0;1;1;0;0;0;0;1;0;0;0;0;1;1;0;0;0;1;0;1;1;0;0;2.99
1;0;1;1;1;0;0;1;0;1;1;0;0;1;1;1;0;1;0;1;0;1;0;0;0;1;0;0;0;0;1;1;0;0;0;1;0;1;1;0;0;2.83
1;0;1;1;1;0;0;1;0;1;1;0;0;1;1;1;0;1;0;1;0;0;1;0;0;1;0;0;0;0;1;1;0;0;0;1;0;1;1;0;0;2.83
1;0;1;1;1;0;0;1;0;1;1;0;0;1;1;1;0;1;0;1;0;0;0;0;1;1;0;0;0;0;1;1;0;0;0;1;0;1;1;0;0;2.88
1;0;1;1;1;0;0;1;0;1;1;0;0;1;1;1;0;1;0;1;1;0;0;0;0;1;1;0;0;0;0;1;0;0;0;0;1;1;1;0;0;2.51
1;0;1;1;1;0;0;1;0;1;1;0;0;1;1;1;0;1;0;1;0;1;0;0;0;1;1;0;0;0;0;1;0;0;0;0;1;1;1;0;0;2.56
1;0;1;1;1;0;0;1;0;1;1;0;0;1;1;1;0;1;0;1;0;0;1;0;0;1;1;0;0;0;0;1;0;0;0;0;1;1;1;0;0;2.54
1;0;1;1;1;0;0;1;0;1;1;0;0;1;1;1;0;1;0;1;0;0;0;1;0;1;1;0;0;0;0;1;0;0;0;0;1;1;1;0;0;2.42
1;0;1;1;1;0;0;1;0;1;1;0;0;1;1;1;0;1;0;1;0;0;0;0;1;1;1;0;0;0;0;1;0;0;0;0;1;1;1;0;0;2.47
1;0;1;1;1;0;0;1;0;1;1;0;0;1;1;1;0;1;0;1;1;0;0;0;0;1;0;1;0;0;0;1;0;0;0;0;1;1;1;0;0;2.66
1;0;1;1;1;0;0;1;0;1;1;0;0;1;1;1;0;1;0;1;0;1;0;0;0;1;0;1;0;0;0;1;0;0;0;0;1;1;1;0;0;2.46
1;0;1;1;1;0;0;1;0;1;1;0;0;1;1;1;0;1;0;1;0;0;1;0;0;1;0;1;0;0;0;1;0;0;0;0;1;1;1;0;0;2.5
1;0;1;1;1;0;0;1;0;1;1;0;0;1;1;1;0;1;0;1;0;0;0;1;0;1;0;1;0;0;0;1;0;0;0;0;1;1;1;0;0;2.48
1;0;1;1;1;0;0;1;0;1;1;0;0;1;1;1;0;1;0;1;0;0;0;0;1;1;0;1;0;0;0;1;0;0;0;0;1;1;1;0;0;2.55
1;0;1;1;1;0;0;1;0;1;1;0;0;1;1;1;0;1;0;1;1;0;0;0;0;1;0;0;1;0;0;1;0;0;0;0;1;1;1;0;0;2.48
1;0;1;1;1;0;0;1;0;1;1;0;0;1;1;1;0;1;0;1;0;1;0;0;0;1;0;0;1;0;0;1;0;0;0;0;1;1;1;0;0;2.5
1;0;1;1;1;0;0;1;0;1;1;0;0;1;1;1;0;1;0;1;0;0;1;0;0;1;0;0;1;0;0;1;0;0;0;0;1;1;1;0;0;2.65
1;0;1;1;1;0;0;1;0;1;1;0;0;1;1;1;0;1;0;1;0;0;0;1;0;1;0;0;1;0;0;1;0;0;0;0;1;1;1;0;0;2.52
1;0;1;1;1;0;0;1;0;1;1;0;0;1;1;1;0;1;0;1;0;0;0;0;1;1;0;0;1;0;0;1;0;0;0;0;1;1;1;0;0;2.48
1;0;1;1;1;0;0;1;0;1;1;0;0;1;1;1;0;1;0;1;1;0;0;0;0;1;0;0;0;1;0;1;0;0;0;0;1;1;1;0;0;2.45
1;0;1;1;1;0;0;1;0;1;1;0;0;1;1;1;0;1;0;1;0;1;0;0;0;1;0;0;0;1;0;1;0;0;0;0;1;1;1;0;0;2.48
1;0;1;1;1;0;0;1;0;1;1;0;0;1;1;1;0;1;0;1;0;0;1;0;0;1;0;0;0;1;0;1;0;0;0;0;1;1;1;0;0;2.48
1;0;1;1;1;0;0;1;0;1;1;0;0;1;1;1;0;1;0;1;0;0;0;1;0;1;0;0;0;1;0;1;0;0;0;0;1;1;1;0;0;2.47
1;0;1;1;1;0;0;1;0;1;1;0;0;1;1;1;0;1;0;1;0;0;0;0;1;1;0;0;0;1;0;1;0;0;0;0;1;1;1;0;0;2.5
1;0;1;1;1;0;0;1;0;1;1;0;0;1;1;1;0;1;0;1;1;0;0;0;0;1;0;0;0;0;1;1;0;0;0;0;1;1;1;0;0;2.44
1;0;1;1;1;0;0;1;0;1;1;0;0;1;1;1;0;1;0;1;0;1;0;0;0;1;0;0;0;0;1;1;0;0;0;0;1;1;1;0;0;2.58
1;0;1;1;1;0;0;1;0;1;1;0;0;1;1;1;0;1;0;1;0;0;1;0;0;1;0;0;0;0;1;1;0;0;0;0;1;1;1;0;0;2.48
1;0;1;1;1;0;0;1;0;1;1;0;0;1;1;1;0;1;0;1;0;0;0;1;0;1;0;0;0;0;1;1;0;0;0;0;1;1;1;0;0;2.42
1;0;1;1;1;0;0;1;0;1;1;0;0;1;1;1;0;1;0;1;0;0;0;0;1;1;0;0;0;0;1;1;0;0;0;0;1;1;1;0;0;2.52
1;0;1;1;1;0;0;1;0;1;1;0;0;1;1;1;0;1;0;1;1;0;0;0;0;1;1;0;0;0;0;1;1;0;0;0;0;1;0;0;1;48.44
1;0;1;1;1;0;0;1;0;1;1;0;0;1;1;1;0;0;1;1;1;0;0;0;0;1;1;0;0;0;0;1;1;0;0;0;0;1;0;0;1;49.18
1;0;1;1;1;0;0;1;0;1;1;0;0;1;1;1;0;1;0;1;0;1;0;0;0;1;1;0;0;0;0;1;1;0;0;0;0;1;0;0;1;47.53
1;0;1;1;1;0;0;1;0;1;1;0;0;1;1;1;0;0;1;1;0;1;0;0;0;1;1;0;0;0;0;1;1;0;0;0;0;1;0;0;1;49.47
1;0;1;1;1;0;0;1;0;1;1;0;0;1;1;1;0;1;0;1;0;0;1;0;0;1;1;0;0;0;0;1;1;0;0;0;0;1;0;0;1;52.1
1;0;1;1;1;0;0;1;0;1;1;0;0;1;1;1;0;0;1;1;0;0;1;0;0;1;1;0;0;0;0;1;1;0;0;0;0;1;0;0;1;48.96
1;0;1;1;1;0;0;1;0;1;1;0;0;1;1;1;0;0;1;1;0;0;0;1;0;1;1;0;0;0;0;1;1;0;0;0;0;1;0;0;1;47.89
1;0;1;1;1;0;0;1;0;1;1;0;0;1;1;1;0;1;0;1;0;0;0;0;1;1;1;0;0;0;0;1;1;0;0;0;0;1;0;0;1;47.41
1;0;1;1;1;0;0;1;0;1;1;0;0;1;1;1;0;0;1;1;0;0;0;0;1;1;1;0;0;0;0;1;1;0;0;0;0;1;0;0;1;48.22
1;0;1;1;1;0;0;1;0;1;1;0;0;1;1;1;0;0;1;1;1;0;0;0;0;1;0;1;0;0;0;1;1;0;0;0;0;1;0;0;1;27.88
1;0;1;1;1;0;0;1;0;1;1;0;0;1;1;1;0;1;0;1;0;1;0;0;0;1;0;1;0;0;0;1;1;0;0;0;0;1;0;0;1;29.16
1;0;1;1;1;0;0;1;0;1;1;0;0;1;1;1;0;0;1;1;0;1;0;0;0;1;0;1;0;0;0;1;1;0;0;0;0;1;0;0;1;29.72
1;0;1;1;1;0;0;1;0;1;1;0;0;1;1;1;0;1;0;1;0;0;1;0;0;1;0;1;0;0;0;1;1;0;0;0;0;1;0;0;1;28.85
1;0;1;1;1;0;0;1;0;1;1;0;0;1;1;1;0;1;0;1;0;0;0;0;1;1;0;1;0;0;0;1;1;0;0;0;0;1;0;0;1;26.89
1;0;1;1;1;0;0;1;0;1;1;0;0;1;1;1;0;1;0;1;0;1;0;0;0;1;0;0;1;0;0;1;1;0;0;0;0;1;0;0;1;27.19
1;0;1;1;1;0;0;1;0;1;1;0;0;1;1;1;0;1;0;1;0;0;1;0;0;1;0;0;1;0;0;1;1;0;0;0;0;1;0;0;1;26.77
1;0;1;1;1;0;0;1;0;1;1;0;0;1;1;1;0;0;1;1;0;0;1;0;0;1;0;0;1;0;0;1;1;0;0;0;0;1;0;0;1;27.1
1;0;1;1;1;0;0;1;0;1;1;0;0;1;1;1;0;1;0;1;0;0;0;1;0;1;0;0;1;0;0;1;1;0;0;0;0;1;0;0;1;28.54
1;0;1;1;1;0;0;1;0;1;1;0;0;1;1;1;0;0;1;1;0;0;0;1;0;1;0;0;1;0;0;1;1;0;0;0;0;1;0;0;1;27.08
1;0;1;1;1;0;0;1;0;1;1;0;0;1;1;1;0;1;0;1;0;0;0;0;1;1;0;0;1;0;0;1;1;0;0;0;0;1;0;0;1;27.6
1;0;1;1;1;0;0;1;0;1;1;0;0;1;1;1;0;0;1;1;0;0;0;0;1;1;0;0;1;0;0;1;1;0;0;0;0;1;0;0;1;28.51
1;0;1;1;1;0;0;1;0;1;1;0;0;1;1;1;0;0;1;1;0;1;0;0;0;1;0;0;0;1;0;1;1;0;0;0;0;1;0;0;1;27.01
1;0;1;1;1;0;0;1;0;1;1;0;0;1;1;1;0;1;0;1;0;0;1;0;0;1;0;0;0;1;0;1;1;0;0;0;0;1;0;0;1;27.1
1;0;1;1;1;0;0;1;0;1;1;0;0;1;1;1;0;0;1;1;0;0;1;0;0;1;0;0;0;1;0;1;1;0;0;0;0;1;0;0;1;27.35
1;0;1;1;1;0;0;1;0;1;1;0;0;1;1;1;0;0;1;1;0;0;0;1;0;1;0;0;0;1;0;1;1;0;0;0;0;1;0;0;1;29.27
1;0;1;1;1;0;0;1;0;1;1;0;0;1;1;1;0;1;0;1;0;0;0;0;1;1;0;0;0;1;0;1;1;0;0;0;0;1;0;0;1;27.69
1;0;1;1;1;0;0;1;0;1;1;0;0;1;1;1;0;1;0;1;0;1;0;0;0;1;0;0;0;0;1;1;1;0;0;0;0;1;0;0;1;26.99
1;0;1;1;1;0;0;1;0;1;1;0;0;1;1;1;0;1;0;1;0;0;1;0;0;1;0;0;0;0;1;1;1;0;0;0;0;1;0;0;1;29.02
1;0;1;1;1;0;0;1;0;1;1;0;0;1;1;1;0;0;1;1;0;0;0;1;0;1;0;0;0;0;1;1;1;0;0;0;0;1;0;0;1;27.5
1;0;1;1;1;0;0;1;0;1;1;0;0;1;1;1;0;1;0;1;0;0;0;0;1;1;0;0;0;0;1;1;1;0;0;0;0;1;0;0;1;26.92
1;0;1;1;1;0;0;1;0;1;1;0;0;1;1;1;0;1;0;1;1;0;0;0;0;1;1;0;0;0;0;1;0;1;0;0;0;1;0;0;1;22.95
1;0;1;1;1;0;0;1;0;1;1;0;0;1;1;1;0;0;1;1;1;0;0;0;0;1;1;0;0;0;0;1;0;1;0;0;0;1;0;0;1;24.78
1;0;1;1;1;0;0;1;0;1;1;0;0;1;1;1;0;0;1;1;0;1;0;0;0;1;1;0;0;0;0;1;0;1;0;0;0;1;0;0;1;22.02
1;0;1;1;1;0;0;1;0;1;1;0;0;1;1;1;0;0;1;1;0;0;1;0;0;1;1;0;0;0;0;1;0;1;0;0;0;1;0;0;1;22.68
1;0;1;1;1;0;0;1;0;1;1;0;0;1;1;1;0;0;1;1;0;0;0;1;0;1;1;0;0;0;0;1;0;1;0;0;0;1;0;0;1;22.67
1;0;1;1;1;0;0;1;0;1;1;0;0;1;1;1;0;1;0;1;0;0;0;0;1;1;1;0;0;0;0;1;0;1;0;0;0;1;0;0;1;21.7
1;0;1;1;1;0;0;1;0;1;1;0;0;1;1;1;0;0;1;1;0;0;0;0;1;1;1;0;0;0;0;1;0;1;0;0;0;1;0;0;1;25.85
1;0;1;1;1;0;0;1;0;1;1;0;0;1;1;1;0;0;1;1;1;0;0;0;0;1;0;1;0;0;0;1;0;1;0;0;0;1;0;0;1;13.93
1;0;1;1;1;0;0;1;0;1;1;0;0;1;1;1;0;1;0;1;0;1;0;0;0;1;0;1;0;0;0;1;0;1;0;0;0;1;0;0;1;13.34
1;0;1;1;1;0;0;1;0;1;1;0;0;1;1;1;0;1;0;1;0;0;1;0;0;1;0;1;0;0;0;1;0;1;0;0;0;1;0;0;1;13.66
1;0;1;1;1;0;0;1;0;1;1;0;0;1;1;1;0;0;1;1;0;0;1;0;0;1;0;1;0;0;0;1;0;1;0;0;0;1;0;0;1;13.79
1;0;1;1;1;0;0;1;0;1;1;0;0;1;1;1;0;1;0;1;0;0;0;1;0;1;0;1;0;0;0;1;0;1;0;0;0;1;0;0;1;13.41
1;0;1;1;1;0;0;1;0;1;1;0;0;1;1;1;0;1;0;1;0;0;0;0;1;1;0;1;0;0;0;1;0;1;0;0;0;1;0;0;1;13.39
1;0;1;1;1;0;0;1;0;1;1;0;0;1;1;1;0;0;1;1;0;0;0;0;1;1;0;1;0;0;0;1;0;1;0;0;0;1;0;0;1;13.74
1;0;1;1;1;0;0;1;0;1;1;0;0;1;1;1;0;0;1;1;1;0;0;0;0;1;0;0;1;0;0;1;0;1;0;0;0;1;0;0;1;13.94
1;0;1;1;1;0;0;1;0;1;1;0;0;1;1;1;0;1;0;1;0;1;0;0;0;1;0;0;1;0;0;1;0;1;0;0;0;1;0;0;1;13.93
1;0;1;1;1;0;0;1;0;1;1;0;0;1;1;1;0;0;1;1;0;1;0;0;0;1;0;0;1;0;0;1;0;1;0;0;0;1;0;0;1;14.57
1;0;1;1;1;0;0;1;0;1;1;0;0;1;1;1;0;0;1;1;0;0;1;0;0;1;0;0;1;0;0;1;0;1;0;0;0;1;0;0;1;14.41
1;0;1;1;1;0;0;1;0;1;1;0;0;1;1;1;0;1;0;1;0;0;0;1;0;1;0;0;1;0;0;1;0;1;0;0;0;1;0;0;1;14.02
1;0;1;1;1;0;0;1;0;1;1;0;0;1;1;1;0;0;1;1;0;0;0;1;0;1;0;0;1;0;0;1;0;1;0;0;0;1;0;0;1;13.93
1;0;1;1;1;0;0;1;0;1;1;0;0;1;1;1;0;1;0;1;0;0;0;0;1;1;0;0;1;0;0;1;0;1;0;0;0;1;0;0;1;14
1;0;1;1;1;0;0;1;0;1;1;0;0;1;1;1;0;0;1;1;0;0;0;0;1;1;0;0;1;0;0;1;0;1;0;0;0;1;0;0;1;13.02
1;0;1;1;1;0;0;1;0;1;1;0;0;1;1;1;0;1;0;1;1;0;0;0;0;1;0;0;0;1;0;1;0;1;0;0;0;1;0;0;1;14.51
1;0;1;1;1;0;0;1;0;1;1;0;0;1;1;1;0;1;0;1;0;1;0;0;0;1;0;0;0;1;0;1;0;1;0;0;0;1;0;0;1;13.78
1;0;1;1;1;0;0;1;0;1;1;0;0;1;1;1;0;0;1;1;0;1;0;0;0;1;0;0;0;1;0;1;0;1;0;0;0;1;0;0;1;14.16
1;0;1;1;1;0;0;1;0;1;1;0;0;1;1;1;0;0;1;1;0;0;1;0;0;1;0;0;0;1;0;1;0;1;0;0;0;1;0;0;1;13.59
1;0;1;1;1;0;0;1;0;1;1;0;0;1;1;1;0;1;0;1;0;0;0;1;0;1;0;0;0;1;0;1;0;1;0;0;0;1;0;0;1;13.26
1;0;1;1;1;0;0;1;0;1;1;0;0;1;1;1;0;0;1;1;0;0;0;1;0;1;0;0;0;1;0;1;0;1;0;0;0;1;0;0;1;13.95
1;0;1;1;1;0;0;1;0;1;1;0;0;1;1;1;0;1;0;1;0;0;0;0;1;1;0;0;0;1;0;1;0;1;0;0;0;1;0;0;1;14.06
1;0;1;1;1;0;0;1;0;1;1;0;0;1;1;1;0;0;1;1;0;0;0;0;1;1;0;0;0;1;0;1;0;1;0;0;0;1;0;0;1;13.62
1;0;1;1;1;0;0;1;0;1;1;0;0;1;1;1;0;1;0;1;1;0;0;0;0;1;0;0;0;0;1;1;0;1;0;0;0;1;0;0;1;13.91
1;0;1;1;1;0;0;1;0;1;1;0;0;1;1;1;0;0;1;1;1;0;0;0;0;1;0;0;0;0;1;1;0;1;0;0;0;1;0;0;1;13.48
1;0;1;1;1;0;0;1;0;1;1;0;0;1;1;1;0;1;0;1;0;1;0;0;0;1;0;0;0;0;1;1;0;1;0;0;0;1;0;0;1;13.95
1;0;1;1;1;0;0;1;0;1;1;0;0;1;1;1;0;1;0;1;0;0;1;0;0;1;0;0;0;0;1;1;0;1;0;0;0;1;0;0;1;13.53
1;0;1;1;1;0;0;1;0;1;1;0;0;1;1;1;0;1;0;1;0;0;0;1;0;1;0;0;0;0;1;1;0;1;0;0;0;1;0;0;1;14.19
1;0;1;1;1;0;0;1;0;1;1;0;0;1;1;1;0;1;0;1;0;0;0;0;1;1;0;0;0;0;1;1;0;1;0;0;0;1;0;0;1;13.18
1;0;1;1;1;0;0;1;0;1;1;0;0;1;1;1;0;1;0;1;1;0;0;0;0;1;1;0;0;0;0;1;0;0;1;0;0;1;0;0;1;10.64
1;0;1;1;1;0;0;1;0;1;1;0;0;1;1;1;0;0;1;1;1;0;0;0;0;1;1;0;0;0;0;1;0;0;1;0;0;1;0;0;1;10.45
1;0;1;1;1;0;0;1;0;1;1;0;0;1;1;1;0;1;0;1;0;1;0;0;0;1;1;0;0;0;0;1;0;0;1;0;0;1;0;0;1;10.42
1;0;1;1;1;0;0;1;0;1;1;0;0;1;1;1;0;0;1;1;0;1;0;0;0;1;1;0;0;0;0;1;0;0;1;0;0;1;0;0;1;11.63
1;0;1;1;1;0;0;1;0;1;1;0;0;1;1;1;0;1;0;1;0;0;1;0;0;1;1;0;0;0;0;1;0;0;1;0;0;1;0;0;1;10.27
1;0;1;1;1;0;0;1;0;1;1;0;0;1;1;1;0;0;1;1;0;0;1;0;0;1;1;0;0;0;0;1;0;0;1;0;0;1;0;0;1;10.68
1;0;1;1;1;0;0;1;0;1;1;0;0;1;1;1;0;1;0;1;0;0;0;1;0;1;1;0;0;0;0;1;0;0;1;0;0;1;0;0;1;10.3
1;0;1;1;1;0;0;1;0;1;1;0;0;1;1;1;0;1;0;1;0;0;0;0;1;1;1;0;0;0;0;1;0;0;1;0;0;1;0;0;1;10.48
1;0;1;1;1;0;0;1;0;1;1;0;0;1;1;1;0;1;0;1;0;1;0;0;0;1;0;1;0;0;0;1;0;0;1;0;0;1;0;0;1;6.41
1;0;1;1;1;0;0;1;0;1;1;0;0;1;1;1;0;1;0;1;0;0;1;0;0;1;0;1;0;0;0;1;0;0;1;0;0;1;0;0;1;6.1
1;0;1;1;1;0;0;1;0;1;1;0;0;1;1;1;0;0;1;1;0;0;1;0;0;1;0;1;0;0;0;1;0;0;1;0;0;1;0;0;1;6.2
1;0;1;1;1;0;0;1;0;1;1;0;0;1;1;1;0;1;0;1;0;0;0;1;0;1;0;1;0;0;0;1;0;0;1;0;0;1;0;0;1;6.1
1;0;1;1;1;0;0;1;0;1;1;0;0;1;1;1;0;1;0;1;0;0;0;0;1;1;0;1;0;0;0;1;0;0;1;0;0;1;0;0;1;6.74
1;0;1;1;1;0;0;1;0;1;1;0;0;1;1;1;0;0;1;1;0;0;0;0;1;1;0;1;0;0;0;1;0;0;1;0;0;1;0;0;1;5.94
1;0;1;1;1;0;0;1;0;1;1;0;0;1;1;1;0;0;1;1;1;0;0;0;0;1;0;0;1;0;0;1;0;0;1;0;0;1;0;0;1;5.98
1;0;1;1;1;0;0;1;0;1;1;0;0;1;1;1;0;1;0;1;0;1;0;0;0;1;0;0;1;0;0;1;0;0;1;0;0;1;0;0;1;5.98
1;0;1;1;1;0;0;1;0;1;1;0;0;1;1;1;0;1;0;1;0;0;1;0;0;1;0;0;1;0;0;1;0;0;1;0;0;1;0;0;1;6.05
1;0;1;1;1;0;0;1;0;1;1;0;0;1;1;1;0;0;1;1;0;0;1;0;0;1;0;0;1;0;0;1;0;0;1;0;0;1;0;0;1;6.05
1;0;1;1;1;0;0;1;0;1;1;0;0;1;1;1;0;1;0;1;0;0;0;1;0;1;0;0;1;0;0;1;0;0;1;0;0;1;0;0;1;6.25
1;0;1;1;1;0;0;1;0;1;1;0;0;1;1;1;0;0;1;1;0;0;0;1;0;1;0;0;1;0;0;1;0;0;1;0;0;1;0;0;1;6.03
1;0;1;1;1;0;0;1;0;1;1;0;0;1;1;1;0;1;0;1;0;0;0;0;1;1;0;0;1;0;0;1;0;0;1;0;0;1;0;0;1;6.09
1;0;1;1;1;0;0;1;0;1;1;0;0;1;1;1;0;0;1;1;0;0;0;0;1;1;0;0;1;0;0;1;0;0;1;0;0;1;0;0;1;6.17
1;0;1;1;1;0;0;1;0;1;1;0;0;1;1;1;0;1;0;1;1;0;0;0;0;1;0;0;0;1;0;1;0;0;1;0;0;1;0;0;1;6.49
1;0;1;1;1;0;0;1;0;1;1;0;0;1;1;1;0;0;1;1;1;0;0;0;0;1;0;0;0;1;0;1;0;0;1;0;0;1;0;0;1;6.31
1;0;1;1;1;0;0;1;0;1;1;0;0;1;1;1;0;1;0;1;0;1;0;0;0;1;0;0;0;1;0;1;0;0;1;0;0;1;0;0;1;6.05
1;0;1;1;1;0;0;1;0;1;1;0;0;1;1;1;0;1;0;1;0;0;0;1;0;1;0;0;0;1;0;1;0;0;1;0;0;1;0;0;1;5.94
1;0;1;1;1;0;0;1;0;1;1;0;0;1;1;1;0;0;1;1;0;0;0;1;0;1;0;0;0;1;0;1;0;0;1;0;0;1;0;0;1;6.73
1;0;1;1;1;0;0;1;0;1;1;0;0;1;1;1;0;1;0;1;0;0;0;0;1;1;0;0;0;1;0;1;0;0;1;0;0;1;0;0;1;6.32
1;0;1;1;1;0;0;1;0;1;1;0;0;1;1;1;0;0;1;1;1;0;0;0;0;1;0;0;0;0;1;1;0;0;1;0;0;1;0;0;1;6.03
1;0;1;1;1;0;0;1;0;1;1;0;0;1;1;1;0;1;0;1;0;1;0;0;0;1;0;0;0;0;1;1;0;0;1;0;0;1;0;0;1;6.46
1;0;1;1;1;0;0;1;0;1;1;0;0;1;1;1;0;1;0;1;0;0;1;0;0;1;0;0;0;0;1;1;0;0;1;0;0;1;0;0;1;5.89
1;0;1;1;1;0;0;1;0;1;1;0;0;1;1;1;0;1;0;1;0;0;0;1;0;1;0;0;0;0;1;1;0;0;1;0;0;1;0;0;1;5.95
1;0;1;1;1;0;0;1;0;1;1;0;0;1;1;1;0;0;1;1;0;0;0;1;0;1;0;0;0;0;1;1;0;0;1;0;0;1;0;0;1;7.15
1;0;1;1;1;0;0;1;0;1;1;0;0;1;1;1;0;1;0;1;0;0;0;0;1;1;0;0;0;0;1;1;0;0;1;0;0;1;0;0;1;6.09
1;0;1;1;1;0;0;1;0;1;1;0;0;1;1;1;0;1;0;1;1;0;0;0;0;1;1;0;0;0;0;1;0;0;0;1;0;1;0;0;1;1.93
1;0;1;1;1;0;0;1;0;1;1;0;0;1;1;1;0;0;1;1;1;0;0;0;0;1;1;0;0;0;0;1;0;0;0;1;0;1;0;0;1;1.99
1;0;1;1;1;0;0;1;0;1;1;0;0;1;1;1;0;1;0;1;0;1;0;0;0;1;1;0;0;0;0;1;0;0;0;1;0;1;0;0;1;1.98
1;0;1;1;1;0;0;1;0;1;1;0;0;1;1;1;0;0;1;1;0;1;0;0;0;1;1;0;0;0;0;1;0;0;0;1;0;1;0;0;1;2.08
1;0;1;1;1;0;0;1;0;1;1;0;0;1;1;1;0;1;0;1;0;0;1;0;0;1;1;0;0;0;0;1;0;0;0;1;0;1;0;0;1;1.97
1;0;1;1;1;0;0;1;0;1;1;0;0;1;1;1;0;1;0;1;0;0;0;1;0;1;1;0;0;0;0;1;0;0;0;1;0;1;0;0;1;2.1
1;0;1;1;1;0;0;1;0;1;1;0;0;1;1;1;0;1;0;1;0;0;0;0;1;1;1;0;0;0;0;1;0;0;0;1;0;1;0;0;1;1.94
1;0;1;1;1;0;0;1;0;1;1;0;0;1;1;1;0;0;1;1;0;0;0;0;1;1;1;0;0;0;0;1;0;0;0;1;0;1;0;0;1;2.08
1;0;1;1;1;0;0;1;0;1;1;0;0;1;1;1;0;1;0;1;0;1;0;0;0;1;0;1;0;0;0;1;0;0;0;1;0;1;0;0;1;1.5
1;0;1;1;1;0;0;1;0;1;1;0;0;1;1;1;0;0;1;1;0;1;0;0;0;1;0;1;0;0;0;1;0;0;0;1;0;1;0;0;1;1.54
1;0;1;1;1;0;0;1;0;1;1;0;0;1;1;1;0;0;1;1;0;0;1;0;0;1;0;1;0;0;0;1;0;0;0;1;0;1;0;0;1;1.53
1;0;1;1;1;0;0;1;0;1;1;0;0;1;1;1;0;1;0;1;0;0;0;1;0;1;0;1;0;0;0;1;0;0;0;1;0;1;0;0;1;1.52
1;0;1;1;1;0;0;1;0;1;1;0;0;1;1;1;0;0;1;1;0;0;0;1;0;1;0;1;0;0;0;1;0;0;0;1;0;1;0;0;1;1.51
1;0;1;1;1;0;0;1;0;1;1;0;0;1;1;1;0;1;0;1;0;0;0;0;1;1;0;1;0;0;0;1;0;0;0;1;0;1;0;0;1;1.53
1;0;1;1;1;0;0;1;0;1;1;0;0;1;1;1;0;0;1;1;0;0;0;0;1;1;0;1;0;0;0;1;0;0;0;1;0;1;0;0;1;1.52
1;0;1;1;1;0;0;1;0;1;1;0;0;1;1;1;0;1;0;1;1;0;0;0;0;1;0;0;1;0;0;1;0;0;0;1;0;1;0;0;1;1.5
1;0;1;1;1;0;0;1;0;1;1;0;0;1;1;1;0;0;1;1;1;0;0;0;0;1;0;0;1;0;0;1;0;0;0;1;0;1;0;0;1;1.53
1;0;1;1;1;0;0;1;0;1;1;0;0;1;1;1;0;1;0;1;0;1;0;0;0;1;0;0;1;0;0;1;0;0;0;1;0;1;0;0;1;1.52
1;0;1;1;1;0;0;1;0;1;1;0;0;1;1;1;0;0;1;1;0;1;0;0;0;1;0;0;1;0;0;1;0;0;0;1;0;1;0;0;1;1.53
1;0;1;1;1;0;0;1;0;1;1;0;0;1;1;1;0;1;0;1;0;0;1;0;0;1;0;0;1;0;0;1;0;0;0;1;0;1;0;0;1;1.52
1;0;1;1;1;0;0;1;0;1;1;0;0;1;1;1;0;1;0;1;0;0;0;1;0;1;0;0;1;0;0;1;0;0;0;1;0;1;0;0;1;1.62
1;0;1;1;1;0;0;1;0;1;1;0;0;1;1;1;0;0;1;1;0;0;0;1;0;1;0;0;1;0;0;1;0;0;0;1;0;1;0;0;1;1.51
1;0;1;1;1;0;0;1;0;1;1;0;0;1;1;1;0;1;0;1;0;0;0;0;1;1;0;0;1;0;0;1;0;0;0;1;0;1;0;0;1;1.5
1;0;1;1;1;0;0;1;0;1;1;0;0;1;1;1;0;0;1;1;0;0;0;0;1;1;0;0;1;0;0;1;0;0;0;1;0;1;0;0;1;1.63
1;0;1;1;1;0;0;1;0;1;1;0;0;1;1;1;0;0;1;1;1;0;0;0;0;1;0;0;0;1;0;1;0;0;0;1;0;1;0;0;1;1.57
1;0;1;1;1;0;0;1;0;1;1;0;0;1;1;1;0;1;0;1;0;1;0;0;0;1;0;0;0;1;0;1;0;0;0;1;0;1;0;0;1;1.53
1;0;1;1;1;0;0;1;0;1;1;0;0;1;1;1;0;1;0;1;0;0;1;0;0;1;0;0;0;1;0;1;0;0;0;1;0;1;0;0;1;1.59
1;0;1;1;1;0;0;1;0;1;1;0;0;1;1;1;0;1;0;1;0;0;0;1;0;1;0;0;0;1;0;1;0;0;0;1;0;1;0;0;1;1.53
1;0;1;1;1;0;0;1;0;1;1;0;0;1;1;1;0;0;1;1;0;0;0;1;0;1;0;0;0;1;0;1;0;0;0;1;0;1;0;0;1;1.51
1;0;1;1;1;0;0;1;0;1;1;0;0;1;1;1;0;1;0;1;0;0;0;0;1;1;0;0;0;1;0;1;0;0;0;1;0;1;0;0;1;1.52
1;0;1;1;1;0;0;1;0;1;1;0;0;1;1;1;0;0;1;1;0;0;0;0;1;1;0;0;0;1;0;1;0;0;0;1;0;1;0;0;1;1.52
1;0;1;1;1;0;0;1;0;1;1;0;0;1;1;1;0;1;0;1;0;1;0;0;0;1;0;0;0;0;1;1;0;0;0;1;0;1;0;0;1;1.53
1;0;1;1;1;0;0;1;0;1;1;0;0;1;1;1;0;0;1;1;0;1;0;0;0;1;0;0;0;0;1;1;0;0;0;1;0;1;0;0;1;1.53
1;0;1;1;1;0;0;1;0;1;1;0;0;1;1;1;0;1;0;1;0;0;1;0;0;1;0;0;0;0;1;1;0;0;0;1;0;1;0;0;1;1.57
1;0;1;1;1;0;0;1;0;1;1;0;0;1;1;1;0;1;0;1;0;0;0;0;1;1;0;0;0;0;1;1;0;0;0;1;0;1;0;0;1;1.53
1;0;1;1;1;0;0;1;0;1;1;0;0;1;1;1;0;1;0;1;1;0;0;0;0;1;1;0;0;0;0;1;0;0;0;0;1;1;0;0;1;1.9
1;0;1;1;1;0;0;1;0;1;1;0;0;1;1;1;0;0;1;1;1;0;0;0;0;1;1;0;0;0;0;1;0;0;0;0;1;1;0;0;1;1.9
1;0;1;1;1;0;0;1;0;1;1;0;0;1;1;1;0;1;0;1;0;1;0;0;0;1;1;0;0;0;0;1;0;0;0;0;1;1;0;0;1;1.91
1;0;1;1;1;0;0;1;0;1;1;0;0;1;1;1;0;0;1;1;0;1;0;0;0;1;1;0;0;0;0;1;0;0;0;0;1;1;0;0;1;1.9
1;0;1;1;1;0;0;1;0;1;1;0;0;1;1;1;0;1;0;1;0;0;1;0;0;1;1;0;0;0;0;1;0;0;0;0;1;1;0;0;1;1.9
1;0;1;1;1;0;0;1;0;1;1;0;0;1;1;1;0;0;1;1;0;0;1;0;0;1;1;0;0;0;0;1;0;0;0;0;1;1;0;0;1;1.94
1;0;1;1;1;0;0;1;0;1;1;0;0;1;1;1;0;1;0;1;0;0;0;1;0;1;1;0;0;0;0;1;0;0;0;0;1;1;0;0;1;1.78
1;0;1;1;1;0;0;1;0;1;1;0;0;1;1;1;0;0;1;1;0;0;0;1;0;1;1;0;0;0;0;1;0;0;0;0;1;1;0;0;1;1.8
1;0;1;1;1;0;0;1;0;1;1;0;0;1;1;1;0;1;0;1;0;0;0;0;1;1;1;0;0;0;0;1;0;0;0;0;1;1;0;0;1;1.77
1;0;1;1;1;0;0;1;0;1;1;0;0;1;1;1;0;1;0;1;1;0;0;0;0;1;0;1;0;0;0;1;0;0;0;0;1;1;0;0;1;1.44
1;0;1;1;1;0;0;1;0;1;1;0;0;1;1;1;0;1;0;1;0;1;0;0;0;1;0;1;0;0;0;1;0;0;0;0;1;1;0;0;1;1.46
1;0;1;1;1;0;0;1;0;1;1;0;0;1;1;1;0;1;0;1;0;0;1;0;0;1;0;1;0;0;0;1;0;0;0;0;1;1;0;0;1;1.46
1;0;1;1;1;0;0;1;0;1;1;0;0;1;1;1;0;1;0;1;0;0;0;1;0;1;0;1;0;0;0;1;0;0;0;0;1;1;0;0;1;1.47
1;0;1;1;1;0;0;1;0;1;1;0;0;1;1;1;0;1;0;1;0;0;0;0;1;1;0;1;0;0;0;1;0;0;0;0;1;1;0;0;1;1.46
1;0;1;1;1;0;0;1;0;1;1;0;0;1;1;1;0;0;1;1;0;0;0;0;1;1;0;1;0;0;0;1;0;0;0;0;1;1;0;0;1;1.47
1;0;1;1;1;0;0;1;0;1;1;0;0;1;1;1;0;1;0;1;1;0;0;0;0;1;0;0;1;0;0;1;0;0;0;0;1;1;0;0;1;1.47
1;0;1;1;1;0;0;1;0;1;1;0;0;1;1;1;0;1;0;1;0;1;0;0;0;1;0;0;1;0;0;1;0;0;0;0;1;1;0;0;1;1.47
1;0;1;1;1;0;0;1;0;1;1;0;0;1;1;1;0;0;1;1;0;1;0;0;0;1;0;0;1;0;0;1;0;0;0;0;1;1;0;0;1;1.47
1;0;1;1;1;0;0;1;0;1;1;0;0;1;1;1;0;1;0;1;0;0;1;0;0;1;0;0;1;0;0;1;0;0;0;0;1;1;0;0;1;1.49
1;0;1;1;1;0;0;1;0;1;1;0;0;1;1;1;0;1;0;1;0;0;0;1;0;1;0;0;1;0;0;1;0;0;0;0;1;1;0;0;1;1.55
1;0;1;1;1;0;0;1;0;1;1;0;0;1;1;1;0;0;1;1;0;0;0;1;0;1;0;0;1;0;0;1;0;0;0;0;1;1;0;0;1;1.49
1;0;1;1;1;0;0;1;0;1;1;0;0;1;1;1;0;1;0;1;0;0;0;0;1;1;0;0;1;0;0;1;0;0;0;0;1;1;0;0;1;1.48
1;0;1;1;1;0;0;1;0;1;1;0;0;1;1;1;0;0;1;1;0;0;0;0;1;1;0;0;1;0;0;1;0;0;0;0;1;1;0;0;1;1.48
1;0;1;1;1;0;0;1;0;1;1;0;0;1;1;1;0;1;0;1;1;0;0;0;0;1;0;0;0;1;0;1;0;0;0;0;1;1;0;0;1;1.49
1;0;1;1;1;0;0;1;0;1;1;0;0;1;1;1;0;0;1;1;1;0;0;0;0;1;0;0;0;1;0;1;0;0;0;0;1;1;0;0;1;1.48
1;0;1;1;1;0;0;1;0;1;1;0;0;1;1;1;0;1;0;1;0;1;0;0;0;1;0;0;0;1;0;1;0;0;0;0;1;1;0;0;1;1.54
1;0;1;1;1;0;0;1;0;1;1;0;0;1;1;1;0;1;0;1;0;0;0;1;0;1;0;0;0;1;0;1;0;0;0;0;1;1;0;0;1;1.46
1;0;1;1;1;0;0;1;0;1;1;0;0;1;1;1;0;0;1;1;0;0;0;1;0;1;0;0;0;1;0;1;0;0;0;0;1;1;0;0;1;1.47
1;0;1;1;1;0;0;1;0;1;1;0;0;1;1;1;0;1;0;1;0;0;0;0;1;1;0;0;0;1;0;1;0;0;0;0;1;1;0;0;1;1.57
1;0;1;1;1;0;0;1;0;1;1;0;0;1;1;1;0;0;1;1;0;0;0;0;1;1;0;0;0;1;0;1;0;0;0;0;1;1;0;0;1;1.46
1;0;1;1;1;0;0;1;0;1;1;0;0;1;1;1;0;1;0;1;1;0;0;0;0;1;0;0;0;0;1;1;0;0;0;0;1;1;0;0;1;1.47
1;0;1;1;1;0;0;1;0;1;1;0;0;1;1;1;0;1;0;1;0;1;0;0;0;1;0;0;0;0;1;1;0;0;0;0;1;1;0;0;1;1.47
1;0;1;1;1;0;0;1;0;1;1;0;0;1;1;1;0;1;0;1;0;0;1;0;0;1;0;0;0;0;1;1;0;0;0;0;1;1;0;0;1;1.48
1;0;1;1;1;0;0;1;0;1;1;0;0;1;1;1;0;1;0;1;0;0;0;1;0;1;0;0;0;0;1;1;0;0;0;0;1;1;0;0;1;1.47
1;0;1;1;1;0;0;1;0;1;1;0;0;1;1;1;0;0;1;1;0;0;0;1;0;1;0;0;0;0;1;1;0;0;0;0;1;1;0;0;1;1.48
1;0;1;1;1;0;0;1;0;1;1;0;0;1;1;1;0;1;0;1;0;0;0;0;1;1;0;0;0;0;1;1;0;0;0;0;1;1;0;0;1;1.48
1;0;1;0;1;0;1;0;0;1;1;0;0;1;0;1;1;0;0;1;0;0;0;1;0;1;0;0;0;1;0;1;0;1;0;0;0;1;0;1;0;13.75
1;0;1;0;1;0;1;0;0;1;1;0;0;1;0;1;1;0;0;1;0;0;0;0;1;1;0;0;1;0;0;1;0;0;1;0;0;1;0;1;0;5.87
1;0;1;0;1;0;1;0;0;1;1;0;0;1;0;1;1;0;0;1;0;0;0;1;0;1;0;0;0;1;0;1;0;0;1;0;0;1;0;1;0;5.87
1;0;1;0;1;0;1;0;0;1;1;0;0;1;0;1;1;0;0;1;0;0;0;0;1;1;0;0;0;1;0;1;0;0;1;0;0;1;0;1;0;5.9
1;0;1;0;1;0;1;0;0;1;1;0;0;1;0;1;1;0;0;1;0;0;0;0;1;1;0;1;0;0;0;1;0;0;0;1;0;1;0;1;0;1.57
1;0;1;0;1;0;1;0;0;1;1;0;0;1;0;1;1;0;0;1;0;0;0;1;0;1;0;0;1;0;0;1;0;0;0;1;0;1;0;1;0;1.57
1;0;1;0;1;0;1;0;0;1;1;0;0;1;0;1;1;0;0;1;0;0;0;0;1;1;0;0;1;0;0;1;0;0;0;1;0;1;0;1;0;1.57
1;0;1;0;1;0;1;0;0;1;1;0;0;1;0;1;1;0;0;1;1;0;0;0;0;1;0;0;1;0;0;1;0;0;0;0;1;1;0;1;0;1.53
1;0;1;0;1;0;1;0;0;1;1;0;0;1;0;1;1;0;0;1;1;0;0;0;0;1;0;0;0;1;0;1;0;0;0;0;1;1;0;1;0;1.53
1;0;1;0;1;0;1;0;0;1;1;0;0;1;0;1;1;0;0;1;0;0;0;0;1;1;0;0;0;1;0;1;0;0;0;0;1;1;0;1;0;1.49
1;0;1;0;1;0;1;0;0;1;1;0;0;1;0;1;1;0;0;1;0;0;0;1;0;1;0;1;0;0;0;1;0;1;0;0;0;1;0;1;0;13.64
1;0;1;0;1;0;1;0;0;1;1;0;0;0;1;1;0;1;0;1;0;1;0;0;0;1;0;0;0;0;1;1;0;0;0;0;1;1;0;1;0;0.28
1;0;1;1;1;0;1;0;0;1;1;0;0;0;0;1;1;0;0;1;0;0;0;0;1;1;0;0;1;0;0;1;1;0;0;0;0;1;0;1;0;22.45
1;0;1;1;1;0;1;0;0;1;1;0;0;0;0;1;1;0;0;1;0;1;0;0;0;1;0;0;0;1;0;1;1;0;0;0;0;1;0;1;0;19.4
1;0;1;1;1;0;1;0;0;1;1;0;0;0;0;1;1;0;0;1;1;0;0;0;0;1;1;0;0;0;0;1;0;1;0;0;0;1;0;1;0;8.45
1;0;1;1;1;0;1;0;0;1;1;0;0;0;0;1;1;0;0;1;1;0;0;0;0;1;0;1;0;0;0;1;0;1;0;0;0;1;0;1;0;5.02
1;0;1;1;1;0;1;0;0;1;1;0;0;0;0;1;1;0;0;1;0;1;0;0;0;1;0;1;0;0;0;1;0;1;0;0;0;1;0;1;0;5.53
1;0;1;1;1;0;1;0;0;1;1;0;0;0;0;1;1;0;0;1;0;1;0;0;0;1;0;0;0;1;0;1;0;1;0;0;0;1;0;1;0;5.48
1;0;1;1;1;0;1;0;0;1;1;0;0;0;0;1;1;0;0;1;0;1;0;0;0;1;0;1;0;0;0;1;0;0;1;0;0;1;0;1;0;2.84
1;0;1;1;1;0;1;0;0;1;1;0;0;0;0;1;1;0;0;1;0;1;0;0;0;1;0;0;0;1;0;1;0;0;1;0;0;1;0;1;0;2.98
1;0;1;1;1;0;1;0;0;1;1;0;0;0;0;1;1;0;0;1;1;0;0;0;0;1;0;0;1;0;0;1;0;0;0;1;0;1;0;1;0;0.29
1;0;1;1;1;0;1;0;0;1;1;0;0;0;0;1;1;0;0;1;0;0;0;1;0;1;0;0;0;0;1;1;0;0;0;1;0;1;0;1;0;0.35
1;0;1;1;1;0;0;1;0;1;1;0;0;1;1;1;0;1;0;1;1;0;0;0;0;1;1;0;0;0;0;1;1;0;0;0;0;1;1;0;0;90.73
1;0;1;1;1;0;0;1;0;1;1;0;0;1;1;1;0;1;0;1;0;1;0;0;0;1;1;0;0;0;0;1;1;0;0;0;0;1;1;0;0;90.03
1;0;1;1;1;0;0;1;0;1;1;0;0;1;1;1;0;1;0;1;0;0;1;0;0;1;1;0;0;0;0;1;1;0;0;0;0;1;1;0;0;89.92
1;0;1;1;1;0;0;1;0;1;1;0;0;1;1;1;0;1;0;1;0;0;0;0;1;1;1;0;0;0;0;1;1;0;0;0;0;1;1;0;0;90.4
1;0;1;1;1;0;0;1;0;1;1;0;0;1;1;1;0;1;0;1;1;0;0;0;0;1;0;1;0;0;0;1;1;0;0;0;0;1;1;0;0;90.23
1;0;1;1;1;0;0;1;0;1;1;0;0;1;1;1;0;1;0;1;0;1;0;0;0;1;0;1;0;0;0;1;1;0;0;0;0;1;1;0;0;89.8
1;0;1;1;1;0;0;1;0;1;1;0;0;1;1;1;0;1;0;1;0;0;1;0;0;1;0;1;0;0;0;1;1;0;0;0;0;1;1;0;0;90.03
1;0;1;1;1;0;0;1;0;1;1;0;0;1;1;1;0;1;0;1;0;0;0;0;1;1;0;1;0;0;0;1;1;0;0;0;0;1;1;0;0;91
1;0;1;1;1;0;0;1;0;1;1;0;0;1;1;1;0;1;0;1;1;0;0;0;0;1;0;0;1;0;0;1;1;0;0;0;0;1;1;0;0;91.04
1;0;1;1;1;0;0;1;0;1;1;0;0;1;1;1;0;1;0;1;0;1;0;0;0;1;0;0;1;0;0;1;1;0;0;0;0;1;1;0;0;90.19
1;0;1;1;1;0;0;1;0;1;1;0;0;1;1;1;0;1;0;1;0;0;1;0;0;1;0;0;1;0;0;1;1;0;0;0;0;1;1;0;0;91.38
1;0;1;1;1;0;0;1;0;1;1;0;0;1;1;1;0;1;0;1;0;0;0;1;0;1;0;0;1;0;0;1;1;0;0;0;0;1;1;0;0;90.02
1;0;1;1;1;0;0;1;0;1;1;0;0;1;1;1;0;1;0;1;0;0;0;0;1;1;0;0;1;0;0;1;1;0;0;0;0;1;1;0;0;89.77
1;0;1;1;1;0;0;1;0;1;1;0;0;1;1;1;0;1;0;1;1;0;0;0;0;1;0;0;0;1;0;1;1;0;0;0;0;1;1;0;0;89.7
1;0;1;1;1;0;0;1;0;1;1;0;0;1;1;1;0;1;0;1;0;1;0;0;0;1;0;0;0;1;0;1;1;0;0;0;0;1;1;0;0;89.78
1;0;1;1;1;0;0;1;0;1;1;0;0;1;1;1;0;1;0;1;0;0;1;0;0;1;0;0;0;1;0;1;1;0;0;0;0;1;1;0;0;89.83
1;0;1;1;1;0;0;1;0;1;1;0;0;1;1;1;0;1;0;1;0;0;0;1;0;1;0;0;0;1;0;1;1;0;0;0;0;1;1;0;0;89.68
1;0;1;1;1;0;0;1;0;1;1;0;0;1;1;1;0;1;0;1;0;0;0;0;1;1;0;0;0;1;0;1;1;0;0;0;0;1;1;0;0;90.01
1;0;1;1;1;0;0;1;0;1;1;0;0;1;1;1;0;1;0;1;1;0;0;0;0;1;0;0;0;0;1;1;1;0;0;0;0;1;1;0;0;89.79
1;0;1;1;1;0;0;1;0;1;1;0;0;1;1;1;0;1;0;1;0;1;0;0;0;1;0;0;0;0;1;1;1;0;0;0;0;1;1;0;0;89.96
1;0;1;1;1;0;0;1;0;1;1;0;0;1;1;1;0;1;0;1;0;0;1;0;0;1;0;0;0;0;1;1;1;0;0;0;0;1;1;0;0;90.09
1;0;1;1;1;0;0;1;0;1;1;0;0;1;1;1;0;1;0;1;0;0;0;1;0;1;0;0;0;0;1;1;1;0;0;0;0;1;1;0;0;89.94
1;0;1;1;1;0;0;1;0;1;1;0;0;1;1;1;0;1;0;1;0;0;0;0;1;1;0;0;0;0;1;1;1;0;0;0;0;1;1;0;0;90.49
1;0;1;1;1;0;0;1;0;1;1;0;0;1;1;1;0;1;0;1;1;0;0;0;0;1;1;0;0;0;0;1;0;1;0;0;0;1;1;0;0;39.34
1;0;1;1;1;0;0;1;0;1;1;0;0;1;1;1;0;1;0;1;0;1;0;0;0;1;1;0;0;0;0;1;0;1;0;0;0;1;1;0;0;39.3
1;0;1;1;1;0;0;1;0;1;1;0;0;1;1;1;0;1;0;1;0;0;0;1;0;1;1;0;0;0;0;1;0;1;0;0;0;1;1;0;0;39.31
1;0;1;1;1;0;0;1;0;1;1;0;0;1;1;1;0;1;0;1;0;0;0;0;1;1;1;0;0;0;0;1;0;1;0;0;0;1;1;0;0;40.03
1;0;1;1;1;0;0;1;0;1;1;0;0;1;1;1;0;1;0;1;1;0;0;0;0;1;0;1;0;0;0;1;0;1;0;0;0;1;1;0;0;39.16
1;0;1;1;1;0;0;1;0;1;1;0;0;1;1;1;0;1;0;1;0;1;0;0;0;1;0;1;0;0;0;1;0;1;0;0;0;1;1;0;0;39.54
1;0;1;1;1;0;0;1;0;1;1;0;0;1;1;1;0;1;0;1;0;0;1;0;0;1;0;1;0;0;0;1;0;1;0;0;0;1;1;0;0;39.23
1;0;1;1;1;0;0;1;0;1;1;0;0;1;1;1;0;1;0;1;0;0;0;1;0;1;0;1;0;0;0;1;0;1;0;0;0;1;1;0;0;39.21
1;0;1;1;1;0;0;1;0;1;1;0;0;1;1;1;0;1;0;1;0;0;0;0;1;1;0;1;0;0;0;1;0;1;0;0;0;1;1;0;0;40.9
1;0;1;1;1;0;0;1;0;1;1;0;0;1;1;1;0;1;0;1;1;0;0;0;0;1;0;0;1;0;0;1;0;1;0;0;0;1;1;0;0;39.25
1;0;1;1;1;0;0;1;0;1;1;0;0;1;1;1;0;1;0;1;0;1;0;0;0;1;0;0;1;0;0;1;0;1;0;0;0;1;1;0;0;39.54
1;0;1;1;1;0;0;1;0;1;1;0;0;1;1;1;0;1;0;1;0;0;1;0;0;1;0;0;1;0;0;1;0;1;0;0;0;1;1;0;0;39.18
1;0;1;1;1;0;0;1;0;1;1;0;0;1;1;1;0;1;0;1;0;0;0;1;0;1;0;0;1;0;0;1;0;1;0;0;0;1;1;0;0;39.57
1;0;1;1;1;0;0;1;0;1;1;0;0;1;1;1;0;1;0;1;0;0;0;0;1;1;0;0;1;0;0;1;0;1;0;0;0;1;1;0;0;39.25
1;0;1;1;1;0;0;1;0;1;1;0;0;1;1;1;0;1;0;1;1;0;0;0;0;1;0;0;0;1;0;1;0;1;0;0;0;1;1;0;0;39.36
1;0;1;1;1;0;0;1;0;1;1;0;0;1;1;1;0;1;0;1;0;1;0;0;0;1;0;0;0;1;0;1;0;1;0;0;0;1;1;0;0;39.4
1;0;1;0;1;1;0;0;0;1;1;0;0;0;1;1;0;1;0;1;0;0;0;0;1;1;0;0;0;1;0;1;0;1;0;0;0;1;0;1;0;5.75
1;0;1;0;1;1;0;0;0;1;1;0;0;0;1;1;0;1;0;1;1;0;0;0;0;1;0;0;0;0;1;1;0;1;0;0;0;1;0;1;0;4.64
1;0;1;0;1;1;0;0;0;1;1;0;0;0;1;1;0;1;0;1;0;0;0;1;0;1;0;0;0;0;1;1;0;1;0;0;0;1;0;1;0;5.56
1;0;1;0;1;1;0;0;0;1;1;0;0;0;1;1;0;1;0;1;0;0;0;1;0;1;1;0;0;0;0;1;0;0;1;0;0;1;0;1;0;4.85
1;0;1;0;1;1;0;0;0;1;1;0;0;0;1;1;0;1;0;1;0;0;0;0;1;1;1;0;0;0;0;1;0;0;1;0;0;1;0;1;0;4.88
1;0;1;0;1;1;0;0;0;1;1;0;0;0;1;1;0;1;0;1;1;0;0;0;0;1;0;1;0;0;0;1;0;0;1;0;0;1;0;1;0;2.56
1;0;1;0;1;1;0;0;0;1;1;0;0;0;1;1;0;1;0;1;1;0;0;0;0;1;0;0;1;0;0;1;0;0;1;0;0;1;0;1;0;2.58
1;0;1;0;1;1;0;0;0;1;1;0;0;0;1;1;0;1;0;1;0;0;0;1;0;1;0;0;1;0;0;1;0;0;1;0;0;1;0;1;0;3
1;0;1;0;1;1;0;0;0;1;1;0;0;0;1;1;0;1;0;1;0;0;0;0;1;1;0;0;1;0;0;1;0;0;1;0;0;1;0;1;0;3.15
1;0;1;0;1;1;0;0;0;1;1;0;0;0;1;1;0;1;0;1;0;0;0;1;0;1;0;0;0;1;0;1;0;0;1;0;0;1;0;1;0;3.01
1;0;1;0;1;1;0;0;0;1;1;0;0;0;1;1;0;1;0;1;0;1;0;0;0;1;0;0;0;0;1;1;0;0;1;0;0;1;0;1;0;2.67
1;0;1;0;1;1;0;0;0;1;1;0;0;0;1;1;0;1;0;1;0;0;0;1;0;1;0;0;0;0;1;1;0;0;1;0;0;1;0;1;0;3.01
1;0;1;0;1;1;0;0;0;1;1;0;0;0;1;1;0;1;0;1;0;0;0;0;1;1;0;1;0;0;0;1;0;0;0;1;0;1;0;1;0;0.31
1;0;1;0;1;1;0;0;0;1;1;0;0;0;1;1;0;1;0;1;0;0;1;0;0;1;0;0;1;0;0;1;0;0;0;1;0;1;0;1;0;0.29
1;0;1;0;1;1;0;0;0;1;1;0;0;0;1;1;0;1;0;1;0;0;0;0;1;1;0;0;1;0;0;1;0;0;0;1;0;1;0;1;0;0.32
1;0;1;0;1;1;0;0;0;1;1;0;0;0;1;1;0;1;0;1;0;0;0;0;1;1;0;0;0;1;0;1;0;0;0;1;0;1;0;1;0;0.33
1;0;1;0;1;1;0;0;0;1;1;0;0;0;1;1;0;1;0;1;0;1;0;0;0;1;1;0;0;0;0;1;0;0;0;0;1;1;0;1;0;0.32
1;0;1;0;1;1;0;0;0;1;1;0;0;0;1;1;0;1;0;1;0;0;0;1;0;1;1;0;0;0;0;1;0;0;0;0;1;1;0;1;0;0.4
1;0;1;0;1;1;0;0;0;1;1;0;0;0;1;1;0;1;0;1;1;0;0;0;0;1;0;1;0;0;0;1;0;0;0;0;1;1;0;1;0;0.21
1;0;1;0;1;1;0;0;0;1;1;0;0;0;1;1;0;1;0;1;0;1;0;0;0;1;0;1;0;0;0;1;0;0;0;0;1;1;0;1;0;0.2
1;0;1;0;1;1;0;0;0;1;1;0;0;0;1;1;0;1;0;1;1;0;0;0;0;1;0;0;1;0;0;1;0;0;0;0;1;1;0;1;0;0.2
1;0;1;0;1;1;0;0;0;1;1;0;0;0;1;1;0;1;0;1;0;1;0;0;0;1;0;0;1;0;0;1;0;0;0;0;1;1;0;1;0;0.2
1;0;1;0;1;1;0;0;0;1;1;0;0;0;1;1;0;1;0;1;0;0;0;0;1;1;0;0;1;0;0;1;0;0;0;0;1;1;0;1;0;0.27
1;0;1;0;1;1;0;0;0;1;1;0;0;0;1;1;0;1;0;1;0;1;0;0;0;1;0;0;0;1;0;1;0;0;0;0;1;1;0;1;0;0.21
1;0;1;0;1;1;0;0;0;1;1;0;0;0;1;1;0;1;0;1;0;0;0;0;1;1;0;0;0;1;0;1;0;0;0;0;1;1;0;1;0;0.24
1;0;1;0;1;1;0;0;0;1;1;0;0;0;1;1;0;1;0;1;1;0;0;0;0;1;0;0;0;0;1;1;0;0;0;0;1;1;0;1;0;0.22
1;0;1;0;1;1;0;0;0;1;1;0;0;0;1;1;0;1;0;1;0;0;0;1;0;1;1;0;0;0;0;1;1;0;0;0;0;1;0;1;0;31.28
1;0;1;0;1;1;0;0;0;1;1;0;0;0;1;1;0;1;0;1;1;0;0;0;0;1;0;1;0;0;0;1;1;0;0;0;0;1;0;1;0;15.86
1;0;1;0;1;1;0;0;0;1;1;0;0;0;1;1;0;1;0;1;0;0;0;0;1;1;0;1;0;0;0;1;1;0;0;0;0;1;0;1;0;20.18
1;0;1;0;1;1;0;0;0;1;1;0;0;0;1;1;0;1;0;1;1;0;0;0;0;1;0;0;1;0;0;1;1;0;0;0;0;1;0;1;0;15.57
1;0;1;0;1;1;0;0;0;1;1;0;0;0;1;1;0;1;0;1;0;0;0;1;0;1;0;0;1;0;0;1;1;0;0;0;0;1;0;1;0;19.73
1;0;1;0;1;1;0;0;0;1;1;0;0;0;1;1;0;1;0;1;0;0;1;0;0;1;1;0;0;0;0;1;0;1;0;0;0;1;0;1;0;9.12
1;0;1;0;1;1;0;0;0;1;1;0;0;0;1;1;0;1;0;1;1;0;0;0;0;1;0;0;1;0;0;1;0;1;0;0;0;1;0;1;0;4.65
1;0;1;0;1;1;0;0;0;1;1;0;0;0;1;1;0;1;0;1;0;0;0;1;0;1;0;0;1;0;0;1;0;1;0;0;0;1;0;1;0;5.56
1;0;1;1;1;1;0;0;0;1;1;0;0;0;0;1;1;0;0;1;0;0;0;1;0;1;1;0;0;0;0;1;1;0;0;0;0;1;0;1;0;32.31
1;0;1;1;1;1;0;0;0;1;1;0;0;0;0;1;1;0;0;1;0;0;0;0;1;1;1;0;0;0;0;1;1;0;0;0;0;1;0;1;0;32.64
1;0;1;1;1;1;0;0;0;1;1;0;0;0;0;1;1;0;0;1;0;0;0;0;1;1;0;1;0;0;0;1;1;0;0;0;0;1;0;1;0;20.27
1;0;1;1;1;1;0;0;0;1;1;0;0;0;0;1;1;0;0;1;0;0;0;0;1;1;1;0;0;0;0;1;0;0;0;1;0;1;0;1;0;0.5
1;0;1;1;1;1;0;0;0;1;1;0;0;0;0;1;1;0;0;1;0;0;0;0;1;1;0;1;0;0;0;1;0;0;0;1;0;1;0;1;0;0.31
1;0;1;1;1;1;0;0;0;1;1;0;0;0;0;1;1;0;0;1;0;0;0;1;0;1;0;0;0;0;1;1;0;0;0;1;0;1;0;1;0;0.27
1;0;1;1;1;1;0;0;0;1;1;0;0;0;0;1;1;0;0;1;0;0;0;0;1;1;1;0;0;0;0;1;0;0;0;0;1;1;0;1;0;0.36
1;0;1;1;1;1;0;0;0;1;1;0;0;0;0;1;1;0;0;1;0;0;0;1;0;1;0;0;0;1;0;1;0;0;0;0;1;1;0;1;0;0.22
1;0;1;1;1;1;0;0;0;1;1;0;0;0;0;1;1;0;0;1;0;0;0;1;0;1;0;0;0;0;1;1;0;0;0;0;1;1;0;1;0;0.24
1;0;1;0;1;1;0;0;0;1;1;0;0;1;0;1;1;0;0;1;0;0;0;0;1;1;0;1;0;0;0;1;0;0;1;0;0;1;0;1;0;5.81
1;0;1;0;1;1;0;0;0;1;1;0;0;1;0;1;1;0;0;1;0;0;0;1;0;1;0;0;1;0;0;1;0;0;1;0;0;1;0;1;0;5.73
1;0;1;0;1;1;0;0;0;1;1;0;0;1;0;1;1;0;0;1;1;0;0;0;0;1;0;0;0;1;0;1;0;0;1;0;0;1;0;1;0;5.73
1;0;1;0;1;1;0;0;0;1;1;0;0;1;0;1;1;0;0;1;0;0;0;0;1;1;0;1;0;0;0;1;0;0;0;1;0;1;0;1;0;1.55
1;0;1;0;1;1;0;0;0;1;1;0;0;1;0;1;1;0;0;1;0;0;0;0;1;1;0;0;0;0;1;1;0;0;0;1;0;1;0;1;0;1.56
1;0;1;0;1;1;0;0;0;1;1;0;0;1;0;1;1;0;0;1;0;0;0;1;0;1;0;0;0;1;0;1;0;0;0;0;1;1;0;1;0;1.5
1;0;1;1;1;0;1;0;0;1;1;0;0;1;1;1;0;0;1;1;0;0;0;0;1;1;1;0;0;0;0;1;1;0;0;0;0;1;0;0;1;46.92
1;0;1;1;1;0;1;0;0;1;1;0;0;1;1;1;0;0;1;1;0;1;0;0;0;1;0;1;0;0;0;1;1;0;0;0;0;1;0;0;1;26.84
1;0;1;1;1;0;1;0;0;1;1;0;0;1;1;1;0;0;1;1;0;1;0;0;0;1;0;0;1;0;0;1;1;0;0;0;0;1;0;0;1;27.01
1;0;1;1;1;0;1;0;0;1;1;0;0;1;1;1;0;0;1;1;0;0;0;1;0;1;0;0;0;1;0;1;1;0;0;0;0;1;0;0;1;27.14
1;0;1;1;1;0;1;0;0;1;1;0;0;1;1;1;0;0;1;1;0;0;0;0;1;1;0;0;0;1;0;1;1;0;0;0;0;1;0;0;1;27.18
1;0;1;1;1;0;1;0;0;1;1;0;0;1;1;1;0;0;1;1;0;1;0;0;0;1;0;0;0;0;1;1;1;0;0;0;0;1;0;0;1;26.94
1;0;1;1;1;0;1;0;0;1;1;0;0;1;1;1;0;0;1;1;1;0;0;0;0;1;1;0;0;0;0;1;0;1;0;0;0;1;0;0;1;21.53
1;0;1;1;1;0;1;0;0;1;1;0;0;1;1;1;0;0;1;1;0;1;0;0;0;1;1;0;0;0;0;1;0;1;0;0;0;1;0;0;1;21.65
1;0;1;1;1;0;1;0;0;1;1;0;0;1;1;1;0;0;1;1;0;0;0;1;0;1;1;0;0;0;0;1;0;1;0;0;0;1;0;0;1;21.59
1;0;1;1;1;0;1;0;0;1;1;0;0;1;1;1;0;1;0;1;0;0;0;0;1;1;1;0;0;0;0;1;0;1;0;0;0;1;0;0;1;21.63
1;0;1;1;1;0;1;0;0;1;1;0;0;1;1;1;0;0;1;1;0;0;0;0;1;1;1;0;0;0;0;1;0;1;0;0;0;1;0;0;1;21.73
1;0;1;1;1;0;1;0;0;1;1;0;0;1;1;1;0;0;1;1;0;0;0;0;1;1;0;1;0;0;0;1;0;1;0;0;0;1;0;0;1;13.78
1;0;1;1;1;0;1;0;0;1;1;0;0;1;1;1;0;0;1;1;0;0;0;0;1;1;0;0;1;0;0;1;0;1;0;0;0;1;0;0;1;13.34
1;0;1;1;1;0;1;0;0;1;1;0;0;1;1;1;0;0;1;1;0;1;0;0;0;1;0;0;0;1;0;1;0;1;0;0;0;1;0;0;1;14.26
1;0;1;1;1;0;1;0;0;1;1;0;0;1;1;1;0;0;1;1;1;0;0;0;0;1;1;0;0;0;0;1;0;0;1;0;0;1;0;0;1;10.01
1;0;1;1;1;0;1;0;0;1;1;0;0;1;1;1;0;0;1;1;0;0;1;0;0;1;1;0;0;0;0;1;0;0;1;0;0;1;0;0;1;9.9
1;0;1;1;1;0;1;0;0;1;1;0;0;1;1;1;0;0;1;1;0;0;0;1;0;1;1;0;0;0;0;1;0;0;1;0;0;1;0;0;1;9.92
1;0;1;1;1;0;1;0;0;1;1;0;0;1;1;1;0;0;1;1;0;0;1;0;0;1;0;1;0;0;0;1;0;0;1;0;0;1;0;0;1;5.82
1;0;1;1;1;0;1;0;0;1;1;0;0;1;1;1;0;0;1;1;1;0;0;0;0;1;0;0;1;0;0;1;0;0;1;0;0;1;0;0;1;5.84
1;0;1;1;1;0;1;0;0;1;1;0;0;1;1;1;0;0;1;1;0;0;0;0;1;1;0;0;1;0;0;1;0;0;1;0;0;1;0;0;1;5.83
1;0;1;1;1;0;1;0;0;1;1;0;0;1;1;1;0;0;1;1;0;0;0;1;0;1;0;0;0;1;0;1;0;0;1;0;0;1;0;0;1;5.82
1;0;1;1;1;0;1;0;0;1;1;0;0;1;1;1;0;0;1;1;0;0;0;0;1;1;0;0;0;1;0;1;0;0;1;0;0;1;0;0;1;5.86
1;0;1;1;1;0;1;0;0;1;1;0;0;1;1;1;0;0;1;1;1;0;0;0;0;1;0;0;0;0;1;1;0;0;1;0;0;1;0;0;1;5.91
1;0;1;1;1;0;1;0;0;1;1;0;0;1;1;1;0;0;1;1;0;0;0;1;0;1;0;0;0;0;1;1;0;0;1;0;0;1;0;0;1;5.87
1;0;1;1;1;0;1;0;0;1;1;0;0;1;1;1;0;0;1;1;1;0;0;0;0;1;1;0;0;0;0;1;0;0;0;1;0;1;0;0;1;2.07
1;0;1;1;1;0;1;0;0;1;1;0;0;1;1;1;0;0;1;1;0;0;1;0;0;1;1;0;0;0;0;1;0;0;0;1;0;1;0;0;1;2.02
1;0;1;1;1;0;1;0;0;1;1;0;0;1;1;1;0;0;1;1;0;0;0;0;1;1;1;0;0;0;0;1;0;0;0;1;0;1;0;0;1;2.01
1;0;1;1;1;0;1;0;0;1;1;0;0;1;1;1;0;0;1;1;0;0;0;1;0;1;0;1;0;0;0;1;0;0;0;1;0;1;0;0;1;1.53
1;0;1;1;1;0;1;0;0;1;1;0;0;1;1;1;0;0;1;1;0;0;0;0;1;1;0;1;0;0;0;1;0;0;0;1;0;1;0;0;1;1.56
1;0;1;1;1;0;1;0;0;1;1;0;0;1;1;1;0;0;1;1;0;1;0;0;0;1;0;0;1;0;0;1;0;0;0;1;0;1;0;0;1;1.53
1;0;1;1;1;0;1;0;0;1;1;0;0;1;1;1;0;0;1;1;0;0;0;1;0;1;0;0;1;0;0;1;0;0;0;1;0;1;0;0;1;1.53
1;0;1;1;1;0;1;0;0;1;1;0;0;1;1;1;0;0;1;1;1;0;0;0;0;1;0;0;0;1;0;1;0;0;0;1;0;1;0;0;1;1.56
1;0;1;1;1;0;1;0;0;1;1;0;0;1;1;1;0;0;1;1;0;1;0;0;0;1;0;0;0;1;0;1;0;0;0;1;0;1;0;0;1;1.53
1;0;1;1;1;0;1;0;0;1;1;0;0;1;1;1;0;0;1;1;1;0;0;0;0;1;1;0;0;0;0;1;0;0;0;0;1;1;0;0;1;1.79
1;0;1;1;1;0;1;0;0;1;1;0;0;1;1;1;0;0;1;1;0;1;0;0;0;1;1;0;0;0;0;1;0;0;0;0;1;1;0;0;1;1.84
1;0;1;1;1;0;1;0;0;1;1;0;0;1;1;1;0;0;1;1;0;0;0;0;1;1;1;0;0;0;0;1;0;0;0;0;1;1;0;0;1;1.84
1;0;1;1;1;0;1;0;0;1;1;0;0;1;1;1;0;0;1;1;0;1;0;0;0;1;0;0;0;1;0;1;0;0;0;0;1;1;0;0;1;1.42
1;0;1;1;1;0;1;0;0;1;1;0;0;1;1;1;0;1;0;1;0;0;1;0;0;1;0;0;0;0;1;1;0;1;0;0;0;1;1;0;0;41.77
1;0;1;1;1;0;1;0;0;1;1;0;0;1;1;1;0;1;0;1;0;0;0;0;1;1;0;0;0;0;1;1;0;1;0;0;0;1;1;0;0;43.74
1;0;1;1;1;0;1;0;0;1;1;0;0;1;1;1;0;1;0;1;0;0;0;0;1;1;1;0;0;0;0;1;0;0;0;1;0;1;1;0;0;3.3
1;0;1;1;1;0;1;0;0;1;1;0;0;1;1;1;0;1;0;1;0;1;0;0;0;1;0;1;0;0;0;1;0;0;0;1;0;1;1;0;0;2.84
1;0;1;1;1;0;1;0;0;1;1;0;0;1;1;1;1;0;0;1;0;0;0;1;0;1;0;1;0;0;0;1;0;0;0;1;0;1;1;0;0;2.77
1;0;1;1;1;0;1;0;0;1;1;0;0;1;1;1;0;1;0;1;0;0;0;1;0;1;0;1;0;0;0;1;0;0;0;1;0;1;1;0;0;2.85
1;0;1;1;1;0;1;0;0;1;1;0;0;1;1;1;1;0;0;1;0;0;0;0;1;1;0;1;0;0;0;1;0;0;0;1;0;1;1;0;0;2.79
1;0;1;1;1;0;1;0;0;1;1;0;0;1;1;1;0;1;0;1;0;0;0;0;1;1;0;1;0;0;0;1;0;0;0;1;0;1;1;0;0;2.88
1;0;1;1;1;0;1;0;0;1;1;0;0;1;1;1;1;0;0;1;0;1;0;0;0;1;0;0;0;1;0;1;0;0;0;1;0;1;1;0;0;2.99
1;0;1;1;1;0;1;0;0;1;1;0;0;1;1;1;0;1;0;1;0;1;0;0;0;1;0;0;0;1;0;1;0;0;0;1;0;1;1;0;0;2.81
1;0;1;1;1;0;1;0;0;1;1;0;0;1;1;1;0;1;0;1;0;0;0;1;0;1;0;0;0;1;0;1;0;0;0;1;0;1;1;0;0;2.79
1;0;1;1;1;0;1;0;0;1;1;0;0;1;1;1;0;1;0;1;0;0;0;0;1;1;0;0;0;1;0;1;0;0;0;1;0;1;1;0;0;2.87
1;0;1;1;1;0;1;0;0;1;1;0;0;1;1;1;0;1;0;1;0;1;0;0;0;1;0;0;0;0;1;1;0;0;0;1;0;1;1;0;0;3.05
1;0;1;1;1;0;1;0;0;1;1;0;0;1;1;1;0;1;0;1;0;0;1;0;0;1;0;0;0;0;1;1;0;0;0;1;0;1;1;0;0;2.81
1;0;1;1;1;0;1;0;0;1;1;0;0;1;1;1;0;1;0;1;0;0;0;0;1;1;0;0;0;0;1;1;0;0;0;1;0;1;1;0;0;2.73
1;0;1;1;1;0;1;0;0;1;1;0;0;1;1;1;0;1;0;1;0;0;0;0;1;1;0;1;0;0;0;1;0;0;0;0;1;1;1;0;0;2.36
1;0;1;1;1;0;1;0;0;1;1;0;0;1;1;1;0;1;0;1;0;1;0;0;0;1;0;0;1;0;0;1;0;0;0;0;1;1;1;0;0;2.38
1;0;1;1;1;0;1;0;0;1;1;0;0;1;1;1;1;0;0;1;0;0;1;0;0;1;0;0;1;0;0;1;0;0;0;0;1;1;1;0;0;2.4
1;0;1;1;1;0;1;0;0;1;1;0;0;1;1;1;0;1;0;1;0;1;0;0;0;1;0;0;0;0;1;1;0;0;0;0;1;1;1;0;0;2.39
1;0;1;1;1;0;1;0;0;1;1;0;0;1;1;1;0;1;0;1;0;0;0;0;1;1;0;0;0;0;1;1;0;0;0;0;1;1;1;0;0;2.34
1;0;1;1;1;0;1;0;0;1;1;0;0;1;1;1;1;0;0;1;0;1;0;0;0;1;0;0;1;0;0;1;1;0;0;0;0;1;1;0;0;90.53
1;0;1;1;1;0;1;0;0;1;1;0;0;1;1;1;0;1;0;1;1;0;0;0;0;1;0;0;0;1;0;1;1;0;0;0;0;1;1;0;0;90.18
1;0;1;1;1;0;1;0;0;1;1;0;0;1;1;1;1;0;0;1;0;1;0;0;0;1;0;0;0;1;0;1;1;0;0;0;0;1;1;0;0;89.77
1;0;1;1;1;0;1;0;0;1;1;0;0;1;1;1;0;1;0;1;0;1;0;0;0;1;0;0;0;1;0;1;1;0;0;0;0;1;1;0;0;90.93
1;0;1;1;1;0;1;0;0;1;1;0;0;1;1;1;1;0;0;1;0;0;0;1;0;1;0;0;0;1;0;1;1;0;0;0;0;1;1;0;0;90.53
1;0;1;1;1;0;1;0;0;1;1;0;0;1;1;1;0;1;0;1;0;0;0;1;0;1;0;0;0;1;0;1;1;0;0;0;0;1;1;0;0;92.64
1;0;1;1;1;0;1;0;0;1;1;0;0;1;1;1;0;1;0;1;0;1;0;0;0;1;0;0;0;0;1;1;1;0;0;0;0;1;1;0;0;90.16
1;0;1;1;1;0;1;0;0;1;1;0;0;1;1;1;1;0;0;1;0;0;1;0;0;1;0;0;0;0;1;1;1;0;0;0;0;1;1;0;0;91.68
1;0;1;1;1;0;1;0;0;1;1;0;0;1;1;1;0;1;0;1;0;0;0;1;0;1;0;0;0;0;1;1;1;0;0;0;0;1;1;0;0;90.16
1;0;1;1;1;0;1;0;0;1;1;0;0;1;1;1;0;1;0;1;0;0;1;0;0;1;0;0;1;0;0;1;0;1;0;0;0;1;1;0;0;39.32
1;0;1;1;1;0;1;0;0;1;0;1;0;0;0;1;1;0;0;1;0;1;0;0;0;1;1;0;0;0;0;1;1;0;0;0;0;1;0;1;0;34.36
1;0;1;1;1;0;1;0;0;1;0;1;0;0;0;1;1;0;0;1;0;0;0;1;0;1;0;1;0;0;0;1;1;0;0;0;0;1;0;1;0;22.44
1;0;1;1;1;0;1;0;0;1;0;1;0;0;0;1;1;0;0;1;0;1;0;0;0;1;0;0;0;1;0;1;1;0;0;0;0;1;0;1;0;20.63
1;0;1;1;1;0;1;0;0;1;0;1;0;0;0;1;1;0;0;1;0;0;1;0;0;1;0;0;0;1;0;1;1;0;0;0;0;1;0;1;0;21.96
1;0;1;1;1;0;1;0;0;1;0;1;0;0;0;1;1;0;0;1;0;0;0;0;1;1;0;0;0;1;0;1;1;0;0;0;0;1;0;1;0;23.56
1;0;1;1;1;0;1;0;0;1;0;1;0;0;0;1;1;0;0;1;0;0;1;0;0;1;1;0;0;0;0;1;0;1;0;0;0;1;0;1;0;10.41
1;0;1;1;1;0;1;0;0;1;0;1;0;0;0;1;1;0;0;1;0;0;1;0;0;1;0;1;0;0;0;1;0;1;0;0;0;1;0;1;0;5.84
1;0;1;1;1;0;1;0;0;1;0;1;0;0;0;1;1;0;0;1;0;1;0;0;0;1;0;0;0;1;0;1;0;1;0;0;0;1;0;1;0;5.63
1;0;1;1;1;0;1;0;0;1;0;1;0;0;0;1;1;0;0;1;0;0;0;1;0;1;0;1;0;0;0;1;0;0;1;0;0;1;0;1;0;3.23
1;0;1;1;1;0;1;0;0;1;0;1;0;0;0;1;1;0;0;1;0;1;0;0;0;1;0;0;1;0;0;1;0;0;1;0;0;1;0;1;0;2.66
1;0;1;1;1;0;1;0;0;1;0;1;0;0;0;1;1;0;0;1;0;1;0;0;0;1;0;0;0;1;0;1;0;0;1;0;0;1;0;1;0;2.67
1;0;1;1;1;0;1;0;0;1;0;1;0;0;0;1;1;0;0;1;0;0;0;0;1;1;0;0;0;1;0;1;0;0;1;0;0;1;0;1;0;3.27
1;0;1;1;1;0;1;0;0;1;0;1;0;0;0;1;1;0;0;1;0;1;0;0;0;1;0;0;1;0;0;1;0;0;0;1;0;1;0;1;0;0.33
1;0;1;1;1;0;1;0;0;1;0;1;0;0;0;1;1;0;0;1;0;0;0;1;0;1;0;0;0;0;1;1;0;0;0;1;0;1;0;1;0;0.34
1;0;1;1;1;0;1;0;0;1;0;1;0;0;0;1;1;0;0;1;0;1;0;0;0;1;0;0;0;0;1;1;0;0;0;0;1;1;0;1;0;0.28
1;0;1;1;1;1;0;0;0;1;0;1;0;0;0;1;1;0;0;1;1;0;0;0;0;1;1;0;0;0;0;1;0;0;0;1;0;1;0;1;0;0.43
1;0;1;1;1;1;0;0;0;1;0;1;0;0;0;1;1;0;0;1;0;0;0;1;0;1;1;0;0;0;0;1;0;0;0;0;1;1;0;1;0;0.41
1;0;1;1;1;1;0;0;0;1;0;1;0;0;0;1;1;0;0;1;0;1;0;0;0;1;0;1;0;0;0;1;0;0;0;0;1;1;0;1;0;0.21
1;0;1;1;1;1;0;0;0;1;0;1;0;0;0;1;1;0;0;1;0;0;0;1;0;1;0;1;0;0;0;1;0;0;0;0;1;1;0;1;0;0.29
1;0;1;1;1;1;0;0;0;1;0;1;0;0;0;1;1;0;0;1;0;0;1;0;0;1;0;0;0;0;1;1;0;0;0;0;1;1;0;1;0;0.25
1;0;1;1;1;1;0;0;0;1;0;1;0;0;0;1;1;0;0;1;1;0;0;0;0;1;0;1;0;0;0;1;0;1;0;0;0;1;0;0;1;4.8
1;0;1;1;1;1;0;0;0;1;0;1;0;0;0;1;1;0;0;1;0;0;1;0;0;1;0;0;0;1;0;1;0;1;0;0;0;1;0;0;1;5.58
1;0;1;0;1;1;0;0;0;1;0;1;0;1;0;1;0;0;1;1;0;1;0;0;0;1;1;0;0;0;0;1;1;0;0;0;0;1;0;1;0;46.84
1;0;1;0;1;1;0;0;0;1;0;1;0;1;0;1;1;0;0;1;0;0;0;0;1;1;0;1;0;0;0;1;1;0;0;0;0;1;0;1;0;26.79
1;0;1;0;1;1;0;0;0;1;0;1;0;1;0;1;0;0;1;1;1;0;0;0;0;1;0;0;1;0;0;1;1;0;0;0;0;1;0;1;0;27.04
1;0;1;0;1;1;0;0;0;1;0;1;0;1;0;1;0;0;1;1;0;1;0;0;0;1;1;0;0;0;0;1;0;1;0;0;0;1;0;1;0;21.21
1;0;1;0;1;1;0;0;0;1;0;1;0;1;0;1;1;0;0;1;0;0;0;1;0;1;1;0;0;0;0;1;0;1;0;0;0;1;0;1;0;21.29
1;0;1;0;1;1;0;0;0;1;0;1;0;1;0;1;0;0;1;1;0;0;1;0;0;1;0;1;0;0;0;1;0;1;0;0;0;1;0;1;0;13.84
1;0;1;0;1;1;0;0;0;1;0;1;0;1;0;1;0;0;1;1;0;0;0;1;0;1;0;1;0;0;0;1;0;1;0;0;0;1;0;1;0;14.11
1;0;1;0;1;1;0;0;0;1;0;1;0;1;0;1;1;0;0;1;1;0;0;0;0;1;0;0;1;0;0;1;0;1;0;0;0;1;0;1;0;13.42
1;0;1;0;1;1;0;0;0;1;0;1;0;1;0;1;1;0;0;1;0;1;0;0;0;1;0;0;0;1;0;1;0;1;0;0;0;1;0;1;0;13.75
1;0;1;0;1;1;0;0;0;1;0;1;0;1;0;1;0;0;1;1;0;1;0;0;0;1;1;0;0;0;0;1;0;0;1;0;0;1;0;1;0;9.67
1;0;1;0;1;1;0;0;0;1;0;1;0;1;0;1;0;0;1;1;0;0;0;1;0;1;0;1;0;0;0;1;0;0;1;0;0;1;0;1;0;5.7
1;0;1;0;1;1;0;0;0;1;0;1;0;1;0;1;0;0;1;1;0;1;0;0;0;1;0;0;1;0;0;1;0;0;1;0;0;1;0;1;0;5.7
1;0;1;0;1;1;0;0;0;1;0;1;0;1;0;1;0;0;1;1;0;1;0;0;0;1;1;0;0;0;0;1;0;0;0;1;0;1;0;1;0;1.97
1;0;1;0;1;1;0;0;0;1;0;1;0;1;0;1;0;0;1;1;0;0;1;0;0;1;0;1;0;0;0;1;0;0;0;1;0;1;0;1;0;1.57
1;0;1;0;1;1;0;0;0;1;0;1;0;1;0;1;1;0;0;1;0;0;0;0;1;1;0;1;0;0;0;1;0;0;0;1;0;1;0;1;0;1.57
1;0;1;0;1;1;0;0;0;1;0;1;0;1;0;1;0;0;1;1;0;0;0;0;1;1;0;0;1;0;0;1;0;0;0;1;0;1;0;1;0;1.57
1;0;1;0;1;1;0;0;0;1;0;1;0;1;0;1;1;0;0;1;0;1;0;0;0;1;0;0;0;0;1;1;0;0;0;1;0;1;0;1;0;1.55
1;0;1;0;1;1;0;0;0;1;0;1;0;1;0;1;0;0;1;1;0;0;0;1;0;1;0;0;0;0;1;1;0;0;0;1;0;1;0;1;0;1.57
1;0;1;0;1;1;0;0;0;1;0;1;0;1;0;1;0;0;1;1;0;1;0;0;0;1;0;1;0;0;0;1;0;0;0;0;1;1;0;1;0;1.52
1;0;1;0;1;1;0;0;0;1;0;1;0;1;0;1;0;0;1;1;0;0;0;0;1;1;0;0;1;0;0;1;0;0;0;0;1;1;0;1;0;1.54
1;0;1;0;1;1;0;0;0;1;0;1;0;1;0;1;1;0;0;1;0;1;0;0;0;1;0;0;0;0;1;1;0;0;0;0;1;1;0;1;0;1.53
1;0;1;0;1;1;0;0;0;1;0;1;0;1;0;1;1;0;0;1;0;0;0;1;0;1;0;0;0;0;1;1;0;0;0;0;1;1;0;1;0;1.53
1;0;1;1;1;0;0;0;1;1;1;0;0;1;1;1;0;0;1;1;1;0;0;0;0;1;0;0;1;0;0;1;0;0;1;0;0;1;0;0;1;5.94
1;0;1;1;1;0;0;0;1;1;1;0;0;1;1;1;0;0;1;1;1;0;0;0;0;1;0;0;0;1;0;1;0;0;1;0;0;1;0;0;1;5.96
1;0;1;1;1;0;0;0;1;1;1;0;0;1;1;1;0;0;1;1;0;0;0;0;1;1;0;0;0;0;1;1;0;0;1;0;0;1;0;0;1;5.99
1;0;1;1;1;0;0;0;1;1;1;0;0;1;1;1;0;1;0;1;0;0;1;0;0;1;0;0;0;1;0;1;0;1;0;0;0;1;1;0;0;41.18
1;0;1;1;1;0;0;0;1;1;1;0;0;1;1;1;0;1;0;1;0;0;0;0;1;1;0;0;0;1;0;1;0;1;0;0;0;1;1;0;0;39.55
1;0;1;1;1;0;0;0;1;1;1;0;0;1;1;1;0;1;0;1;1;0;0;0;0;1;0;0;0;0;1;1;0;1;0;0;0;1;1;0;0;39.27
1;0;1;1;1;0;0;0;1;1;1;0;0;1;1;1;0;1;0;1;0;0;0;1;0;1;0;0;0;0;1;1;0;1;0;0;0;1;1;0;0;39.23
1;0;1;1;1;0;0;0;1;1;1;0;0;1;1;1;0;1;0;1;0;0;0;0;1;1;0;0;0;0;1;1;0;1;0;0;0;1;1;0;0;39.25
1;0;1;1;1;0;0;0;1;1;1;0;0;1;1;1;0;1;0;1;1;0;0;0;0;1;1;0;0;0;0;1;0;0;1;0;0;1;1;0;0;18.45
1;0;1;1;1;0;0;0;1;1;1;0;0;1;1;1;0;1;0;1;0;0;0;0;1;1;1;0;0;0;0;1;0;0;1;0;0;1;1;0;0;18.33
1;0;1;1;1;0;0;0;1;1;1;0;0;1;1;1;0;1;0;1;1;0;0;0;0;1;0;1;0;0;0;1;0;0;1;0;0;1;1;0;0;18.36
1;0;1;1;1;0;0;0;1;1;1;0;0;1;1;1;0;1;0;1;0;1;0;0;0;1;0;1;0;0;0;1;0;0;1;0;0;1;1;0;0;18.35
1;0;1;1;1;0;0;0;1;1;1;0;0;1;1;1;0;1;0;1;0;0;0;1;0;1;0;1;0;0;0;1;0;0;1;0;0;1;1;0;0;18.26
1;0;1;1;1;0;0;0;1;1;1;0;0;1;1;1;0;1;0;1;1;0;0;0;0;1;0;0;1;0;0;1;0;0;1;0;0;1;1;0;0;18.3
1;0;1;1;1;0;0;0;1;1;1;0;0;1;1;1;0;1;0;1;0;1;0;0;0;1;0;0;1;0;0;1;0;0;1;0;0;1;1;0;0;18.43
1;0;1;1;1;0;0;0;1;1;1;0;0;1;1;1;0;1;0;1;0;0;0;1;0;1;0;0;1;0;0;1;0;0;1;0;0;1;1;0;0;18.32
1;0;1;1;1;0;0;0;1;1;1;0;0;1;1;1;0;1;0;1;0;0;1;0;0;1;0;0;0;1;0;1;0;0;1;0;0;1;1;0;0;18.53
1;0;1;1;1;0;0;0;1;1;1;0;0;1;1;1;0;1;0;1;0;0;1;0;0;1;0;0;0;0;1;1;0;0;1;0;0;1;1;0;0;18.38
1;0;1;1;1;0;0;0;1;1;1;0;0;1;1;1;0;1;0;1;0;0;0;0;1;1;0;0;0;0;1;1;0;0;1;0;0;1;1;0;0;18.66
1;0;1;1;1;0;0;0;1;1;1;0;0;1;1;1;0;1;0;1;0;1;0;0;0;1;1;0;0;0;0;1;0;0;0;1;0;1;1;0;0;2.85
1;0;1;1;1;0;0;0;1;1;1;0;0;1;1;1;0;1;0;1;0;0;1;0;0;1;1;0;0;0;0;1;0;0;0;1;0;1;1;0;0;2.81
1;0;1;1;1;0;0;0;1;1;1;0;0;1;1;1;0;1;0;1;1;0;0;0;0;1;0;1;0;0;0;1;0;0;0;1;0;1;1;0;0;2.85
1;0;1;1;1;0;0;0;1;1;1;0;0;1;1;1;0;1;0;1;0;1;0;0;0;1;0;1;0;0;0;1;0;0;0;1;0;1;1;0;0;2.81
1;0;1;1;1;0;0;0;1;1;1;0;0;1;1;1;0;1;0;1;0;0;1;0;0;1;0;1;0;0;0;1;0;0;0;1;0;1;1;0;0;2.97
1;0;1;1;1;0;0;0;1;1;1;0;0;1;1;1;0;1;0;1;0;0;0;1;0;1;0;1;0;0;0;1;0;0;0;1;0;1;1;0;0;2.97
1;0;1;1;1;0;0;0;1;1;1;0;0;1;1;1;0;1;0;1;0;0;0;0;1;1;0;1;0;0;0;1;0;0;0;1;0;1;1;0;0;2.78
1;0;1;1;1;0;0;0;1;1;1;0;0;1;1;1;0;1;0;1;0;0;1;0;0;1;0;0;1;0;0;1;0;0;0;1;0;1;1;0;0;2.86
1;0;1;1;1;0;0;0;1;1;1;0;0;1;1;1;0;1;0;1;0;0;0;1;0;1;0;0;1;0;0;1;0;0;0;1;0;1;1;0;0;3.08
1;0;1;1;1;0;0;0;1;1;1;0;0;1;1;1;0;1;0;1;0;0;0;0;1;1;0;0;1;0;0;1;0;0;0;1;0;1;1;0;0;2.87
1;0;1;1;1;0;0;0;1;1;1;0;0;1;1;1;0;1;0;1;1;0;0;0;0;1;0;0;0;1;0;1;0;0;0;1;0;1;1;0;0;2.88
1;0;1;1;1;0;0;0;1;1;1;0;0;1;1;1;0;1;0;1;0;1;0;0;0;1;0;0;0;1;0;1;0;0;0;1;0;1;1;0;0;2.79
1;0;1;1;1;0;0;0;1;1;1;0;0;1;1;1;0;1;0;1;0;0;1;0;0;1;0;0;0;1;0;1;0;0;0;1;0;1;1;0;0;2.82
1;0;1;1;1;0;0;0;1;1;1;0;0;1;1;1;0;1;0;1;0;0;0;0;1;1;0;0;0;1;0;1;0;0;0;1;0;1;1;0;0;2.78
1;0;1;1;1;0;0;0;1;1;1;0;0;1;1;1;0;1;0;1;0;1;0;0;0;1;0;0;0;0;1;1;0;0;0;1;0;1;1;0;0;2.82
1;0;1;1;1;0;0;0;1;1;1;0;0;1;1;1;0;1;0;1;0;0;1;0;0;1;0;0;0;0;1;1;0;0;0;1;0;1;1;0;0;2.8
1;0;1;1;1;0;0;0;1;1;1;0;0;1;1;1;0;1;0;1;0;0;0;1;0;1;0;0;0;0;1;1;0;0;0;1;0;1;1;0;0;2.86
1;0;1;1;1;0;0;0;1;1;1;0;0;1;1;1;0;1;0;1;0;0;0;0;1;1;0;0;0;0;1;1;0;0;0;1;0;1;1;0;0;2.95
1;0;1;1;1;0;0;0;1;1;1;0;0;1;1;1;0;1;0;1;1;0;0;0;0;1;1;0;0;0;0;1;0;0;0;0;1;1;1;0;0;2.53
1;0;1;1;1;0;0;0;1;1;1;0;0;1;1;1;0;1;0;1;0;1;0;0;0;1;1;0;0;0;0;1;0;0;0;0;1;1;1;0;0;2.47
1;0;1;1;1;0;0;0;1;1;1;0;0;1;1;1;0;1;0;1;0;0;1;0;0;1;1;0;0;0;0;1;0;0;0;0;1;1;1;0;0;2.49
1;0;1;1;1;0;0;0;1;1;1;0;0;1;1;1;0;1;0;1;0;0;1;0;0;1;0;1;0;0;0;1;0;0;0;0;1;1;1;0;0;2.48
1;0;1;1;1;0;0;0;1;1;1;0;0;1;1;1;0;1;0;1;0;0;0;1;0;1;0;1;0;0;0;1;0;0;0;0;1;1;1;0;0;2.45
1;0;1;1;1;0;0;0;1;1;1;0;0;1;1;1;0;1;0;1;1;0;0;0;0;1;0;0;1;0;0;1;0;0;0;0;1;1;1;0;0;2.47
1;0;1;1;1;0;0;0;1;1;1;0;0;1;1;1;0;1;0;1;0;1;0;0;0;1;0;0;1;0;0;1;0;0;0;0;1;1;1;0;0;2.48
1;0;1;1;1;0;0;0;1;1;1;0;0;1;1;1;1;0;0;1;0;0;1;0;0;1;0;0;1;0;0;1;0;0;0;0;1;1;1;0;0;2.49
1;0;1;1;1;0;0;0;1;1;1;0;0;1;1;1;0;1;0;1;0;0;1;0;0;1;0;0;1;0;0;1;0;0;0;0;1;1;1;0;0;2.5
1;0;1;1;1;0;0;0;1;1;1;0;0;1;1;1;0;1;0;1;0;0;0;1;0;1;0;0;1;0;0;1;0;0;0;0;1;1;1;0;0;2.47
1;0;1;1;1;0;0;0;1;1;1;0;0;1;1;1;0;1;0;1;0;0;0;0;1;1;0;0;1;0;0;1;0;0;0;0;1;1;1;0;0;2.5
1;0;1;1;1;0;0;0;1;1;1;0;0;1;1;1;0;1;0;1;0;1;0;0;0;1;0;0;0;1;0;1;0;0;0;0;1;1;1;0;0;2.52
1;0;1;1;1;0;0;0;1;1;1;0;0;1;1;1;0;1;0;1;0;0;1;0;0;1;0;0;0;1;0;1;0;0;0;0;1;1;1;0;0;2.41
1;0;1;1;1;0;0;0;1;1;1;0;0;1;1;1;0;1;0;1;0;0;0;0;1;1;0;0;0;1;0;1;0;0;0;0;1;1;1;0;0;2.45
1;0;1;1;1;0;0;0;1;1;1;0;0;1;1;1;0;1;0;1;1;0;0;0;0;1;0;0;0;0;1;1;0;0;0;0;1;1;1;0;0;2.47
1;0;1;1;1;0;0;0;1;1;1;0;0;1;1;1;0;1;0;1;0;1;0;0;0;1;0;0;0;0;1;1;0;0;0;0;1;1;1;0;0;2.45
1;0;1;1;1;0;0;0;1;1;1;0;0;1;1;1;0;1;0;1;0;0;1;0;0;1;0;0;0;0;1;1;0;0;0;0;1;1;1;0;0;2.44
1;0;1;1;1;0;0;0;1;1;1;0;0;1;1;1;0;1;0;1;0;0;0;1;0;1;0;0;0;0;1;1;0;0;0;0;1;1;1;0;0;2.49
1;0;1;1;1;0;0;0;1;1;1;0;0;1;1;1;0;1;0;1;0;0;0;0;1;1;0;0;0;0;1;1;0;0;0;0;1;1;1;0;0;2.49
1;0;1;1;1;0;0;0;1;1;1;0;0;1;1;1;0;1;0;1;1;0;0;0;0;1;1;0;0;0;0;1;1;0;0;0;0;1;1;0;0;91.27
1;0;1;1;1;0;0;0;1;1;1;0;0;1;1;1;0;1;0;1;0;0;1;0;0;1;1;0;0;0;0;1;1;0;0;0;0;1;1;0;0;90.54
1;0;1;1;1;0;0;0;1;1;1;0;0;1;1;1;0;1;0;1;0;0;0;1;0;1;1;0;0;0;0;1;1;0;0;0;0;1;1;0;0;90.47
1;0;1;1;1;0;0;0;1;1;1;0;0;1;1;1;0;1;0;1;0;0;0;0;1;1;1;0;0;0;0;1;1;0;0;0;0;1;1;0;0;90.5
1;0;1;1;1;0;0;0;1;1;1;0;0;1;1;1;0;1;0;1;1;0;0;0;0;1;0;1;0;0;0;1;1;0;0;0;0;1;1;0;0;91.16
1;0;1;1;1;0;0;0;1;1;1;0;0;1;1;1;0;1;0;1;0;1;0;0;0;1;0;1;0;0;0;1;1;0;0;0;0;1;1;0;0;91.68
1;0;1;1;1;0;0;0;1;1;1;0;0;1;1;1;0;1;0;1;0;0;1;0;0;1;0;1;0;0;0;1;1;0;0;0;0;1;1;0;0;92.32
1;0;1;1;1;0;0;0;1;1;1;0;0;1;1;1;0;1;0;1;0;0;0;1;0;1;0;1;0;0;0;1;1;0;0;0;0;1;1;0;0;90.49
1;0;1;1;1;0;0;0;1;1;1;0;0;1;1;1;0;1;0;1;0;0;0;0;1;1;0;1;0;0;0;1;1;0;0;0;0;1;1;0;0;91.23
1;0;1;1;1;0;0;0;1;1;1;0;0;1;1;1;0;1;0;1;1;0;0;0;0;1;0;0;1;0;0;1;1;0;0;0;0;1;1;0;0;90.71
1;0;1;1;1;0;0;0;1;1;1;0;0;1;1;1;0;1;0;1;0;1;0;0;0;1;0;0;1;0;0;1;1;0;0;0;0;1;1;0;0;90.44
1;0;1;1;1;0;0;0;1;1;1;0;0;1;1;1;0;1;0;1;0;0;1;0;0;1;0;0;1;0;0;1;1;0;0;0;0;1;1;0;0;89.97
1;0;1;1;1;0;0;0;1;1;1;0;0;1;1;1;0;1;0;1;0;0;0;0;1;1;0;0;1;0;0;1;1;0;0;0;0;1;1;0;0;90.36
1;0;1;1;1;0;0;0;1;1;1;0;0;1;1;1;0;1;0;1;1;0;0;0;0;1;0;0;0;1;0;1;1;0;0;0;0;1;1;0;0;91.78
1;0;1;1;1;0;0;0;1;1;1;0;0;1;1;1;0;1;0;1;0;1;0;0;0;1;0;0;0;1;0;1;1;0;0;0;0;1;1;0;0;90.24
1;0;1;1;1;0;0;0;1;1;1;0;0;1;1;1;0;1;0;1;0;0;1;0;0;1;0;0;0;1;0;1;1;0;0;0;0;1;1;0;0;91.21
1;0;1;1;1;0;0;0;1;1;1;0;0;1;1;1;0;1;0;1;0;0;0;1;0;1;0;0;0;1;0;1;1;0;0;0;0;1;1;0;0;90.76
1;0;1;1;1;0;0;0;1;1;1;0;0;1;1;1;0;1;0;1;0;0;0;0;1;1;0;0;0;1;0;1;1;0;0;0;0;1;1;0;0;92.02
1;0;1;1;1;0;0;0;1;1;1;0;0;1;1;1;0;1;0;1;1;0;0;0;0;1;0;0;0;0;1;1;1;0;0;0;0;1;1;0;0;90.7
1;0;1;1;1;0;0;0;1;1;1;0;0;1;1;1;0;1;0;1;0;1;0;0;0;1;0;0;0;0;1;1;1;0;0;0;0;1;1;0;0;90.81
1;0;1;1;1;0;0;0;1;1;1;0;0;1;1;1;0;1;0;1;0;0;1;0;0;1;0;0;0;0;1;1;1;0;0;0;0;1;1;0;0;92.24
1;0;1;1;1;0;0;0;1;1;1;0;0;1;1;1;0;1;0;1;0;0;0;1;0;1;0;0;0;0;1;1;1;0;0;0;0;1;1;0;0;91.25
1;0;1;1;1;0;0;0;1;1;1;0;0;1;1;1;0;1;0;1;0;0;0;0;1;1;0;0;0;0;1;1;1;0;0;0;0;1;1;0;0;90.62
1;0;1;1;1;0;0;0;1;1;1;0;0;1;1;1;0;1;0;1;0;1;0;0;0;1;1;0;0;0;0;1;0;1;0;0;0;1;1;0;0;39.5
1;0;1;1;1;0;0;0;1;1;1;0;0;1;1;1;0;1;0;1;1;0;0;0;0;1;0;1;0;0;0;1;0;1;0;0;0;1;1;0;0;40.73
1;0;1;1;1;0;0;0;1;1;1;0;0;1;1;1;0;1;0;1;0;1;0;0;0;1;0;1;0;0;0;1;0;1;0;0;0;1;1;0;0;40.06
1;0;1;1;1;0;0;0;1;1;1;0;0;1;1;1;0;1;0;1;0;0;1;0;0;1;0;1;0;0;0;1;0;1;0;0;0;1;1;0;0;41.17
1;0;1;1;1;0;0;0;1;1;1;0;0;1;1;1;0;1;0;1;0;0;0;0;1;1;0;1;0;0;0;1;0;1;0;0;0;1;1;0;0;40.13
1;0;1;1;1;0;0;0;1;1;1;0;0;1;1;1;0;1;0;1;0;0;1;0;0;1;0;0;1;0;0;1;0;1;0;0;0;1;1;0;0;40.26
1;0;1;1;1;0;0;0;1;1;1;0;0;1;1;1;0;1;0;1;0;0;0;0;1;1;0;0;1;0;0;1;0;1;0;0;0;1;1;0;0;39.23
1;0;1;1;1;0;0;0;1;1;1;0;0;1;1;1;0;1;0;1;0;1;0;0;0;1;0;0;0;1;0;1;0;1;0;0;0;1;1;0;0;39.32
1;0;1;1;1;0;0;0;1;1;1;0;0;0;0;1;1;0;0;1;0;0;0;1;0;1;1;0;0;0;0;1;0;0;0;0;1;1;0;0;1;0.39
1;0;1;1;1;0;0;0;1;1;1;0;0;0;0;1;1;0;0;1;0;0;1;0;0;1;0;1;0;0;0;1;0;0;0;0;1;1;0;0;1;0.24
1;0;1;1;1;0;0;0;1;1;1;0;0;0;0;1;1;0;0;1;0;0;1;0;0;1;0;0;1;0;0;1;0;0;0;0;1;1;0;0;1;0.22
1;0;1;1;1;0;0;0;1;1;1;0;0;0;0;1;1;0;0;1;0;0;0;0;1;1;0;0;0;1;0;1;0;1;0;0;0;1;0;1;0;5.84
1;0;1;1;1;0;0;0;1;1;1;0;0;0;0;1;1;0;0;1;0;0;0;0;1;1;0;0;0;1;0;1;0;0;1;0;0;1;0;1;0;3.18
1;0;1;1;1;0;0;0;1;1;1;0;0;0;0;1;1;0;0;1;0;0;1;0;0;1;1;0;0;0;0;1;0;0;0;1;0;1;0;1;0;0.45
1;0;1;1;1;0;0;0;1;1;1;0;0;0;0;1;1;0;0;1;0;0;0;0;1;1;1;0;0;0;0;1;0;0;0;1;0;1;0;1;0;0.5
1;0;1;1;1;0;0;0;1;1;1;0;0;0;0;1;1;0;0;1;0;0;0;0;1;1;0;0;0;1;0;1;0;0;0;1;0;1;0;1;0;0.32
1;0;1;1;1;0;0;0;1;1;1;0;0;0;0;1;1;0;0;1;0;0;1;0;0;1;1;0;0;0;0;1;0;0;0;0;1;1;0;1;0;0.34
1;0;1;1;1;0;0;0;1;1;1;0;0;0;0;1;1;0;0;1;0;0;0;1;0;1;1;0;0;0;0;1;0;0;0;0;1;1;0;1;0;0.4
1;0;1;1;1;0;0;0;1;1;1;0;0;0;0;1;1;0;0;1;0;0;0;0;1;1;1;0;0;0;0;1;0;0;0;0;1;1;0;1;0;0.39
1;0;1;1;1;0;0;0;1;1;1;0;0;0;0;1;1;0;0;1;1;0;0;0;0;1;0;0;0;1;0;1;1;0;0;0;0;1;0;0;1;15.44
1;0;1;1;1;0;0;0;1;1;1;0;0;0;0;1;1;0;0;1;0;0;0;0;1;1;0;0;0;0;1;1;1;0;0;0;0;1;0;0;1;20.09
1;0;1;1;1;0;0;0;1;1;1;0;0;0;0;1;1;0;0;1;0;1;0;0;0;1;1;0;0;0;0;1;0;1;0;0;0;1;0;0;1;8.7
1;0;1;1;1;0;0;0;1;1;1;0;0;0;0;1;1;0;0;1;1;0;0;0;0;1;0;1;0;0;0;1;0;1;0;0;0;1;0;0;1;4.7
1;0;1;1;1;0;0;0;1;1;1;0;0;0;0;1;1;0;0;1;1;0;0;0;0;1;0;0;1;0;0;1;0;1;0;0;0;1;0;0;1;4.81
1;0;1;1;1;0;0;0;1;1;1;0;0;0;0;1;1;0;0;1;0;0;1;0;0;1;0;0;0;1;0;1;0;1;0;0;0;1;0;0;1;5.43
1;0;1;1;1;0;0;0;1;1;1;0;0;0;0;1;1;0;0;1;1;0;0;0;0;1;0;0;0;0;1;1;0;0;1;0;0;1;0;0;1;2.72
1;0;1;1;1;0;0;0;1;1;1;0;0;0;0;1;1;0;0;1;0;1;0;0;0;1;1;0;0;0;0;1;0;0;0;1;0;1;0;0;1;0.43
1;0;1;1;1;0;0;0;1;1;1;0;0;0;0;1;1;0;0;1;0;1;0;0;0;1;0;1;0;0;0;1;0;1;0;0;0;1;0;1;0;5.19
1;0;1;0;1;0;0;0;1;1;1;0;0;1;0;1;1;0;0;1;0;0;0;1;0;1;0;1;0;0;0;1;0;1;0;0;0;1;0;1;0;13.89
1;0;1;0;1;0;0;0;1;1;1;0;0;1;0;1;1;0;0;1;0;0;0;1;0;1;0;0;1;0;0;1;0;1;0;0;0;1;0;1;0;13.59
1;0;1;0;1;0;0;0;1;1;1;0;0;1;0;1;1;0;0;1;1;0;0;0;0;1;0;0;1;0;0;1;0;0;1;0;0;1;0;1;0;5.98
1;0;1;0;1;0;0;0;1;1;1;0;0;1;0;1;1;0;0;1;0;0;0;0;1;1;0;0;1;0;0;1;0;0;1;0;0;1;0;1;0;5.98
1;0;1;0;1;0;0;0;1;1;1;0;0;1;0;1;1;0;0;1;0;0;0;1;0;1;0;0;0;1;0;1;0;0;1;0;0;1;0;1;0;6.01
1;0;1;0;1;0;0;0;1;1;1;0;0;1;0;1;1;0;0;1;0;0;0;0;1;1;0;0;0;1;0;1;0;0;1;0;0;1;0;1;0;6.01
1;0;1;0;1;0;0;0;1;1;1;0;0;1;0;1;1;0;0;1;0;0;0;0;1;1;0;1;0;0;0;1;0;0;0;1;0;1;0;1;0;1.56
1;0;1;0;1;0;0;0;1;1;1;0;0;1;0;1;1;0;0;1;1;0;0;0;0;1;0;0;1;0;0;1;0;0;0;1;0;1;0;1;0;1.57
1;0;1;0;1;0;0;0;1;1;1;0;0;1;0;1;1;0;0;1;0;0;0;0;1;1;0;1;0;0;0;1;0;0;0;0;1;1;0;1;0;1.59
1;0;1;0;1;0;0;0;1;1;1;0;0;1;0;1;1;0;0;1;0;0;0;0;1;1;0;0;1;0;0;1;0;0;0;0;1;1;0;1;0;1.55
1;0;1;0;1;0;0;0;1;1;1;0;0;1;0;1;1;0;0;1;0;0;0;1;0;1;0;0;0;1;0;1;0;0;0;0;1;1;0;1;0;1.52
1;0;1;0;1;0;0;0;1;1;1;0;0;1;0;1;1;0;0;1;0;0;0;0;1;1;0;0;0;1;0;1;0;0;0;0;1;1;0;1;0;1.54
1;0;1;0;1;0;0;0;1;1;1;0;0;1;0;1;1;0;0;1;1;0;0;0;0;1;0;0;0;0;1;1;0;0;0;0;1;1;0;1;0;1.6
1;0;1;1;1;1;0;0;0;1;1;0;0;1;1;1;0;0;1;1;1;0;0;0;0;1;1;0;0;0;0;1;1;0;0;0;0;1;0;0;1;46.62
1;0;1;1;1;1;0;0;0;1;1;0;0;1;1;1;0;0;1;1;0;0;1;0;0;1;1;0;0;0;0;1;1;0;0;0;0;1;0;0;1;46.81
1;0;1;1;1;1;0;0;0;1;1;0;0;1;1;1;0;0;1;1;0;0;0;0;1;1;1;0;0;0;0;1;1;0;0;0;0;1;0;0;1;46.38
1;0;1;1;1;1;0;0;0;1;1;0;0;1;1;1;0;0;1;1;0;1;0;0;0;1;0;0;1;0;0;1;1;0;0;0;0;1;0;0;1;26.6
1;0;1;1;1;1;0;0;0;1;1;0;0;1;1;1;0;0;1;1;0;0;0;1;0;1;0;0;1;0;0;1;1;0;0;0;0;1;0;0;1;26.75
1;0;1;1;1;1;0;0;0;1;1;0;0;1;1;1;0;0;1;1;0;0;0;0;1;1;0;0;1;0;0;1;1;0;0;0;0;1;0;0;1;26.64
1;0;1;1;1;1;0;0;0;1;1;0;0;1;1;1;0;0;1;1;1;0;0;0;0;1;0;0;0;1;0;1;1;0;0;0;0;1;0;0;1;26.64
1;0;1;1;1;1;0;0;0;1;1;0;0;1;1;1;0;0;1;1;0;1;0;0;0;1;0;0;0;1;0;1;1;0;0;0;0;1;0;0;1;27.14
1;0;1;1;1;1;0;0;0;1;1;0;0;1;1;1;0;0;1;1;0;0;1;0;0;1;0;0;0;1;0;1;1;0;0;0;0;1;0;0;1;26.8
1;0;1;1;1;1;0;0;0;1;1;0;0;1;1;1;0;0;1;1;0;0;0;1;0;1;0;0;0;1;0;1;1;0;0;0;0;1;0;0;1;27.03
1;0;1;1;1;1;0;0;0;1;1;0;0;1;1;1;0;0;1;1;0;0;0;0;1;1;0;0;0;1;0;1;1;0;0;0;0;1;0;0;1;26.59
1;0;1;1;1;1;0;0;0;1;1;0;0;1;1;1;0;0;1;1;1;0;0;0;0;1;0;0;0;0;1;1;1;0;0;0;0;1;0;0;1;26.52
1;0;1;1;1;1;0;0;0;1;1;0;0;1;1;1;0;0;1;1;0;0;1;0;0;1;0;0;0;0;1;1;1;0;0;0;0;1;0;0;1;26.89
1;0;1;1;1;1;0;0;0;1;1;0;0;1;1;1;0;0;1;1;1;0;0;0;0;1;1;0;0;0;0;1;0;1;0;0;0;1;0;0;1;21.22
1;0;1;1;1;1;0;0;0;1;1;0;0;1;1;1;0;0;1;1;0;1;0;0;0;1;1;0;0;0;0;1;0;1;0;0;0;1;0;0;1;21.25
1;0;1;1;1;1;0;0;0;1;1;0;0;1;1;1;0;0;1;1;0;0;1;0;0;1;1;0;0;0;0;1;0;1;0;0;0;1;0;0;1;21.45
1;0;1;1;1;1;0;0;0;1;1;0;0;1;1;1;0;0;1;1;0;0;0;1;0;1;1;0;0;0;0;1;0;1;0;0;0;1;0;0;1;21.3
1;0;1;1;1;1;0;0;0;1;1;0;0;1;1;1;0;0;1;1;0;0;0;0;1;1;1;0;0;0;0;1;0;1;0;0;0;1;0;0;1;21.89
1;0;1;1;1;1;0;0;0;1;1;0;0;1;1;1;0;0;1;1;0;0;1;0;0;1;0;1;0;0;0;1;0;1;0;0;0;1;0;0;1;13.69
1;0;1;1;1;1;0;0;0;1;1;0;0;1;1;1;0;0;1;1;0;0;0;1;0;1;0;1;0;0;0;1;0;1;0;0;0;1;0;0;1;13.32
1;0;1;1;1;1;0;0;0;1;1;0;0;1;1;1;0;0;1;1;0;0;0;0;1;1;0;1;0;0;0;1;0;1;0;0;0;1;0;0;1;13.56
1;0;1;1;1;1;0;0;0;1;1;0;0;1;1;1;0;0;1;1;0;1;0;0;0;1;0;0;1;0;0;1;0;1;0;0;0;1;0;0;1;14.05
1;0;1;1;1;1;0;0;0;1;1;0;0;1;1;1;0;0;1;1;0;0;1;0;0;1;0;0;1;0;0;1;0;1;0;0;0;1;0;0;1;13.94
1;0;1;1;1;1;0;0;0;1;1;0;0;1;1;1;0;0;1;1;0;0;0;0;1;1;0;0;1;0;0;1;0;1;0;0;0;1;0;0;1;13.42
1;0;1;1;1;1;0;0;0;1;1;0;0;1;1;1;0;0;1;1;1;0;0;0;0;1;0;0;0;1;0;1;0;1;0;0;0;1;0;0;1;13.43
1;0;1;1;1;1;0;0;0;1;1;0;0;1;1;1;0;0;1;1;0;1;0;0;0;1;0;0;0;1;0;1;0;1;0;0;0;1;0;0;1;13.58
1;0;1;1;1;1;0;0;0;1;1;0;0;1;1;1;0;0;1;1;0;0;1;0;0;1;0;0;0;1;0;1;0;1;0;0;0;1;0;0;1;13.61
1;0;1;1;1;1;0;0;0;1;1;0;0;1;1;1;0;0;1;1;0;0;0;1;0;1;0;0;0;1;0;1;0;1;0;0;0;1;0;0;1;13.79
1;0;1;1;1;1;0;0;0;1;1;0;0;1;1;1;0;0;1;1;0;0;0;0;1;1;0;0;0;1;0;1;0;1;0;0;0;1;0;0;1;13.6
1;0;1;1;1;1;0;0;0;1;1;0;0;1;1;1;0;0;1;1;1;0;0;0;0;1;0;0;0;0;1;1;0;1;0;0;0;1;0;0;1;14.22
1;0;1;1;1;1;0;0;0;1;1;0;0;1;1;1;0;0;1;1;0;0;1;0;0;1;0;0;0;0;1;1;0;1;0;0;0;1;0;0;1;13.52
1;0;1;1;1;1;0;0;0;1;1;0;0;1;1;1;0;0;1;1;0;0;0;1;0;1;0;0;0;0;1;1;0;1;0;0;0;1;0;0;1;13.93
1;0;1;1;1;1;0;0;0;1;1;0;0;1;1;1;0;0;1;1;0;0;0;0;1;1;0;0;0;0;1;1;0;1;0;0;0;1;0;0;1;12.64
1;0;1;1;1;1;0;0;0;1;1;0;0;1;1;1;0;0;1;1;0;1;0;0;0;1;0;1;0;0;0;1;0;0;1;0;0;1;0;0;1;5.71
1;0;1;1;1;1;0;0;0;1;1;0;0;1;1;1;0;0;1;1;0;0;1;0;0;1;0;0;1;0;0;1;0;0;1;0;0;1;0;0;1;5.81
1;0;1;1;1;1;0;0;0;1;1;0;0;1;1;1;0;0;1;1;0;0;0;0;1;1;0;0;1;0;0;1;0;0;1;0;0;1;0;0;1;5.69
1;0;1;1;1;1;0;0;0;1;1;0;0;1;1;1;0;0;1;1;1;0;0;0;0;1;0;0;0;1;0;1;0;0;1;0;0;1;0;0;1;5.6
1;0;1;1;1;1;0;0;0;1;1;0;0;1;1;1;0;0;1;1;0;1;0;0;0;1;0;0;0;1;0;1;0;0;1;0;0;1;0;0;1;5.81
1;0;1;1;1;1;0;0;0;1;1;0;0;1;1;1;0;0;1;1;0;0;1;0;0;1;0;0;0;1;0;1;0;0;1;0;0;1;0;0;1;5.86
1;0;1;1;1;1;0;0;0;1;1;0;0;1;1;1;0;0;1;1;0;0;0;1;0;1;0;0;0;1;0;1;0;0;1;0;0;1;0;0;1;5.69
1;0;1;1;1;1;0;0;0;1;1;0;0;1;1;1;0;0;1;1;0;0;0;0;1;1;0;0;0;1;0;1;0;0;1;0;0;1;0;0;1;5.72
1;0;1;1;1;1;0;0;0;1;1;0;0;1;1;1;0;0;1;1;0;1;0;0;0;1;0;0;0;0;1;1;0;0;1;0;0;1;0;0;1;5.68
1;0;1;1;1;1;0;0;0;1;1;0;0;1;1;1;0;0;1;1;0;0;1;0;0;1;0;0;0;0;1;1;0;0;1;0;0;1;0;0;1;5.68
1;0;1;1;1;1;0;0;0;1;1;0;0;1;1;1;0;0;1;1;0;0;0;1;0;1;0;0;0;0;1;1;0;0;1;0;0;1;0;0;1;5.69
1;0;1;1;1;1;0;0;0;1;1;0;0;1;1;1;0;0;1;1;0;0;0;0;1;1;0;0;0;0;1;1;0;0;1;0;0;1;0;0;1;5.73
1;0;1;1;1;1;0;0;0;1;1;0;0;1;1;1;0;0;1;1;1;0;0;0;0;1;1;0;0;0;0;1;0;0;0;1;0;1;0;0;1;1.92
1;0;1;1;1;1;0;0;0;1;1;0;0;1;1;1;0;0;1;1;0;1;0;0;0;1;1;0;0;0;0;1;0;0;0;1;0;1;0;0;1;1.97
1;0;1;1;1;1;0;0;0;1;1;0;0;1;1;1;0;0;1;1;0;0;1;0;0;1;1;0;0;0;0;1;0;0;0;1;0;1;0;0;1;1.92
1;0;1;1;1;1;0;0;0;1;1;0;0;1;1;1;0;0;1;1;0;0;0;1;0;1;1;0;0;0;0;1;0;0;0;1;0;1;0;0;1;2.05
1;0;1;1;1;1;0;0;0;1;1;0;0;1;1;1;0;0;1;1;0;0;0;0;1;1;1;0;0;0;0;1;0;0;0;1;0;1;0;0;1;2.04
1;0;1;1;1;1;0;0;0;1;1;0;0;1;1;1;0;0;1;1;1;0;0;0;0;1;0;1;0;0;0;1;0;0;0;1;0;1;0;0;1;1.5
1;0;1;1;1;1;0;0;0;1;1;0;0;1;1;1;0;0;1;1;0;1;0;0;0;1;0;1;0;0;0;1;0;0;0;1;0;1;0;0;1;1.49
1;0;1;1;1;1;0;0;0;1;1;0;0;1;1;1;0;0;1;1;0;0;1;0;0;1;0;1;0;0;0;1;0;0;0;1;0;1;0;0;1;1.49
1;0;1;1;1;1;0;0;0;1;1;0;0;1;1;1;0;0;1;1;0;0;0;1;0;1;0;1;0;0;0;1;0;0;0;1;0;1;0;0;1;1.51
1;0;1;1;1;1;0;0;0;1;1;0;0;1;1;1;0;0;1;1;0;0;0;0;1;1;0;1;0;0;0;1;0;0;0;1;0;1;0;0;1;1.51
1;0;1;1;1;1;0;0;0;1;1;0;0;1;1;1;0;0;1;1;1;0;0;0;0;1;0;0;1;0;0;1;0;0;0;1;0;1;0;0;1;1.5
1;0;1;1;1;1;0;0;0;1;1;0;0;1;1;1;0;0;1;1;0;1;0;0;0;1;0;0;1;0;0;1;0;0;0;1;0;1;0;0;1;1.5
1;0;1;1;1;1;0;0;0;1;1;0;0;1;1;1;0;0;1;1;0;0;1;0;0;1;0;0;1;0;0;1;0;0;0;1;0;1;0;0;1;1.5
1;0;1;1;1;1;0;0;0;1;1;0;0;1;1;1;0;0;1;1;0;0;0;1;0;1;0;0;1;0;0;1;0;0;0;1;0;1;0;0;1;1.51
1;0;1;1;1;1;0;0;0;1;1;0;0;1;1;1;0;0;1;1;0;0;0;0;1;1;0;0;1;0;0;1;0;0;0;1;0;1;0;0;1;1.49
1;0;1;1;1;1;0;0;0;1;1;0;0;1;1;1;0;0;1;1;1;0;0;0;0;1;0;0;0;1;0;1;0;0;0;1;0;1;0;0;1;1.47
1;0;1;1;1;1;0;0;0;1;1;0;0;1;1;1;0;0;1;1;0;1;0;0;0;1;0;0;0;1;0;1;0;0;0;1;0;1;0;0;1;1.51
1;0;1;1;1;1;0;0;0;1;1;0;0;1;1;1;0;0;1;1;0;0;1;0;0;1;0;0;0;1;0;1;0;0;0;1;0;1;0;0;1;1.54
1;0;1;1;1;1;0;0;0;1;1;0;0;1;1;1;0;0;1;1;0;0;0;1;0;1;0;0;0;1;0;1;0;0;0;1;0;1;0;0;1;1.51
1;0;1;1;1;1;0;0;0;1;1;0;0;1;1;1;0;0;1;1;0;0;0;0;1;1;0;0;0;1;0;1;0;0;0;1;0;1;0;0;1;1.49
1;0;1;1;1;1;0;0;0;1;1;0;0;1;1;1;0;0;1;1;1;0;0;0;0;1;0;0;0;0;1;1;0;0;0;1;0;1;0;0;1;1.51
1;0;1;1;1;1;0;0;0;1;1;0;0;1;1;1;0;0;1;1;0;1;0;0;0;1;0;0;0;0;1;1;0;0;0;1;0;1;0;0;1;1.51
1;0;1;1;1;1;0;0;0;1;1;0;0;1;1;1;0;0;1;1;0;0;1;0;0;1;0;0;0;0;1;1;0;0;0;1;0;1;0;0;1;1.52
1;0;1;1;1;1;0;0;0;1;1;0;0;1;1;1;0;0;1;1;0;0;0;1;0;1;0;0;0;0;1;1;0;0;0;1;0;1;0;0;1;1.49
1;0;1;1;1;1;0;0;0;1;1;0;0;1;1;1;0;0;1;1;0;0;0;0;1;1;0;0;0;0;1;1;0;0;0;1;0;1;0;0;1;1.49
1;0;1;1;1;1;0;0;0;1;1;0;0;1;1;1;0;0;1;1;1;0;0;0;0;1;1;0;0;0;0;1;0;0;0;0;1;1;0;0;1;1.89
1;0;1;1;1;1;0;0;0;1;1;0;0;1;1;1;0;0;1;1;0;0;1;0;0;1;1;0;0;0;0;1;0;0;0;0;1;1;0;0;1;1.88
1;0;1;1;1;1;0;0;0;1;1;0;0;1;1;1;0;0;1;1;0;1;0;0;0;1;0;1;0;0;0;1;0;0;0;0;1;1;0;0;1;1.48
1;0;1;1;1;1;0;0;0;1;1;0;0;1;1;1;0;0;1;1;0;0;1;0;0;1;0;1;0;0;0;1;0;0;0;0;1;1;0;0;1;1.45
1;0;1;1;1;1;0;0;0;1;1;0;0;1;1;1;0;0;1;1;1;0;0;0;0;1;0;0;1;0;0;1;0;0;0;0;1;1;0;0;1;1.44
1;0;1;1;1;1;0;0;0;1;1;0;0;1;1;1;0;0;1;1;0;0;1;0;0;1;0;0;1;0;0;1;0;0;0;0;1;1;0;0;1;1.46
1;0;1;1;1;1;0;0;0;1;1;0;0;1;1;1;0;0;1;1;0;0;0;1;0;1;0;0;1;0;0;1;0;0;0;0;1;1;0;0;1;1.45
1;0;1;1;1;1;0;0;0;1;1;0;0;1;1;1;0;0;1;1;0;0;0;0;1;1;0;0;1;0;0;1;0;0;0;0;1;1;0;0;1;1.46
1;0;1;1;1;1;0;0;0;1;1;0;0;1;1;1;0;0;1;1;1;0;0;0;0;1;0;0;0;1;0;1;0;0;0;0;1;1;0;0;1;1.45
1;0;1;1;1;1;0;0;0;1;1;0;0;1;1;1;0;0;1;1;0;1;0;0;0;1;0;0;0;1;0;1;0;0;0;0;1;1;0;0;1;1.45
1;0;1;1;1;1;0;0;0;1;1;0;0;1;1;1;0;0;1;1;0;0;1;0;0;1;0;0;0;1;0;1;0;0;0;0;1;1;0;0;1;1.47
1;0;1;1;1;1;0;0;0;1;1;0;0;1;1;1;0;0;1;1;0;0;0;1;0;1;0;0;0;1;0;1;0;0;0;0;1;1;0;0;1;1.5
1;0;1;1;1;1;0;0;0;1;1;0;0;1;1;1;0;0;1;1;0;0;0;0;1;1;0;0;0;1;0;1;0;0;0;0;1;1;0;0;1;1.47
1;0;1;1;1;1;0;0;0;1;1;0;0;1;1;1;0;0;1;1;1;0;0;0;0;1;0;0;0;0;1;1;0;0;0;0;1;1;0;0;1;1.45
1;0;1;1;1;1;0;0;0;1;1;0;0;1;1;1;0;0;1;1;0;1;0;0;0;1;0;0;0;0;1;1;0;0;0;0;1;1;0;0;1;1.47
1;0;1;1;1;1;0;0;0;1;1;0;0;1;1;1;0;0;1;1;0;0;1;0;0;1;0;0;0;0;1;1;0;0;0;0;1;1;0;0;1;1.46
1;0;1;1;1;1;0;0;0;1;1;0;0;1;1;1;0;0;1;1;0;0;0;1;0;1;0;0;0;0;1;1;0;0;0;0;1;1;0;0;1;1.46
1;0;1;1;1;1;0;0;0;1;1;0;0;1;1;1;0;0;1;1;0;0;0;0;1;1;0;0;0;0;1;1;0;0;0;0;1;1;0;0;1;1.44
1;0;1;1;1;1;0;0;0;1;1;0;0;1;1;1;0;1;0;1;0;0;1;0;0;1;0;0;0;0;1;1;0;0;0;0;1;1;1;0;0;2.4
1;0;1;0;1;0;0;0;1;1;0;1;0;1;0;1;1;0;0;1;1;0;0;0;0;1;1;0;0;0;0;1;1;0;0;0;0;1;0;1;0;39.54
1;0;1;0;1;0;0;0;1;1;0;1;0;1;0;1;0;0;1;1;1;0;0;0;0;1;1;0;0;0;0;1;1;0;0;0;0;1;0;1;0;39.5
1;0;1;0;1;0;0;0;1;1;0;1;0;1;0;1;1;0;0;1;1;0;0;0;0;1;0;1;0;0;0;1;1;0;0;0;0;1;0;1;0;22.9
1;0;1;0;1;0;0;0;1;1;0;1;0;1;0;1;0;0;1;1;0;1;0;0;0;1;0;1;0;0;0;1;1;0;0;0;0;1;0;1;0;22.92
1;0;1;0;1;0;0;0;1;1;0;1;0;1;0;1;1;0;0;1;0;1;0;0;0;1;0;0;1;0;0;1;1;0;0;0;0;1;0;1;0;22.77
1;0;1;0;1;0;0;0;1;1;0;1;0;1;0;1;0;0;1;1;0;0;0;1;0;1;0;0;0;1;0;1;1;0;0;0;0;1;0;1;0;22.96
1;0;1;0;1;0;0;0;1;1;0;1;0;1;0;1;1;0;0;1;1;0;0;0;0;1;0;1;0;0;0;1;0;1;0;0;0;1;0;1;0;12.27
1;0;1;0;1;0;0;0;1;1;0;1;0;1;0;1;0;0;1;1;1;0;0;0;0;1;0;1;0;0;0;1;0;1;0;0;0;1;0;1;0;12.26
1;0;1;0;1;0;0;0;1;1;0;1;0;1;0;1;1;0;0;1;0;1;0;0;0;1;0;1;0;0;0;1;0;1;0;0;0;1;0;1;0;11.99
1;0;1;0;1;0;0;0;1;1;0;1;0;1;0;1;0;0;1;1;0;1;0;0;0;1;0;1;0;0;0;1;0;1;0;0;0;1;0;1;0;12.28
1;0;1;0;1;0;0;0;1;1;0;1;0;1;0;1;0;0;1;1;0;0;1;0;0;1;0;1;0;0;0;1;0;1;0;0;0;1;0;1;0;12.16
1;0;1;0;1;0;0;0;1;1;0;1;0;1;0;1;0;0;1;1;1;0;0;0;0;1;0;0;0;1;0;1;0;1;0;0;0;1;0;1;0;12.21
1;0;1;0;1;0;0;0;1;1;0;1;0;1;0;1;1;0;0;1;0;0;0;1;0;1;0;0;0;1;0;1;0;1;0;0;0;1;0;1;0;12.18
1;0;1;0;1;0;0;0;1;1;0;1;0;1;0;1;0;0;1;1;0;1;0;0;0;1;0;1;0;0;0;1;0;0;1;0;0;1;0;1;0;5.53
1;0;1;0;1;0;0;0;1;1;0;1;0;1;0;1;0;0;1;1;0;0;0;1;0;1;0;1;0;0;0;1;0;0;1;0;0;1;0;1;0;5.58
1;0;1;0;1;0;0;0;1;1;0;1;0;1;0;1;0;0;1;1;0;0;0;0;1;1;0;1;0;0;0;1;0;0;1;0;0;1;0;1;0;5.58
1;0;1;0;1;0;0;0;1;1;0;1;0;1;0;1;1;0;0;1;0;1;0;0;0;1;0;1;0;0;0;1;0;0;0;1;0;1;0;1;0;1.61
1;0;1;0;1;0;0;0;1;1;0;1;0;1;0;1;0;0;1;1;0;0;1;0;0;1;0;1;0;0;0;1;0;0;0;1;0;1;0;1;0;1.59
1;0;1;0;1;0;0;0;1;1;0;1;0;1;0;1;0;0;1;1;0;0;0;1;0;1;0;1;0;0;0;1;0;0;0;1;0;1;0;1;0;1.6
1;0;1;0;1;0;0;0;1;1;0;1;0;1;0;1;1;0;0;1;0;0;0;0;1;1;0;1;0;0;0;1;0;0;0;1;0;1;0;1;0;1.6
1;0;1;0;1;0;0;0;1;1;0;1;0;1;0;1;0;0;1;1;0;0;0;0;1;1;0;1;0;0;0;1;0;0;0;1;0;1;0;1;0;1.57
1;0;1;0;1;0;0;0;1;1;0;1;0;1;0;1;1;0;0;1;0;0;0;0;1;1;0;0;0;1;0;1;0;0;0;1;0;1;0;1;0;1.58
1;0;1;0;1;0;0;0;1;1;0;1;0;1;0;1;1;0;0;1;1;0;0;0;0;1;0;0;0;0;1;1;0;0;0;1;0;1;0;1;0;1.62
1;0;1;0;1;0;0;0;1;1;0;1;0;1;0;1;1;0;0;1;0;0;0;1;0;1;0;0;0;0;1;1;0;0;0;1;0;1;0;1;0;1.58
1;0;1;0;1;0;0;0;1;1;0;1;0;1;0;1;0;0;1;1;0;0;0;1;0;1;0;0;0;0;1;1;0;0;0;1;0;1;0;1;0;1.6
1;0;1;0;1;0;0;0;1;1;0;1;0;1;0;1;1;0;0;1;0;1;0;0;0;1;1;0;0;0;0;1;0;0;0;0;1;1;0;1;0;1.92
1;0;1;0;1;0;0;0;1;1;0;1;0;1;0;1;1;0;0;1;0;0;0;1;0;1;1;0;0;0;0;1;0;0;0;0;1;1;0;1;0;1.82
1;0;1;0;1;0;0;0;1;1;0;1;0;1;0;1;0;0;1;1;1;0;0;0;0;1;0;1;0;0;0;1;0;0;0;0;1;1;0;1;0;1.54
1;0;1;0;1;0;0;0;1;1;0;1;0;1;0;1;1;0;0;1;0;1;0;0;0;1;0;1;0;0;0;1;0;0;0;0;1;1;0;1;0;1.51
1;0;1;0;1;0;0;0;1;1;0;1;0;1;0;1;0;0;1;1;0;1;0;0;0;1;0;1;0;0;0;1;0;0;0;0;1;1;0;1;0;1.56
1;0;1;0;1;0;0;0;1;1;0;1;0;1;0;1;0;0;1;1;0;1;0;0;0;1;0;0;1;0;0;1;0;0;0;0;1;1;0;1;0;1.57
1;0;1;0;1;0;0;0;1;1;0;1;0;1;0;1;0;0;1;1;0;0;0;1;0;1;0;0;1;0;0;1;0;0;0;0;1;1;0;1;0;1.56
1;0;1;0;1;0;0;0;1;1;0;1;0;1;0;1;1;0;0;1;0;0;0;0;1;1;0;0;1;0;0;1;0;0;0;0;1;1;0;1;0;1.54
1;0;1;0;1;0;0;0;1;1;0;1;0;1;0;1;1;0;0;1;1;0;0;0;0;1;0;0;0;0;1;1;0;0;0;0;1;1;0;1;0;1.56
1;0;1;0;1;0;0;0;1;1;0;1;0;1;0;1;1;0;0;1;0;0;0;1;0;1;0;0;0;0;1;1;0;0;0;0;1;1;0;1;0;1.55
1;0;1;1;1;0;1;0;0;1;0;1;0;1;1;1;0;1;0;1;0;0;1;0;0;1;1;0;0;0;0;1;0;0;1;0;0;1;0;0;1;9.87
1;0;1;0;1;0;1;0;0;1;0;1;0;1;0;1;1;0;0;1;0;0;0;1;0;1;0;0;0;1;0;1;0;1;0;0;0;1;0;1;0;13.56
1;0;1;0;1;0;1;0;0;1;0;1;0;1;0;1;1;0;0;1;1;0;0;0;0;1;0;0;0;0;1;1;0;1;0;0;0;1;0;1;0;14
1;0;1;0;1;0;1;0;0;1;0;1;0;1;0;1;1;0;0;1;0;0;0;1;0;1;0;0;0;0;1;1;0;1;0;0;0;1;0;1;0;13.52
1;0;1;0;1;0;1;0;0;1;0;1;0;1;0;1;1;0;0;1;0;0;0;0;1;1;0;1;0;0;0;1;0;0;0;1;0;1;0;1;0;1.51
1;0;1;0;1;0;1;0;0;1;0;1;0;1;0;1;1;0;0;1;0;0;0;1;0;1;0;0;0;1;0;1;0;0;0;1;0;1;0;1;0;1.56
1;0;1;0;1;0;1;0;0;1;0;1;0;1;0;1;1;0;0;1;0;0;0;0;1;1;0;0;0;1;0;1;0;0;0;1;0;1;0;1;0;1.58
1;0;1;0;1;0;1;0;0;1;0;1;0;1;0;1;1;0;0;1;0;1;0;0;0;1;0;0;0;0;1;1;0;0;0;1;0;1;0;1;0;1.59
1;0;1;0;1;0;1;0;0;1;0;1;0;1;0;1;1;0;0;1;1;0;0;0;0;1;1;0;0;0;0;1;0;0;0;0;1;1;0;1;0;1.9
1;0;1;0;1;0;1;0;0;1;0;1;0;1;0;1;1;0;0;1;0;0;0;1;0;1;1;0;0;0;0;1;0;0;0;0;1;1;0;1;0;1.79
1;0;1;0;1;0;1;0;0;1;0;1;0;1;0;1;1;0;0;1;0;1;0;0;0;1;0;1;0;0;0;1;0;0;0;0;1;1;0;1;0;1.57
1;0;1;0;1;0;1;0;0;1;0;1;0;1;0;1;1;0;0;1;1;0;0;0;0;1;0;0;1;0;0;1;0;0;0;0;1;1;0;1;0;1.52
1;0;1;0;1;0;1;0;0;1;0;1;0;1;0;1;1;0;0;1;0;0;0;1;0;1;0;0;0;0;1;1;0;0;0;0;1;1;0;1;0;1.56
1;0;1;0;1;0;1;0;0;1;0;1;0;1;0;1;1;0;0;1;0;1;0;0;0;1;1;0;0;0;0;1;1;0;0;0;0;1;0;1;0;48.29
1;0;1;0;1;0;1;0;0;1;0;1;0;1;0;1;1;0;0;1;0;0;1;0;0;1;0;1;0;0;0;1;1;0;0;0;0;1;0;1;0;27.46
1;0;1;0;1;0;1;0;0;1;0;1;0;1;0;1;1;0;0;1;0;0;0;0;1;1;0;0;1;0;0;1;1;0;0;0;0;1;0;1;0;28.73
1;0;1;0;1;0;1;0;0;1;0;1;0;1;0;1;1;0;0;1;1;0;0;0;0;1;0;0;0;0;1;1;1;0;0;0;0;1;0;1;0;26.99
1;0;1;0;1;0;1;0;0;1;0;1;0;1;0;1;1;0;0;1;1;0;0;0;0;1;0;1;0;0;0;1;0;1;0;0;0;1;0;1;0;14.32
1;0;1;0;1;0;1;0;0;1;0;1;0;1;0;1;1;0;0;1;0;1;0;0;0;1;0;1;0;0;0;1;0;1;0;0;0;1;0;1;0;13.81
1;0;1;0;1;0;1;0;0;1;0;1;0;1;0;1;1;0;0;1;0;0;0;1;0;1;0;1;0;0;0;1;0;1;0;0;0;1;0;1;0;14.09
1;0;1;0;1;0;1;0;0;1;0;1;0;1;0;1;1;0;0;1;0;1;0;0;0;1;0;0;0;1;0;1;0;1;0;0;0;1;0;1;0;13.6
1;0;1;1;1;0;0;0;1;1;0;1;0;0;0;1;1;0;0;1;0;0;0;1;0;1;0;1;0;0;0;1;0;0;0;0;1;1;0;0;1;0.29
1;0;1;1;1;0;0;0;1;1;0;1;0;0;0;1;1;0;0;1;0;0;0;1;0;1;0;0;0;1;0;1;0;0;0;0;1;1;0;0;1;0.27
1;0;1;1;1;0;0;0;1;1;0;1;0;0;0;1;1;0;0;1;0;0;0;0;1;1;1;0;0;0;0;1;0;0;0;1;0;1;0;1;0;0.53
1;0;1;1;1;0;0;0;1;1;0;1;0;0;0;1;1;0;0;1;0;0;0;0;1;1;1;0;0;0;0;1;0;0;0;0;1;1;0;1;0;0.45
1;0;1;1;1;0;0;0;1;1;0;1;0;0;0;1;1;0;0;1;1;0;0;0;0;1;0;1;0;0;0;1;1;0;0;0;0;1;0;0;1;14.53
1;0;1;1;1;0;0;0;1;1;0;1;0;0;0;1;1;0;0;1;1;0;0;0;0;1;0;0;1;0;0;1;1;0;0;0;0;1;0;0;1;14.5
1;0;1;1;1;0;0;0;1;1;0;1;0;0;0;1;1;0;0;1;1;0;0;0;0;1;0;0;0;1;0;1;1;0;0;0;0;1;0;0;1;14.64
1;0;1;1;1;0;0;0;1;1;0;1;0;0;0;1;1;0;0;1;1;0;0;0;0;1;0;0;0;0;1;1;1;0;0;0;0;1;0;0;1;14.59
1;0;1;1;1;0;0;0;1;1;0;1;0;0;0;1;1;0;0;1;1;0;0;0;0;1;1;0;0;0;0;1;0;1;0;0;0;1;0;0;1;6.34
1;0;1;1;1;0;0;0;1;1;0;1;0;0;0;1;1;0;0;1;1;0;0;0;0;1;0;0;0;1;0;1;0;1;0;0;0;1;0;0;1;3.85
1;0;1;1;1;0;0;0;1;1;0;1;0;0;0;1;1;0;0;1;1;0;0;0;0;1;0;1;0;0;0;1;0;0;1;0;0;1;0;0;1;2.4
1;0;1;1;1;0;0;0;1;1;0;1;0;0;0;1;1;0;0;1;0;0;0;1;0;1;0;0;0;0;1;1;0;0;1;0;0;1;0;0;1;2.71
1;0;1;1;1;0;0;0;1;1;0;1;0;0;0;1;1;0;0;1;0;0;0;0;1;1;0;0;0;0;1;1;0;0;1;0;0;1;0;0;1;2.85
1;0;1;1;1;0;0;0;1;1;0;1;0;0;0;1;1;0;0;1;0;0;0;1;0;1;1;0;0;0;0;1;0;1;0;0;0;1;0;1;0;8.31
1;1;0;0;1;0;0;0;1;1;1;0;0;1;0;1;1;0;0;1;0;0;0;1;0;1;0;1;0;0;0;1;0;1;0;0;0;1;0;1;0;9.83
1;1;0;0;1;0;0;0;1;1;1;0;0;1;0;1;1;0;0;1;1;0;0;0;0;1;0;1;0;0;0;1;0;0;1;0;0;1;0;1;0;7.28
1;1;0;0;1;0;0;0;1;1;1;0;0;1;0;1;1;0;0;1;0;1;0;0;0;1;0;0;0;0;1;1;0;0;1;0;0;1;0;1;0;7.3
1;1;0;0;1;0;0;0;1;1;1;0;0;1;0;1;1;0;0;1;0;0;0;1;0;1;0;0;0;0;1;1;0;0;0;1;0;1;0;1;0;5.24
1;1;0;1;1;0;0;0;1;1;1;0;0;0;0;1;1;0;0;1;0;1;0;0;0;1;1;0;0;0;0;1;0;0;1;0;0;1;0;0;1;2.87
1;1;0;1;1;0;0;0;1;1;1;0;0;0;0;1;1;0;0;1;0;1;0;0;0;1;1;0;0;0;0;1;0;0;0;0;1;1;0;0;1;2.87
1;1;0;1;1;0;0;0;1;1;1;0;0;0;0;1;1;0;0;1;0;0;0;1;0;1;0;1;0;0;0;1;0;0;0;0;1;1;0;0;1;2.55
1;1;0;1;1;0;0;0;1;1;1;0;0;0;0;1;1;0;0;1;0;0;1;0;0;1;0;0;0;1;0;1;0;0;0;0;1;1;0;0;1;2.5
1;1;0;1;1;0;0;0;1;1;1;0;0;0;0;1;1;0;0;1;0;0;0;0;1;1;0;0;0;1;0;1;1;0;0;0;0;1;0;1;0;15.43
1;1;0;1;1;0;0;0;1;1;1;0;0;0;0;1;1;0;0;1;0;0;0;0;1;1;0;1;0;0;0;1;0;1;0;0;0;1;0;1;0;6.48
1;1;0;1;1;0;0;0;1;1;1;0;0;0;0;1;1;0;0;1;0;0;0;0;1;1;1;0;0;0;0;1;0;0;1;0;0;1;0;1;0;3.33
1;1;0;1;1;0;0;0;1;1;1;0;0;0;0;1;1;0;0;1;0;0;0;0;1;1;1;0;0;0;0;1;0;0;0;1;0;1;0;1;0;3.15
1;1;0;1;1;0;0;0;1;1;1;0;0;0;0;1;1;0;0;1;0;0;1;0;0;1;1;0;0;0;0;1;0;0;0;0;1;1;0;1;0;2.87
1;1;0;1;1;0;0;0;1;1;1;0;0;0;0;1;1;0;0;1;0;0;0;0;1;1;0;0;0;1;0;1;0;0;0;0;1;1;0;1;0;2.59
1;1;0;1;1;0;0;0;1;1;1;0;0;0;0;1;1;0;0;1;1;0;0;0;0;1;0;0;0;1;0;1;1;0;0;0;0;1;0;0;1;12.94
1;1;0;1;1;0;0;0;1;1;1;0;0;0;0;1;1;0;0;1;1;0;0;0;0;1;0;0;0;0;1;1;1;0;0;0;0;1;0;0;1;12.99
1;1;0;1;1;0;0;0;1;1;1;0;0;0;0;1;1;0;0;1;0;1;0;0;0;1;0;1;0;0;0;1;0;1;0;0;0;1;0;0;1;4.75
1;1;0;1;1;0;0;0;1;1;1;0;0;0;0;1;1;0;0;1;0;0;1;0;0;1;0;0;1;0;0;1;0;1;0;0;0;1;0;0;1;6.41
1;1;0;1;1;0;0;0;1;1;1;0;0;0;0;1;1;0;0;1;1;0;0;0;0;1;0;0;0;1;0;1;0;1;0;0;0;1;0;0;1;4.22
1;1;0;1;1;0;0;0;1;1;1;0;0;0;0;1;1;0;0;1;0;1;0;0;0;1;0;0;0;1;0;1;0;1;0;0;0;1;0;0;1;4.75
1;1;0;1;1;0;0;0;1;1;1;0;0;0;0;1;0;1;0;1;0;1;0;0;0;1;1;0;0;0;0;1;1;0;0;0;0;1;1;0;0;33.54
1;1;0;1;1;0;0;0;1;1;1;0;0;0;0;1;0;1;0;1;0;0;1;0;0;1;1;0;0;0;0;1;1;0;0;0;0;1;1;0;0;40.87
1;1;0;1;1;0;0;0;1;1;1;0;0;0;0;1;0;1;0;1;0;0;0;1;0;1;1;0;0;0;0;1;1;0;0;0;0;1;1;0;0;46.82
1;1;0;1;1;0;0;0;1;1;1;0;0;0;0;1;0;1;0;1;1;0;0;0;0;1;0;1;0;0;0;1;1;0;0;0;0;1;1;0;0;30.16
1;1;0;1;1;0;0;0;1;1;1;0;0;0;0;1;0;1;0;1;1;0;0;0;0;1;0;0;1;0;0;1;1;0;0;0;0;1;1;0;0;30.22
1;1;0;1;1;0;0;0;1;1;1;0;0;0;0;1;0;1;0;1;0;0;1;0;0;1;0;0;1;0;0;1;1;0;0;0;0;1;1;0;0;40.84
1;1;0;1;1;0;0;0;1;1;1;0;0;0;0;1;0;1;0;1;0;0;0;0;1;1;0;0;1;0;0;1;1;0;0;0;0;1;1;0;0;54.08
1;1;0;1;1;0;0;0;1;1;1;0;0;0;0;1;0;1;0;1;1;0;0;0;0;1;0;0;0;1;0;1;1;0;0;0;0;1;1;0;0;30.23
1;1;0;1;1;0;0;0;1;1;1;0;0;0;0;1;0;1;0;1;0;1;0;0;0;1;0;0;0;1;0;1;1;0;0;0;0;1;1;0;0;33.58
1;1;0;1;1;0;0;0;1;1;1;0;0;0;0;1;0;1;0;1;0;0;1;0;0;1;0;0;0;0;1;1;1;0;0;0;0;1;1;0;0;40.86
1;1;0;1;1;0;0;0;1;1;1;0;0;0;0;1;0;1;0;1;0;1;0;0;0;1;1;0;0;0;0;1;0;1;0;0;0;1;1;0;0;9.75
1;1;0;1;1;0;0;0;1;1;1;0;0;0;0;1;0;1;0;1;0;0;1;0;0;1;1;0;0;0;0;1;0;1;0;0;0;1;1;0;0;11.2
1;1;0;1;1;0;0;0;1;1;1;0;0;0;0;1;0;1;0;1;0;0;0;1;0;1;1;0;0;0;0;1;0;1;0;0;0;1;1;0;0;13.46
1;1;0;1;1;0;0;0;1;1;1;0;0;0;0;1;0;1;0;1;1;0;0;0;0;1;0;1;0;0;0;1;0;1;0;0;0;1;1;0;0;8.31
1;1;0;1;1;0;0;0;1;1;1;0;0;0;0;1;0;1;0;1;0;1;0;0;0;1;0;1;0;0;0;1;0;1;0;0;0;1;1;0;0;9.74
1;1;0;1;1;0;0;0;1;1;1;0;0;0;0;1;0;1;0;1;0;0;1;0;0;1;0;1;0;0;0;1;0;1;0;0;0;1;1;0;0;11.27
1;1;0;1;1;0;0;0;1;1;1;0;0;0;0;1;0;1;0;1;0;0;0;1;0;1;0;1;0;0;0;1;0;1;0;0;0;1;1;0;0;13.48
1;1;0;1;1;0;0;0;1;1;1;0;0;0;0;1;0;1;0;1;0;0;1;0;0;1;0;0;1;0;0;1;0;1;0;0;0;1;1;0;0;11.24
1;1;0;1;1;0;0;0;1;1;1;0;0;0;0;1;0;1;0;1;0;0;0;1;0;1;0;0;1;0;0;1;0;1;0;0;0;1;1;0;0;13.44
1;1;0;1;1;0;0;0;1;1;1;0;0;0;0;1;0;1;0;1;0;0;0;0;1;1;0;0;1;0;0;1;0;1;0;0;0;1;1;0;0;15.36
1;1;0;1;1;0;0;0;1;1;1;0;0;0;0;1;0;1;0;1;1;0;0;0;0;1;0;0;0;1;0;1;0;1;0;0;0;1;1;0;0;8.32
1;1;0;1;1;0;0;0;1;1;1;0;0;0;0;1;0;1;0;1;0;1;0;0;0;1;0;0;0;1;0;1;0;1;0;0;0;1;1;0;0;9.71
1;1;0;1;1;0;0;0;1;1;1;0;0;0;0;1;0;1;0;1;0;1;0;0;0;1;0;0;0;0;1;1;0;1;0;0;0;1;1;0;0;9.68
1;1;0;1;1;0;0;0;1;1;1;0;0;0;0;1;0;1;0;1;0;0;1;0;0;1;1;0;0;0;0;1;0;0;1;0;0;1;1;0;0;5.23
1;1;0;1;1;0;0;0;1;1;1;0;0;0;0;1;0;1;0;1;0;0;1;0;0;1;0;1;0;0;0;1;0;0;1;0;0;1;1;0;0;5.2
1;1;0;1;1;0;0;0;1;1;1;0;0;0;0;1;0;1;0;1;1;0;0;0;0;1;0;0;1;0;0;1;0;0;1;0;0;1;1;0;0;4.16
1;1;0;1;1;0;0;0;1;1;1;0;0;0;0;1;0;1;0;1;0;1;0;0;0;1;0;0;1;0;0;1;0;0;1;0;0;1;1;0;0;4.76
1;1;0;1;1;0;0;0;1;1;1;0;0;0;0;1;0;1;0;1;0;0;0;1;0;1;0;0;1;0;0;1;0;0;1;0;0;1;1;0;0;5.66
1;1;0;1;1;0;0;0;1;1;1;0;0;0;0;1;0;1;0;1;0;0;1;0;0;1;0;0;0;1;0;1;0;0;1;0;0;1;1;0;0;5.18
1;1;0;1;1;0;0;0;1;1;1;0;0;0;0;1;0;1;0;1;0;0;0;0;1;1;0;0;0;1;0;1;0;0;1;0;0;1;1;0;0;6.07
1;1;0;1;1;0;0;0;1;1;1;0;0;0;0;1;0;1;0;1;1;0;0;0;0;1;0;0;0;0;1;1;0;0;1;0;0;1;1;0;0;4.08
1;1;0;1;1;0;0;0;1;1;1;0;0;0;0;1;0;1;0;1;1;0;0;0;0;1;1;0;0;0;0;1;0;0;0;1;0;1;1;0;0;3.94
1;1;0;1;1;0;0;0;1;1;1;0;0;0;0;1;0;1;0;1;0;0;1;0;0;1;1;0;0;0;0;1;0;0;0;1;0;1;1;0;0;5.07
1;1;0;1;1;0;0;0;1;1;1;0;0;0;0;1;0;1;0;1;1;0;0;0;0;1;0;1;0;0;0;1;0;0;0;1;0;1;1;0;0;3.96
1;1;0;1;1;0;0;0;1;1;1;0;0;0;0;1;0;1;0;1;0;0;0;1;0;1;0;1;0;0;0;1;0;0;0;1;0;1;1;0;0;5.44
1;1;0;1;1;0;0;0;1;1;1;0;0;0;0;1;0;1;0;1;1;0;0;0;0;1;0;0;1;0;0;1;0;0;0;1;0;1;1;0;0;4.01
1;1;0;1;1;0;0;0;1;1;1;0;0;0;0;1;0;1;0;1;0;0;1;0;0;1;0;0;1;0;0;1;0;0;0;1;0;1;1;0;0;5.07
1;1;0;1;1;0;0;0;1;1;1;0;0;0;0;1;0;1;0;1;0;0;0;1;0;1;0;0;1;0;0;1;0;0;0;1;0;1;1;0;0;5.46
1;1;0;1;1;0;0;0;1;1;1;0;0;0;0;1;0;1;0;1;0;0;1;0;0;1;0;0;0;1;0;1;0;0;0;1;0;1;1;0;0;5.06
1;1;0;1;1;0;0;0;1;1;1;0;0;0;0;1;0;1;0;1;0;0;0;1;0;1;0;0;0;1;0;1;0;0;0;1;0;1;1;0;0;5.45
1;1;0;1;1;0;0;0;1;1;1;0;0;0;0;1;0;1;0;1;0;0;1;0;0;1;1;0;0;0;0;1;0;0;0;0;1;1;1;0;0;4.93
1;1;0;1;1;0;0;0;1;1;1;0;0;0;0;1;0;1;0;1;0;0;0;1;0;1;1;0;0;0;0;1;0;0;0;0;1;1;1;0;0;5.47
1;1;0;1;1;0;0;0;1;1;1;0;0;0;0;1;0;1;0;1;0;0;0;0;1;1;1;0;0;0;0;1;0;0;0;0;1;1;1;0;0;5.8
1;1;0;1;1;0;0;0;1;1;1;0;0;0;0;1;0;1;0;1;1;0;0;0;0;1;0;1;0;0;0;1;0;0;0;0;1;1;1;0;0;3.98
1;1;0;1;1;0;0;0;1;1;1;0;0;0;0;1;0;1;0;1;0;0;1;0;0;1;0;1;0;0;0;1;0;0;0;0;1;1;1;0;0;4.95
1;1;0;1;1;0;0;0;1;1;1;0;0;0;0;1;0;1;0;1;1;0;0;0;0;1;0;0;1;0;0;1;0;0;0;0;1;1;1;0;0;4
1;1;0;1;1;0;0;0;1;1;1;0;0;0;0;1;0;1;0;1;0;0;0;0;1;1;0;0;1;0;0;1;0;0;0;0;1;1;1;0;0;5.82
1;1;0;1;1;0;0;0;1;1;1;0;0;0;0;1;0;1;0;1;1;0;0;0;0;1;0;0;0;1;0;1;0;0;0;0;1;1;1;0;0;3.92
1;1;0;1;1;0;0;0;1;1;1;0;0;0;0;1;0;1;0;1;0;0;1;0;0;1;0;0;0;1;0;1;0;0;0;0;1;1;1;0;0;4.9
1;1;0;1;1;0;0;0;1;1;1;0;0;0;0;1;0;1;0;1;0;0;0;0;1;1;0;0;0;1;0;1;0;0;0;0;1;1;1;0;0;5.79
1;1;0;1;1;0;0;0;1;1;1;0;0;0;0;1;0;1;0;1;1;0;0;0;0;1;0;0;0;0;1;1;0;0;0;0;1;1;1;0;0;4.01
1;1;0;1;1;0;0;0;1;1;1;0;0;0;0;1;0;1;0;1;0;0;1;0;0;1;0;0;0;0;1;1;0;0;0;0;1;1;1;0;0;4.94
1;1;0;0;1;0;0;0;1;1;1;0;0;0;0;1;0;0;1;1;0;1;0;0;0;1;0;0;0;1;0;1;0;1;0;0;0;1;0;1;0;4.94
1;1;0;0;1;0;0;0;1;1;1;0;0;0;0;1;0;0;1;1;0;0;1;0;0;1;0;0;0;1;0;1;0;1;0;0;0;1;0;1;0;5.65
1;1;0;0;1;0;0;0;1;1;1;0;0;0;0;1;0;0;1;1;0;0;0;0;1;1;0;0;0;1;0;1;0;1;0;0;0;1;0;1;0;6.52
1;1;0;0;1;0;0;0;1;1;1;0;0;0;0;1;0;0;1;1;1;0;0;0;0;1;0;0;0;0;1;1;0;1;0;0;0;1;0;1;0;4.27
1;1;0;0;1;0;0;0;1;1;1;0;0;0;0;1;0;0;1;1;0;0;1;0;0;1;0;0;0;0;1;1;0;1;0;0;0;1;0;1;0;5.73
1;1;0;0;1;0;0;0;1;1;1;0;0;0;0;1;0;0;1;1;0;0;0;1;0;1;0;0;0;0;1;1;0;1;0;0;0;1;0;1;0;6.25
1;1;0;0;1;0;0;0;1;1;1;0;0;0;0;1;0;0;1;1;0;0;0;0;1;1;0;0;0;0;1;1;0;1;0;0;0;1;0;1;0;6.45
1;1;0;0;1;0;0;0;1;1;1;0;0;0;0;1;0;0;1;1;1;0;0;0;0;1;1;0;0;0;0;1;0;0;1;0;0;1;0;1;0;3.2
1;1;0;0;1;0;0;0;1;1;1;0;0;0;0;1;0;0;1;1;0;1;0;0;0;1;1;0;0;0;0;1;0;0;1;0;0;1;0;1;0;3.53
1;1;0;0;1;0;0;0;1;1;1;0;0;0;0;1;0;0;1;1;0;0;1;0;0;1;1;0;0;0;0;1;0;0;1;0;0;1;0;1;0;3.76
1;1;0;0;1;0;0;0;1;1;1;0;0;0;0;1;0;0;1;1;0;0;0;1;0;1;1;0;0;0;0;1;0;0;1;0;0;1;0;1;0;4.06
1;1;0;0;1;0;0;0;1;1;1;0;0;0;0;1;0;0;1;1;0;0;0;0;1;1;1;0;0;0;0;1;0;0;1;0;0;1;0;1;0;4.23
1;1;0;0;1;0;0;0;1;1;1;0;0;0;0;1;0;0;1;1;1;0;0;0;0;1;0;1;0;0;0;1;0;0;1;0;0;1;0;1;0;2.81
1;1;0;0;1;0;0;0;1;1;1;0;0;0;0;1;0;0;1;1;0;1;0;0;0;1;0;1;0;0;0;1;0;0;1;0;0;1;0;1;0;3.06
1;1;0;0;1;0;0;0;1;1;1;0;0;0;0;1;0;0;1;1;0;0;1;0;0;1;0;1;0;0;0;1;0;0;1;0;0;1;0;1;0;3.21
1;1;0;0;1;0;0;0;1;1;1;0;0;0;0;1;0;0;1;1;0;0;0;0;1;1;0;1;0;0;0;1;0;0;1;0;0;1;0;1;0;3.49
1;1;0;0;1;0;0;0;1;1;1;0;0;0;0;1;0;0;1;1;1;0;0;0;0;1;0;0;1;0;0;1;0;0;1;0;0;1;0;1;0;2.84
1;1;0;0;1;0;0;0;1;1;1;0;0;0;0;1;0;0;1;1;0;1;0;0;0;1;0;0;1;0;0;1;0;0;1;0;0;1;0;1;0;3.02
1;1;0;0;1;0;0;0;1;1;1;0;0;0;0;1;0;0;1;1;0;0;1;0;0;1;0;0;1;0;0;1;0;0;1;0;0;1;0;1;0;3.18
1;1;0;0;1;0;0;0;1;1;1;0;0;0;0;1;0;0;1;1;0;0;0;1;0;1;0;0;1;0;0;1;0;0;1;0;0;1;0;1;0;3.43
1;1;0;0;1;0;0;0;1;1;1;0;0;0;0;1;0;0;1;1;0;0;0;0;1;1;0;0;1;0;0;1;0;0;1;0;0;1;0;1;0;3.48
1;1;0;0;1;0;0;0;1;1;1;0;0;0;0;1;0;0;1;1;1;0;0;0;0;1;0;0;0;1;0;1;0;0;1;0;0;1;0;1;0;2.84
1;1;0;0;1;0;0;0;1;1;1;0;0;0;0;1;0;0;1;1;0;1;0;0;0;1;0;0;0;1;0;1;0;0;1;0;0;1;0;1;0;3.04
1;1;0;0;1;0;0;0;1;1;1;0;0;0;0;1;0;0;1;1;0;0;1;0;0;1;0;0;0;1;0;1;0;0;1;0;0;1;0;1;0;3.21
1;1;0;0;1;0;0;0;1;1;1;0;0;0;0;1;0;0;1;1;0;0;0;1;0;1;0;0;0;1;0;1;0;0;1;0;0;1;0;1;0;3.38
1;1;0;0;1;0;0;0;1;1;1;0;0;0;0;1;0;0;1;1;0;0;0;0;1;1;0;0;0;1;0;1;0;0;1;0;0;1;0;1;0;3.51
1;1;0;0;1;0;0;0;1;1;1;0;0;0;0;1;0;0;1;1;1;0;0;0;0;1;0;0;0;0;1;1;0;0;1;0;0;1;0;1;0;2.76
1;1;0;0;1;0;0;0;1;1;1;0;0;0;0;1;0;0;1;1;0;1;0;0;0;1;0;0;0;0;1;1;0;0;1;0;0;1;0;1;0;3.03
1;1;0;0;1;0;0;0;1;1;1;0;0;0;0;1;0;0;1;1;0;0;1;0;0;1;0;0;0;0;1;1;0;0;1;0;0;1;0;1;0;3.19
1;1;0;0;1;0;0;0;1;1;1;0;0;0;0;1;0;0;1;1;0;0;0;1;0;1;0;0;0;0;1;1;0;0;1;0;0;1;0;1;0;3.4
1;1;0;0;1;0;0;0;1;1;1;0;0;0;0;1;0;0;1;1;0;0;0;0;1;1;0;0;0;0;1;1;0;0;1;0;0;1;0;1;0;3.52
1;1;0;0;1;0;0;0;1;1;1;0;0;0;0;1;0;0;1;1;1;0;0;0;0;1;1;0;0;0;0;1;0;0;0;1;0;1;0;1;0;3.11
1;1;0;0;1;0;0;0;1;1;1;0;0;0;0;1;0;0;1;1;0;1;0;0;0;1;1;0;0;0;0;1;0;0;0;1;0;1;0;1;0;3.39
1;1;0;0;1;0;0;0;1;1;1;0;0;0;0;1;0;0;1;1;0;0;1;0;0;1;1;0;0;0;0;1;0;0;0;1;0;1;0;1;0;3.63
1;1;0;0;1;0;0;0;1;1;1;0;0;0;0;1;0;0;1;1;0;0;0;0;1;1;1;0;0;0;0;1;0;0;0;1;0;1;0;1;0;4.07
1;1;0;0;1;0;0;0;1;1;1;0;0;0;0;1;0;0;1;1;1;0;0;0;0;1;0;1;0;0;0;1;0;0;0;1;0;1;0;1;0;2.74
1;1;0;0;1;0;0;0;1;1;1;0;0;0;0;1;0;0;1;1;0;1;0;0;0;1;0;1;0;0;0;1;0;0;0;1;0;1;0;1;0;2.94
1;1;0;0;1;0;0;0;1;1;1;0;0;0;0;1;0;0;1;1;0;0;1;0;0;1;0;1;0;0;0;1;0;0;0;1;0;1;0;1;0;3.12
1;1;0;0;1;0;0;0;1;1;1;0;0;0;0;1;0;0;1;1;0;0;0;1;0;1;0;1;0;0;0;1;0;0;0;1;0;1;0;1;0;3.25
1;1;0;0;1;0;0;0;1;1;1;0;0;0;0;1;0;0;1;1;0;0;0;0;1;1;0;1;0;0;0;1;0;0;0;1;0;1;0;1;0;3.36
1;1;0;0;1;0;0;0;1;1;1;0;0;0;0;1;0;0;1;1;1;0;0;0;0;1;0;0;1;0;0;1;0;0;0;1;0;1;0;1;0;2.74
1;1;0;0;1;0;0;0;1;1;1;0;0;0;0;1;0;0;1;1;0;1;0;0;0;1;0;0;1;0;0;1;0;0;0;1;0;1;0;1;0;2.98
1;1;0;0;1;0;0;0;1;1;1;0;0;0;0;1;0;0;1;1;0;0;1;0;0;1;0;0;1;0;0;1;0;0;0;1;0;1;0;1;0;3.11
1;1;0;0;1;0;0;0;1;1;1;0;0;0;0;1;0;0;1;1;0;0;0;1;0;1;0;0;1;0;0;1;0;0;0;1;0;1;0;1;0;3.28
1;1;0;0;1;0;0;0;1;1;1;0;0;0;0;1;0;0;1;1;0;0;0;0;1;1;0;0;1;0;0;1;0;0;0;1;0;1;0;1;0;3.33
1;1;0;0;1;0;0;0;1;1;1;0;0;0;0;1;0;0;1;1;1;0;0;0;0;1;0;0;0;1;0;1;0;0;0;1;0;1;0;1;0;2.72
1;1;0;0;1;0;0;0;1;1;1;0;0;0;0;1;0;0;1;1;0;0;1;0;0;1;0;0;0;1;0;1;0;0;0;1;0;1;0;1;0;3.07
1;1;0;0;1;0;0;0;1;1;1;0;0;0;0;1;0;0;1;1;0;0;0;1;0;1;0;0;0;1;0;1;0;0;0;1;0;1;0;1;0;3.24
1;1;0;0;1;0;0;0;1;1;1;0;0;0;0;1;0;0;1;1;0;0;0;0;1;1;0;0;0;1;0;1;0;0;0;1;0;1;0;1;0;3.3
1;1;0;0;1;0;0;0;1;1;1;0;0;0;0;1;0;0;1;1;1;0;0;0;0;1;0;0;0;0;1;1;0;0;0;1;0;1;0;1;0;2.72
1;1;0;0;1;0;0;0;1;1;1;0;0;0;0;1;0;0;1;1;0;1;0;0;0;1;0;0;0;0;1;1;0;0;0;1;0;1;0;1;0;2.93
1;1;0;0;1;0;0;0;1;1;1;0;0;0;0;1;0;0;1;1;0;0;1;0;0;1;0;0;0;0;1;1;0;0;0;1;0;1;0;1;0;3.07
1;1;0;0;1;0;0;0;1;1;1;0;0;0;0;1;0;0;1;1;0;0;0;1;0;1;0;0;0;0;1;1;0;0;0;1;0;1;0;1;0;3.18
1;1;0;0;1;0;0;0;1;1;1;0;0;0;0;1;0;0;1;1;0;0;0;0;1;1;0;0;0;0;1;1;0;0;0;1;0;1;0;1;0;3.36
1;1;0;0;1;0;0;0;1;1;1;0;0;0;0;1;0;0;1;1;1;0;0;0;0;1;1;0;0;0;0;1;0;0;0;0;1;1;0;1;0;3.16
1;1;0;0;1;0;0;0;1;1;1;0;0;0;0;1;0;0;1;1;0;1;0;0;0;1;1;0;0;0;0;1;0;0;0;0;1;1;0;1;0;3.44
1;1;0;0;1;0;0;0;1;1;1;0;0;0;0;1;0;0;1;1;0;0;1;0;0;1;1;0;0;0;0;1;0;0;0;0;1;1;0;1;0;3.48
1;1;0;0;1;0;0;0;1;1;1;0;0;0;0;1;0;0;1;1;0;0;0;1;0;1;1;0;0;0;0;1;0;0;0;0;1;1;0;1;0;3.83
1;1;0;0;1;0;0;0;1;1;1;0;0;0;0;1;0;0;1;1;0;0;0;0;1;1;1;0;0;0;0;1;0;0;0;0;1;1;0;1;0;4.02
1;1;0;0;1;0;0;0;1;1;1;0;0;0;0;1;0;0;1;1;1;0;0;0;0;1;0;1;0;0;0;1;0;0;0;0;1;1;0;1;0;2.75
1;1;0;0;1;0;0;0;1;1;1;0;0;0;0;1;0;0;1;1;0;1;0;0;0;1;0;1;0;0;0;1;0;0;0;0;1;1;0;1;0;2.95
1;1;0;0;1;0;0;0;1;1;1;0;0;0;0;1;0;0;1;1;0;0;1;0;0;1;0;1;0;0;0;1;0;0;0;0;1;1;0;1;0;3
1;1;0;0;1;0;0;0;1;1;1;0;0;0;0;1;0;0;1;1;0;0;0;1;0;1;0;1;0;0;0;1;0;0;0;0;1;1;0;1;0;3.23
1;1;0;0;1;0;0;0;1;1;1;0;0;0;0;1;0;0;1;1;0;0;0;0;1;1;0;1;0;0;0;1;0;0;0;0;1;1;0;1;0;3.31
1;1;0;0;1;0;0;0;1;1;1;0;0;0;0;1;0;0;1;1;1;0;0;0;0;1;0;0;1;0;0;1;0;0;0;0;1;1;0;1;0;2.75
1;1;0;0;1;0;0;0;1;1;1;0;0;0;0;1;0;0;1;1;0;1;0;0;0;1;0;0;1;0;0;1;0;0;0;0;1;1;0;1;0;2.97
1;1;0;0;1;0;0;0;1;1;1;0;0;0;0;1;0;0;1;1;0;0;1;0;0;1;0;0;1;0;0;1;0;0;0;0;1;1;0;1;0;3.03
1;1;0;0;1;0;0;0;1;1;1;0;0;0;0;1;0;0;1;1;0;0;0;1;0;1;0;0;1;0;0;1;0;0;0;0;1;1;0;1;0;3.17
1;1;0;0;1;0;0;0;1;1;1;0;0;0;0;1;0;0;1;1;0;0;0;0;1;1;0;0;1;0;0;1;0;0;0;0;1;1;0;1;0;3.35
1;1;0;0;1;0;0;0;1;1;1;0;0;0;0;1;0;0;1;1;1;0;0;0;0;1;0;0;0;1;0;1;0;0;0;0;1;1;0;1;0;2.67
1;1;0;0;1;0;0;0;1;1;1;0;0;0;0;1;0;0;1;1;0;1;0;0;0;1;0;0;0;1;0;1;0;0;0;0;1;1;0;1;0;2.93
1;1;0;0;1;0;0;0;1;1;1;0;0;0;0;1;0;0;1;1;0;0;1;0;0;1;0;0;0;1;0;1;0;0;0;0;1;1;0;1;0;3
1;1;0;0;1;0;0;0;1;1;1;0;0;0;0;1;0;0;1;1;0;0;0;1;0;1;0;0;0;1;0;1;0;0;0;0;1;1;0;1;0;3.14
1;1;0;0;1;0;0;0;1;1;1;0;0;0;0;1;0;0;1;1;0;0;0;0;1;1;0;0;0;1;0;1;0;0;0;0;1;1;0;1;0;3.3
1;1;0;0;1;0;0;0;1;1;1;0;0;0;0;1;0;0;1;1;1;0;0;0;0;1;0;0;0;0;1;1;0;0;0;0;1;1;0;1;0;2.72
1;1;0;0;1;0;0;0;1;1;1;0;0;0;0;1;0;0;1;1;0;1;0;0;0;1;0;0;0;0;1;1;0;0;0;0;1;1;0;1;0;2.95
1;1;0;0;1;0;0;0;1;1;1;0;0;0;0;1;0;0;1;1;0;0;1;0;0;1;0;0;0;0;1;1;0;0;0;0;1;1;0;1;0;3.03
1;1;0;0;1;0;0;0;1;1;1;0;0;0;0;1;0;0;1;1;0;0;0;1;0;1;0;0;0;0;1;1;0;0;0;0;1;1;0;1;0;3.21
1;1;0;0;1;0;0;0;1;1;1;0;0;0;0;1;0;0;1;1;0;0;0;0;1;1;0;0;0;0;1;1;0;0;0;0;1;1;0;1;0;3.36
1;1;0;0;1;0;0;0;1;1;1;0;0;0;0;1;0;0;1;1;1;0;0;0;0;1;1;0;0;0;0;1;1;0;0;0;0;1;0;1;0;19.38
1;1;0;0;1;0;0;0;1;1;1;0;0;0;0;1;0;0;1;1;0;0;1;0;0;1;1;0;0;0;0;1;1;0;0;0;0;1;0;1;0;23.02
1;1;0;0;1;0;0;0;1;1;1;0;0;0;0;1;0;0;1;1;0;0;0;1;0;1;1;0;0;0;0;1;1;0;0;0;0;1;0;1;0;26.23
1;1;0;0;1;0;0;0;1;1;1;0;0;0;0;1;0;0;1;1;0;0;0;0;1;1;1;0;0;0;0;1;1;0;0;0;0;1;0;1;0;29.16
1;1;0;0;1;0;0;0;1;1;1;0;0;0;0;1;0;0;1;1;1;0;0;0;0;1;0;1;0;0;0;1;1;0;0;0;0;1;0;1;0;15.15
1;1;0;0;1;0;0;0;1;1;1;0;0;0;0;1;0;0;1;1;0;1;0;0;0;1;0;1;0;0;0;1;1;0;0;0;0;1;0;1;0;13.64
1;1;0;0;1;0;0;0;1;1;1;0;0;0;0;1;0;0;1;1;0;0;1;0;0;1;0;1;0;0;0;1;1;0;0;0;0;1;0;1;0;15.25
1;1;0;0;1;0;0;0;1;1;1;0;0;0;0;1;0;0;1;1;0;0;0;1;0;1;0;1;0;0;0;1;1;0;0;0;0;1;0;1;0;17.05
1;1;0;0;1;0;0;0;1;1;1;0;0;0;0;1;0;0;1;1;1;0;0;0;0;1;0;0;1;0;0;1;1;0;0;0;0;1;0;1;0;15.22
1;1;0;0;1;0;0;0;1;1;1;0;0;0;0;1;0;0;1;1;0;1;0;0;0;1;0;0;1;0;0;1;1;0;0;0;0;1;0;1;0;13.6
1;1;0;0;1;0;0;0;1;1;1;0;0;0;0;1;0;0;1;1;0;0;1;0;0;1;0;0;1;0;0;1;1;0;0;0;0;1;0;1;0;15.23
1;1;0;0;1;0;0;0;1;1;1;0;0;0;0;1;0;0;1;1;0;0;0;1;0;1;0;0;1;0;0;1;1;0;0;0;0;1;0;1;0;16.91
1;1;0;0;1;0;0;0;1;1;1;0;0;0;0;1;0;0;1;1;0;0;0;0;1;1;0;0;1;0;0;1;1;0;0;0;0;1;0;1;0;18.6
1;1;0;0;1;0;0;0;1;1;1;0;0;0;0;1;0;0;1;1;1;0;0;0;0;1;0;0;0;1;0;1;1;0;0;0;0;1;0;1;0;15.18
1;1;0;0;1;0;0;0;1;1;1;0;0;0;0;1;0;0;1;1;0;1;0;0;0;1;0;0;0;1;0;1;1;0;0;0;0;1;0;1;0;13.69
1;1;0;0;1;0;0;0;1;1;1;0;0;0;0;1;0;0;1;1;0;0;1;0;0;1;0;0;0;1;0;1;1;0;0;0;0;1;0;1;0;15.22
1;1;0;0;1;0;0;0;1;1;1;0;0;0;0;1;0;0;1;1;0;0;0;1;0;1;0;0;0;1;0;1;1;0;0;0;0;1;0;1;0;16.96
1;1;0;0;1;0;0;0;1;1;1;0;0;0;0;1;0;0;1;1;0;0;0;0;1;1;0;0;0;1;0;1;1;0;0;0;0;1;0;1;0;18.51
1;1;0;0;1;0;0;0;1;1;1;0;0;0;0;1;0;0;1;1;1;0;0;0;0;1;0;0;0;0;1;1;1;0;0;0;0;1;0;1;0;15.16
1;1;0;0;1;0;0;0;1;1;1;0;0;0;0;1;0;0;1;1;0;1;0;0;0;1;0;0;0;0;1;1;1;0;0;0;0;1;0;1;0;13.64
1;1;0;0;1;0;0;0;1;1;1;0;0;0;0;1;0;0;1;1;0;0;1;0;0;1;0;0;0;0;1;1;1;0;0;0;0;1;0;1;0;15.26
1;1;0;0;1;0;0;0;1;1;1;0;0;0;0;1;0;0;1;1;0;0;0;1;0;1;0;0;0;0;1;1;1;0;0;0;0;1;0;1;0;16.9
1;1;0;0;1;0;0;0;1;1;1;0;0;0;0;1;0;0;1;1;0;0;0;0;1;1;0;0;0;0;1;1;1;0;0;0;0;1;0;1;0;18.67
1;1;0;0;1;0;0;0;1;1;1;0;0;0;0;1;0;0;1;1;1;0;0;0;0;1;1;0;0;0;0;1;0;1;0;0;0;1;0;1;0;5.39
1;1;0;0;1;0;0;0;1;1;1;0;0;0;0;1;0;0;1;1;0;1;0;0;0;1;1;0;0;0;0;1;0;1;0;0;0;1;0;1;0;6.42
1;1;0;0;1;0;0;0;1;1;1;0;0;0;0;1;0;0;1;1;0;0;1;0;0;1;1;0;0;0;0;1;0;1;0;0;0;1;0;1;0;7.37
1;1;0;0;1;0;0;0;1;1;1;0;0;0;0;1;0;0;1;1;0;0;0;1;0;1;1;0;0;0;0;1;0;1;0;0;0;1;0;1;0;8.16
1;1;0;0;1;0;0;0;1;1;1;0;0;0;0;1;0;0;1;1;0;0;0;0;1;1;1;0;0;0;0;1;0;1;0;0;0;1;0;1;0;8.55
1;1;0;0;1;0;0;0;1;1;1;0;0;0;0;1;0;0;1;1;1;0;0;0;0;1;0;1;0;0;0;1;0;1;0;0;0;1;0;1;0;4.22
1;1;0;0;1;0;0;0;1;1;1;0;0;0;0;1;0;0;1;1;0;0;1;0;0;1;0;1;0;0;0;1;0;1;0;0;0;1;0;1;0;5.66
1;1;0;0;1;0;0;0;1;1;1;0;0;0;0;1;0;0;1;1;0;0;0;1;0;1;0;1;0;0;0;1;0;1;0;0;0;1;0;1;0;6.24
1;1;0;0;1;0;0;0;1;1;1;0;0;0;0;1;0;0;1;1;0;0;0;0;1;1;0;1;0;0;0;1;0;1;0;0;0;1;0;1;0;6.46
1;1;0;0;1;0;0;0;1;1;1;0;0;0;0;1;0;0;1;1;1;0;0;0;0;1;0;0;1;0;0;1;0;1;0;0;0;1;0;1;0;4.23
1;1;0;0;1;0;0;0;1;1;1;0;0;0;0;1;0;0;1;1;0;1;0;0;0;1;0;0;1;0;0;1;0;1;0;0;0;1;0;1;0;4.92
1;1;0;0;1;0;0;0;1;1;1;0;0;0;0;1;0;0;1;1;0;0;1;0;0;1;0;0;1;0;0;1;0;1;0;0;0;1;0;1;0;5.59
1;1;0;0;1;0;0;0;1;1;1;0;0;0;0;1;0;0;1;1;0;0;0;1;0;1;0;0;1;0;0;1;0;1;0;0;0;1;0;1;0;6.24
1;1;0;0;1;0;0;0;1;1;1;0;0;0;0;1;0;0;1;1;0;0;0;0;1;1;0;0;1;0;0;1;0;1;0;0;0;1;0;1;0;6.54
1;1;0;0;1;0;0;0;1;1;1;0;0;0;0;1;0;0;1;1;1;0;0;0;0;1;0;0;0;1;0;1;0;1;0;0;0;1;0;1;0;4.26
1;0;1;0;1;0;0;1;0;1;0;1;0;0;1;1;0;0;1;1;1;0;0;0;0;1;1;0;0;0;0;1;0;0;0;1;0;1;0;1;0;0.41
1;0;1;0;1;0;0;1;0;1;0;1;0;1;0;1;0;0;1;1;0;0;1;0;0;1;1;0;0;0;0;1;1;0;0;0;0;1;0;1;0;46.95
1;0;1;0;1;0;0;1;0;1;0;1;0;1;0;1;0;0;1;1;0;0;0;1;0;1;1;0;0;0;0;1;1;0;0;0;0;1;0;1;0;47.16
1;0;1;0;1;0;0;1;0;1;0;1;0;1;0;1;0;0;1;1;0;0;0;0;1;1;1;0;0;0;0;1;1;0;0;0;0;1;0;1;0;48.23
1;0;1;0;1;0;0;1;0;1;0;1;0;1;0;1;0;0;1;1;0;1;0;0;0;1;0;1;0;0;0;1;1;0;0;0;0;1;0;1;0;28.03
1;0;1;0;1;0;0;1;0;1;0;1;0;1;0;1;0;0;1;1;0;0;1;0;0;1;0;1;0;0;0;1;1;0;0;0;0;1;0;1;0;26.66
1;0;1;0;1;0;0;1;0;1;0;1;0;1;0;1;0;0;1;1;1;0;0;0;0;1;0;0;0;1;0;1;1;0;0;0;0;1;0;1;0;26.98
1;0;1;0;1;0;0;1;0;1;0;1;0;1;0;1;0;0;1;1;0;1;0;0;0;1;0;0;0;1;0;1;1;0;0;0;0;1;0;1;0;26.86
1;0;1;0;1;0;0;1;0;1;0;1;0;1;0;1;0;0;1;1;0;0;1;0;0;1;0;0;0;1;0;1;1;0;0;0;0;1;0;1;0;27.04
1;0;1;0;1;0;0;1;0;1;0;1;0;1;0;1;0;0;1;1;0;0;0;1;0;1;0;0;0;0;1;1;1;0;0;0;0;1;0;1;0;26.69
1;0;1;0;1;0;0;1;0;1;0;1;0;1;0;1;0;0;1;1;0;0;1;0;0;1;0;1;0;0;0;1;0;1;0;0;0;1;0;1;0;12.71
1;0;1;0;1;0;0;1;0;1;0;1;0;1;0;1;0;0;1;1;0;0;0;1;0;1;0;1;0;0;0;1;0;1;0;0;0;1;0;1;0;13.64
1;0;1;0;1;0;0;1;0;1;0;1;0;1;0;1;0;0;1;1;1;0;0;0;0;1;0;0;0;1;0;1;0;1;0;0;0;1;0;1;0;12.87
1;0;1;0;1;0;0;1;0;1;0;1;0;1;0;1;0;0;1;1;0;0;1;0;0;1;0;0;0;0;1;1;0;1;0;0;0;1;0;1;0;14.13
1;0;1;0;1;0;0;1;0;1;0;1;0;1;0;1;0;0;1;1;0;0;0;1;0;1;0;0;0;0;1;1;0;1;0;0;0;1;0;1;0;13.08
1;0;1;0;1;0;0;1;0;1;0;1;0;1;0;1;0;0;1;1;0;0;0;0;1;1;1;0;0;0;0;1;0;0;1;0;0;1;0;1;0;10.52
1;0;1;0;1;0;0;1;0;1;0;1;0;1;0;1;0;0;1;1;0;0;1;0;0;1;0;1;0;0;0;1;0;0;1;0;0;1;0;1;0;5.89
1;0;1;0;1;0;0;1;0;1;0;1;0;1;0;1;0;0;1;1;0;1;0;0;0;1;0;0;1;0;0;1;0;0;1;0;0;1;0;1;0;6.01
1;0;1;0;1;0;0;1;0;1;0;1;0;1;0;1;0;0;1;1;0;0;1;0;0;1;1;0;0;0;0;1;0;0;0;1;0;1;0;1;0;2.05
1;0;1;0;1;0;0;1;0;1;0;1;0;1;0;1;0;0;1;1;0;1;0;0;0;1;0;1;0;0;0;1;0;0;0;1;0;1;0;1;0;1.57
1;0;1;0;1;0;0;1;0;1;0;1;0;1;0;1;0;0;1;1;0;0;0;1;0;1;0;1;0;0;0;1;0;0;0;1;0;1;0;1;0;1.56
1;0;1;0;1;0;0;1;0;1;0;1;0;1;0;1;0;0;1;1;0;1;0;0;0;1;0;0;0;0;1;1;0;0;0;1;0;1;0;1;0;1.59
1;0;1;0;1;0;0;1;0;1;0;1;0;1;0;1;0;0;1;1;0;0;0;1;0;1;0;0;0;0;1;1;0;0;0;1;0;1;0;1;0;1.6
1;0;1;0;1;0;0;1;0;1;0;1;0;1;0;1;0;0;1;1;0;0;0;1;0;1;1;0;0;0;0;1;0;0;0;0;1;1;0;1;0;1.89
1;0;1;0;1;0;0;1;0;1;0;1;0;1;0;1;0;0;1;1;1;0;0;0;0;1;0;1;0;0;0;1;0;0;0;0;1;1;0;1;0;1.53
1;0;1;0;1;0;0;1;0;1;0;1;0;1;0;1;0;0;1;1;0;1;0;0;0;1;0;1;0;0;0;1;0;0;0;0;1;1;0;1;0;1.5
1;0;1;0;1;0;0;1;0;1;0;1;0;1;0;1;0;0;1;1;1;0;0;0;0;1;0;0;0;1;0;1;0;0;0;0;1;1;0;1;0;1.5
1;0;1;0;1;0;0;1;0;1;0;1;0;1;0;1;1;0;0;1;0;0;0;1;0;1;0;0;0;1;0;1;0;0;0;0;1;1;0;1;0;1.51
1;0;1;0;1;0;0;1;0;1;0;1;0;1;0;1;0;0;1;1;1;0;0;0;0;1;0;0;0;0;1;1;0;0;0;0;1;1;0;1;0;1.51
1;0;1;0;1;0;0;1;0;1;0;1;0;1;0;1;0;0;1;1;0;1;0;0;0;1;0;0;0;0;1;1;0;0;0;0;1;1;0;1;0;1.53
1;0;1;1;1;0;0;1;0;1;0;1;0;0;0;1;1;0;0;1;0;0;1;0;0;1;0;1;0;0;0;1;1;0;0;0;0;1;0;1;0;20.2
1;0;1;1;1;0;0;1;0;1;0;1;0;0;0;1;1;0;0;1;1;0;0;0;0;1;1;0;0;0;0;1;0;1;0;0;0;1;0;1;0;8.36
1;0;1;1;1;0;0;1;0;1;0;1;0;0;0;1;1;0;0;1;0;0;0;0;1;1;0;1;0;0;0;1;0;1;0;0;0;1;0;1;0;6.1
1;0;1;1;1;0;0;1;0;1;0;1;0;0;0;1;1;0;0;1;0;0;0;0;1;1;1;0;0;0;0;1;0;0;1;0;0;1;0;1;0;5.62
1;0;1;1;1;0;0;1;0;1;0;1;0;0;0;1;1;0;0;1;0;0;0;1;0;1;0;1;0;0;0;1;0;0;1;0;0;1;0;1;0;3.33
1;0;1;1;1;0;0;1;0;1;0;1;0;0;0;1;1;0;0;1;1;0;0;0;0;1;1;0;0;0;0;1;0;0;0;1;0;1;0;1;0;0.42
1;0;1;1;1;0;0;1;0;1;0;1;0;0;0;1;1;0;0;1;0;0;1;0;0;1;1;0;0;0;0;1;0;0;0;0;1;1;0;1;0;0.35
1;0;1;1;1;0;0;1;0;1;0;1;0;0;0;1;1;0;0;1;0;1;0;0;0;1;0;1;0;0;0;1;0;0;0;0;1;1;0;1;0;0.21
1;0;1;1;1;0;0;1;0;1;0;1;0;0;0;1;1;0;0;1;0;0;1;0;0;1;0;0;0;1;0;1;0;0;0;0;1;1;0;1;0;0.23
1;0;1;1;1;0;0;1;0;1;0;1;0;0;0;1;1;0;0;1;0;0;1;0;0;1;1;0;0;0;0;1;0;1;0;0;0;1;0;0;1;9.85
1;1;0;0;1;0;1;0;0;1;1;0;0;1;0;1;1;0;0;1;1;0;0;0;0;1;0;0;0;0;1;1;0;0;1;0;0;1;0;1;0;7
1;1;0;0;1;0;1;0;0;1;1;0;0;1;0;1;1;0;0;1;0;0;0;1;0;1;0;1;0;0;0;1;0;0;0;1;0;1;0;1;0;5.23
1;1;0;0;1;0;1;0;0;1;1;0;0;1;0;1;1;0;0;1;0;0;0;1;0;1;0;0;0;0;1;1;0;0;0;0;1;1;0;1;0;5.33
1;1;0;0;1;0;1;0;0;1;1;0;0;1;0;1;1;0;0;1;1;0;0;0;0;1;0;1;0;0;0;1;0;1;0;0;0;1;0;1;0;9.75
1;1;0;0;1;0;1;0;0;1;1;0;0;0;1;1;0;0;1;1;0;0;0;1;0;1;0;1;0;0;0;1;0;0;0;1;0;1;1;0;0;6.71
1;1;0;0;1;0;1;0;0;1;1;0;0;0;1;1;0;0;1;1;0;0;0;0;1;1;0;1;0;0;0;1;0;0;0;1;0;1;1;0;0;7.6
1;1;0;0;1;0;1;0;0;1;1;0;0;0;1;1;0;0;1;1;0;1;0;0;0;1;0;0;1;0;0;1;0;0;0;1;0;1;1;0;0;4.77
1;1;0;0;1;0;1;0;0;1;1;0;0;0;1;1;0;0;1;1;0;0;1;0;0;1;0;0;1;0;0;1;0;0;0;1;0;1;1;0;0;5.68
1;1;0;0;1;0;1;0;0;1;1;0;0;0;1;1;0;0;1;1;0;0;0;0;1;1;0;0;1;0;0;1;0;0;0;1;0;1;1;0;0;7.52
1;1;0;0;1;0;1;0;0;1;1;0;0;0;1;1;0;0;1;1;0;1;0;0;0;1;0;0;0;1;0;1;0;0;0;1;0;1;1;0;0;4.75
1;1;0;0;1;0;1;0;0;1;1;0;0;0;1;1;0;0;1;1;0;0;1;0;0;1;0;0;0;1;0;1;0;0;0;1;0;1;1;0;0;5.64
1;1;0;0;1;0;1;0;0;1;1;0;0;0;1;1;0;0;1;1;0;0;0;1;0;1;0;0;0;1;0;1;0;0;0;1;0;1;1;0;0;7.3
1;1;0;0;1;0;1;0;0;1;1;0;0;0;1;1;0;0;1;1;0;0;0;0;1;1;0;0;0;1;0;1;0;0;0;1;0;1;1;0;0;7.58
1;1;0;0;1;0;1;0;0;1;1;0;0;0;1;1;0;0;1;1;0;1;0;0;0;1;0;0;0;0;1;1;0;0;0;1;0;1;1;0;0;4.78
1;1;0;0;1;0;1;0;0;1;1;0;0;0;1;1;0;0;1;1;0;0;1;0;0;1;0;0;0;0;1;1;0;0;0;1;0;1;1;0;0;5.83
1;1;0;0;1;0;1;0;0;1;1;0;0;0;1;1;0;0;1;1;0;0;0;1;0;1;0;0;0;0;1;1;0;0;0;1;0;1;1;0;0;7.4
1;1;0;0;1;0;1;0;0;1;1;0;0;0;1;1;0;0;1;1;1;0;0;0;0;1;1;0;0;0;0;1;0;0;0;0;1;1;1;0;0;4.13
1;1;0;0;1;0;1;0;0;1;1;0;0;0;1;1;0;0;1;1;0;0;0;0;1;1;1;0;0;0;0;1;0;0;0;0;1;1;1;0;0;7.64
1;1;0;0;1;0;1;0;0;1;1;0;0;0;1;1;0;0;1;1;0;1;0;0;0;1;0;1;0;0;0;1;0;0;0;0;1;1;1;0;0;4.96
1;1;0;0;1;0;1;0;0;1;1;0;0;0;1;1;0;0;1;1;0;0;0;0;1;1;0;1;0;0;0;1;0;0;0;0;1;1;1;0;0;7.61
1;1;0;0;1;0;1;0;0;1;1;0;0;0;1;1;0;0;1;1;0;1;0;0;0;1;0;0;1;0;0;1;0;0;0;0;1;1;1;0;0;4.75
1;1;0;0;1;0;1;0;0;1;1;0;0;0;1;1;0;0;1;1;0;1;0;0;0;1;0;0;0;1;0;1;0;0;0;0;1;1;1;0;0;4.8
1;1;0;0;1;0;1;0;0;1;1;0;0;0;1;1;0;0;1;1;0;0;0;0;1;1;0;0;0;1;0;1;0;0;0;0;1;1;1;0;0;8.48
1;1;0;0;1;0;1;0;0;1;1;0;0;0;1;1;0;0;1;1;0;1;0;0;0;1;0;0;0;0;1;1;0;0;0;0;1;1;1;0;0;4.79
1;1;0;0;1;0;1;0;0;1;1;0;0;0;1;1;0;0;1;1;0;0;0;0;1;1;0;0;0;0;1;1;0;0;0;0;1;1;1;0;0;7.56
1;1;0;0;1;0;1;0;0;1;1;0;0;0;1;1;0;0;1;1;1;0;0;0;0;1;1;0;0;0;0;1;1;0;0;0;0;1;0;1;0;22.63
1;1;0;0;1;0;1;0;0;1;1;0;0;0;1;1;0;0;1;1;0;1;0;0;0;1;1;0;0;0;0;1;1;0;0;0;0;1;0;1;0;24.31
1;1;0;0;1;0;1;0;0;1;1;0;0;0;1;1;0;0;1;1;0;0;1;0;0;1;1;0;0;0;0;1;1;0;0;0;0;1;0;1;0;26.45
1;1;0;0;1;0;1;0;0;1;1;0;0;0;1;1;0;0;1;1;0;0;0;1;0;1;1;0;0;0;0;1;1;0;0;0;0;1;0;1;0;28.67
1;1;0;0;1;0;1;0;0;1;1;0;0;0;1;1;0;0;1;1;0;0;0;0;1;1;1;0;0;0;0;1;1;0;0;0;0;1;0;1;0;30.03
1;1;0;0;1;0;1;0;0;1;1;0;0;0;1;1;0;0;1;1;1;0;0;0;0;1;0;1;0;0;0;1;1;0;0;0;0;1;0;1;0;16.25
1;1;0;0;1;0;1;0;0;1;1;0;0;0;1;1;0;0;1;1;0;1;0;0;0;1;0;1;0;0;0;1;1;0;0;0;0;1;0;1;0;15.62
1;1;0;0;1;0;1;0;0;1;1;0;0;0;1;1;0;0;1;1;0;0;1;0;0;1;0;1;0;0;0;1;1;0;0;0;0;1;0;1;0;16.27
1;1;0;0;1;0;1;0;0;1;1;0;0;0;1;1;0;0;1;1;0;0;0;1;0;1;0;1;0;0;0;1;1;0;0;0;0;1;0;1;0;17.26
1;1;0;0;1;0;1;0;0;1;1;0;0;0;1;1;0;0;1;1;0;0;0;0;1;1;0;1;0;0;0;1;1;0;0;0;0;1;0;1;0;18.02
1;1;0;0;1;0;1;0;0;1;1;0;0;0;1;1;0;0;1;1;1;0;0;0;0;1;0;0;1;0;0;1;1;0;0;0;0;1;0;1;0;16.29
1;1;0;0;1;0;1;0;0;1;1;0;0;0;1;1;0;0;1;1;0;1;0;0;0;1;0;0;1;0;0;1;1;0;0;0;0;1;0;1;0;16.03
1;1;0;0;1;0;1;0;0;1;1;0;0;0;1;1;0;0;1;1;0;0;1;0;0;1;0;0;1;0;0;1;1;0;0;0;0;1;0;1;0;16.36
1;1;0;0;1;0;1;0;0;1;1;0;0;0;1;1;0;0;1;1;0;0;0;1;0;1;0;0;1;0;0;1;1;0;0;0;0;1;0;1;0;17.22
1;1;0;0;1;0;1;0;0;1;1;0;0;0;1;1;0;0;1;1;0;0;0;0;1;1;0;0;1;0;0;1;1;0;0;0;0;1;0;1;0;18
1;1;0;0;1;0;1;0;0;1;1;0;0;0;1;1;0;0;1;1;1;0;0;0;0;1;0;0;0;1;0;1;1;0;0;0;0;1;0;1;0;16.35
1;1;0;0;1;0;1;0;0;1;1;0;0;0;1;1;0;0;1;1;0;1;0;0;0;1;0;0;0;1;0;1;1;0;0;0;0;1;0;1;0;15.66
1;1;0;0;1;0;1;0;0;1;1;0;0;0;1;1;0;0;1;1;0;0;1;0;0;1;0;0;0;1;0;1;1;0;0;0;0;1;0;1;0;16.36
1;1;0;0;1;0;1;0;0;1;1;0;0;0;1;1;0;0;1;1;0;0;0;0;1;1;0;0;0;1;0;1;1;0;0;0;0;1;0;1;0;18.08
1;1;0;0;1;0;1;0;0;1;1;0;0;0;1;1;0;0;1;1;1;0;0;0;0;1;0;0;0;0;1;1;1;0;0;0;0;1;0;1;0;16.6
1;1;0;0;1;0;1;0;0;1;1;0;0;0;1;1;0;0;1;1;0;1;0;0;0;1;0;0;0;0;1;1;1;0;0;0;0;1;0;1;0;15.75
1;1;0;0;1;0;1;0;0;1;1;0;0;0;1;1;0;0;1;1;0;0;1;0;0;1;0;0;0;0;1;1;1;0;0;0;0;1;0;1;0;16.39
1;1;0;0;1;0;1;0;0;1;1;0;0;0;1;1;0;0;1;1;0;0;0;1;0;1;0;0;0;0;1;1;1;0;0;0;0;1;0;1;0;17.35
1;1;0;0;1;0;1;0;0;1;1;0;0;0;1;1;0;0;1;1;0;0;0;0;1;1;0;0;0;0;1;1;1;0;0;0;0;1;0;1;0;18.01
1;1;0;0;1;0;1;0;0;1;1;0;0;0;1;1;0;0;1;1;1;0;0;0;0;1;1;0;0;0;0;1;0;1;0;0;0;1;0;1;0;5.8
1;1;0;0;1;0;1;0;0;1;1;0;0;0;1;1;0;0;1;1;0;1;0;0;0;1;1;0;0;0;0;1;0;1;0;0;0;1;0;1;0;5.86
1;1;0;0;1;0;1;0;0;1;1;0;0;0;1;1;0;0;1;1;0;0;1;0;0;1;1;0;0;0;0;1;0;1;0;0;0;1;0;1;0;6.17
1;1;0;0;1;0;1;0;0;1;1;0;0;0;1;1;0;0;1;1;0;0;0;1;0;1;1;0;0;0;0;1;0;1;0;0;0;1;0;1;0;6.88
1;1;0;0;1;0;1;0;0;1;1;0;0;0;1;1;0;0;1;1;0;0;0;0;1;1;1;0;0;0;0;1;0;1;0;0;0;1;0;1;0;7.59
1;1;0;0;1;0;1;0;0;1;1;0;0;0;1;1;0;0;1;1;1;0;0;0;0;1;0;1;0;0;0;1;0;1;0;0;0;1;0;1;0;4.32
1;1;0;0;1;0;1;0;0;1;1;0;0;0;1;1;0;0;1;1;0;1;0;0;0;1;0;1;0;0;0;1;0;1;0;0;0;1;0;1;0;4.37
1;1;0;0;1;0;1;0;0;1;1;0;0;0;1;1;0;0;1;1;0;0;1;0;0;1;0;1;0;0;0;1;0;1;0;0;0;1;0;1;0;4.67
1;1;0;0;1;0;1;0;0;1;1;0;0;0;1;1;0;0;1;1;0;0;0;1;0;1;0;1;0;0;0;1;0;1;0;0;0;1;0;1;0;5.13
1;1;0;0;1;0;1;0;0;1;1;0;0;0;1;1;0;0;1;1;0;0;0;0;1;1;0;1;0;0;0;1;0;1;0;0;0;1;0;1;0;5.52
1;1;0;0;1;0;1;0;0;1;1;0;0;0;1;1;0;0;1;1;0;1;0;0;0;1;0;0;1;0;0;1;0;1;0;0;0;1;0;1;0;4.44
1;1;0;0;1;0;1;0;0;1;1;0;0;0;1;1;0;0;1;1;0;0;1;0;0;1;0;0;1;0;0;1;0;1;0;0;0;1;0;1;0;4.76
1;1;0;0;1;0;1;0;0;1;1;0;0;0;1;1;0;0;1;1;0;0;0;1;0;1;0;0;1;0;0;1;0;1;0;0;0;1;0;1;0;5.32
1;1;0;0;1;0;1;0;0;1;1;0;0;0;1;1;0;0;1;1;0;0;0;0;1;1;0;0;1;0;0;1;0;1;0;0;0;1;0;1;0;5.5
1;1;0;0;1;0;1;0;0;1;1;0;0;0;1;1;0;0;1;1;1;0;0;0;0;1;0;0;0;1;0;1;0;1;0;0;0;1;0;1;0;4.35
1;1;0;0;1;0;1;0;0;1;1;0;0;0;1;1;0;0;1;1;0;1;0;0;0;1;0;0;0;1;0;1;0;1;0;0;0;1;0;1;0;4.41
1;1;0;0;1;0;1;0;0;1;1;0;0;0;1;1;0;0;1;1;0;0;1;0;0;1;0;0;0;1;0;1;0;1;0;0;0;1;0;1;0;4.65
1;1;0;0;1;0;1;0;0;1;1;0;0;0;1;1;0;0;1;1;0;0;0;1;0;1;0;0;0;1;0;1;0;1;0;0;0;1;0;1;0;5.18
1;1;0;0;1;0;1;0;0;1;1;0;0;0;1;1;0;0;1;1;0;0;0;0;1;1;0;0;0;1;0;1;0;1;0;0;0;1;0;1;0;5.5
1;1;0;0;1;0;1;0;0;1;1;0;0;0;1;1;0;0;1;1;1;0;0;0;0;1;0;0;0;0;1;1;0;1;0;0;0;1;0;1;0;4.46
1;1;0;0;1;0;1;0;0;1;1;0;0;0;1;1;0;0;1;1;0;1;0;0;0;1;0;0;0;0;1;1;0;1;0;0;0;1;0;1;0;4.35
1;1;0;0;1;0;1;0;0;1;1;0;0;0;1;1;0;0;1;1;0;0;1;0;0;1;0;0;0;0;1;1;0;1;0;0;0;1;0;1;0;4.64
1;1;0;0;1;0;1;0;0;1;1;0;0;0;1;1;0;0;1;1;0;0;0;0;1;1;0;0;0;0;1;1;0;1;0;0;0;1;0;1;0;5.62
1;1;0;0;1;0;1;0;0;1;1;0;0;0;1;1;0;0;1;1;1;0;0;0;0;1;1;0;0;0;0;1;0;0;1;0;0;1;0;1;0;3.15
1;1;0;0;1;0;1;0;0;1;1;0;0;0;1;1;0;0;1;1;0;0;1;0;0;1;1;0;0;0;0;1;0;0;1;0;0;1;0;1;0;3.95
1;1;0;0;1;0;1;0;0;1;1;0;0;0;1;1;0;0;1;1;0;0;0;1;0;1;1;0;0;0;0;1;0;0;1;0;0;1;0;1;0;4.49
1;1;0;0;1;0;1;0;0;1;1;0;0;0;1;1;0;0;1;1;0;0;0;0;1;1;1;0;0;0;0;1;0;0;1;0;0;1;0;1;0;4.9
1;1;0;0;1;0;1;0;0;1;1;0;0;0;1;1;0;0;1;1;1;0;0;0;0;1;0;1;0;0;0;1;0;0;1;0;0;1;0;1;0;2.7
1;1;0;0;1;0;1;0;0;1;1;0;0;0;1;1;0;0;1;1;0;1;0;0;0;1;0;1;0;0;0;1;0;0;1;0;0;1;0;1;0;2.94
1;1;0;0;1;0;1;0;0;1;1;0;0;0;1;1;0;0;1;1;0;0;1;0;0;1;0;1;0;0;0;1;0;0;1;0;0;1;0;1;0;3.17
1;1;0;0;1;0;1;0;0;1;1;0;0;0;1;1;0;0;1;1;0;0;0;1;0;1;0;1;0;0;0;1;0;0;1;0;0;1;0;1;0;3.4
1;1;0;0;1;0;1;0;0;1;1;0;0;0;1;1;0;0;1;1;0;0;0;0;1;1;0;1;0;0;0;1;0;0;1;0;0;1;0;1;0;3.74
1;1;0;0;1;0;1;0;0;1;1;0;0;0;1;1;0;0;1;1;1;0;0;0;0;1;0;0;1;0;0;1;0;0;1;0;0;1;0;1;0;2.74
1;1;0;0;1;0;1;0;0;1;1;0;0;0;1;1;0;0;1;1;0;1;0;0;0;1;0;0;1;0;0;1;0;0;1;0;0;1;0;1;0;2.82
1;1;0;0;1;0;1;0;0;1;1;0;0;0;1;1;0;0;1;1;0;0;1;0;0;1;0;0;1;0;0;1;0;0;1;0;0;1;0;1;0;3.16
1;1;0;0;1;0;1;0;0;1;1;0;0;0;1;1;0;0;1;1;0;0;0;1;0;1;0;0;1;0;0;1;0;0;1;0;0;1;0;1;0;3.72
1;1;0;0;1;0;1;0;0;1;1;0;0;0;1;1;0;0;1;1;0;0;0;0;1;1;0;0;1;0;0;1;0;0;1;0;0;1;0;1;0;3.77
1;1;0;0;1;0;1;0;0;1;1;0;0;0;1;1;0;0;1;1;1;0;0;0;0;1;0;0;0;1;0;1;0;0;1;0;0;1;0;1;0;2.77
1;1;0;0;1;0;1;0;0;1;1;0;0;0;1;1;0;0;1;1;0;1;0;0;0;1;0;0;0;1;0;1;0;0;1;0;0;1;0;1;0;2.81
1;1;0;0;1;0;1;0;0;1;1;0;0;0;1;1;0;0;1;1;0;0;1;0;0;1;0;0;0;1;0;1;0;0;1;0;0;1;0;1;0;3.18
1;1;0;0;1;0;1;0;0;1;1;0;0;0;1;1;0;0;1;1;0;0;0;1;0;1;0;0;0;1;0;1;0;0;1;0;0;1;0;1;0;3.51
1;1;0;0;1;0;1;0;0;1;1;0;0;0;1;1;0;0;1;1;0;0;0;0;1;1;0;0;0;1;0;1;0;0;1;0;0;1;0;1;0;3.72
1;1;0;0;1;0;1;0;0;1;1;0;0;0;1;1;0;0;1;1;1;0;0;0;0;1;0;0;0;0;1;1;0;0;1;0;0;1;0;1;0;2.72
1;1;0;0;1;0;1;0;0;1;1;0;0;0;1;1;0;0;1;1;0;1;0;0;0;1;0;0;0;0;1;1;0;0;1;0;0;1;0;1;0;2.79
1;1;0;0;1;0;1;0;0;1;1;0;0;0;1;1;0;0;1;1;0;0;1;0;0;1;0;0;0;0;1;1;0;0;1;0;0;1;0;1;0;3.44
1;1;0;0;1;0;1;0;0;1;1;0;0;0;1;1;0;0;1;1;0;0;0;1;0;1;0;0;0;0;1;1;0;0;1;0;0;1;0;1;0;3.43
1;1;0;0;1;0;1;0;0;1;1;0;0;0;1;1;0;0;1;1;0;0;0;0;1;1;0;0;0;0;1;1;0;0;1;0;0;1;0;1;0;3.74
1;1;0;0;1;0;1;0;0;1;1;0;0;0;1;1;0;0;1;1;1;0;0;0;0;1;1;0;0;0;0;1;0;0;0;1;0;1;0;1;0;3.15
1;1;0;0;1;0;1;0;0;1;1;0;0;0;1;1;0;0;1;1;0;1;0;0;0;1;1;0;0;0;0;1;0;0;0;1;0;1;0;1;0;3.4
1;1;0;0;1;0;1;0;0;1;1;0;0;0;1;1;0;0;1;1;0;0;1;0;0;1;1;0;0;0;0;1;0;0;0;1;0;1;0;1;0;3.85
1;1;0;0;1;0;1;0;0;1;1;0;0;0;1;1;0;0;1;1;0;0;0;1;0;1;1;0;0;0;0;1;0;0;0;1;0;1;0;1;0;4.51
1;1;0;0;1;0;1;0;0;1;1;0;0;0;1;1;0;0;1;1;0;0;0;0;1;1;1;0;0;0;0;1;0;0;0;1;0;1;0;1;0;4.95
1;1;0;0;1;0;1;0;0;1;1;0;0;0;1;1;0;0;1;1;1;0;0;0;0;1;0;1;0;0;0;1;0;0;0;1;0;1;0;1;0;2.72
1;1;0;0;1;0;1;0;0;1;1;0;0;0;1;1;0;0;1;1;0;1;0;0;0;1;0;1;0;0;0;1;0;0;0;1;0;1;0;1;0;2.86
1;1;0;0;1;0;1;0;0;1;1;0;0;0;1;1;0;0;1;1;0;0;1;0;0;1;0;1;0;0;0;1;0;0;0;1;0;1;0;1;0;3.16
1;1;0;0;1;0;1;0;0;1;1;0;0;0;1;1;0;0;1;1;0;0;0;1;0;1;0;1;0;0;0;1;0;0;0;1;0;1;0;1;0;3.47
1;1;0;0;1;0;1;0;0;1;1;0;0;0;1;1;0;0;1;1;0;0;0;0;1;1;0;1;0;0;0;1;0;0;0;1;0;1;0;1;0;3.71
1;1;0;0;1;0;1;0;0;1;1;0;0;0;1;1;0;0;1;1;1;0;0;0;0;1;0;0;1;0;0;1;0;0;0;1;0;1;0;1;0;2.73
1;1;0;0;1;0;1;0;0;1;1;0;0;0;1;1;0;0;1;1;0;1;0;0;0;1;0;0;1;0;0;1;0;0;0;1;0;1;0;1;0;2.82
1;1;0;0;1;0;1;0;0;1;1;0;0;0;1;1;0;0;1;1;0;0;1;0;0;1;0;0;1;0;0;1;0;0;0;1;0;1;0;1;0;3.09
1;1;0;0;1;0;1;0;0;1;1;0;0;0;1;1;0;0;1;1;0;0;0;1;0;1;0;0;1;0;0;1;0;0;0;1;0;1;0;1;0;3.64
1;1;0;0;1;0;1;0;0;1;1;0;0;0;1;1;0;0;1;1;0;0;0;0;1;1;0;0;1;0;0;1;0;0;0;1;0;1;0;1;0;3.7
1;1;0;0;1;0;1;0;0;1;1;0;0;0;1;1;0;0;1;1;1;0;0;0;0;1;0;0;0;1;0;1;0;0;0;1;0;1;0;1;0;2.71
1;1;0;0;1;0;1;0;0;1;1;0;0;0;1;1;0;0;1;1;0;1;0;0;0;1;0;0;0;1;0;1;0;0;0;1;0;1;0;1;0;2.93
1;1;0;0;1;0;1;0;0;1;1;0;0;0;1;1;0;0;1;1;0;0;1;0;0;1;0;0;0;1;0;1;0;0;0;1;0;1;0;1;0;3.23
1;1;0;0;1;0;1;0;0;1;1;0;0;0;1;1;0;0;1;1;0;0;0;1;0;1;0;0;0;1;0;1;0;0;0;1;0;1;0;1;0;3.44
1;1;0;0;1;0;1;0;0;1;1;0;0;0;1;1;0;0;1;1;0;0;0;0;1;1;0;0;0;1;0;1;0;0;0;1;0;1;0;1;0;3.73
1;1;0;0;1;0;1;0;0;1;1;0;0;0;1;1;0;0;1;1;1;0;0;0;0;1;0;0;0;0;1;1;0;0;0;1;0;1;0;1;0;2.62
1;1;0;0;1;0;1;0;0;1;1;0;0;0;1;1;0;0;1;1;0;1;0;0;0;1;0;0;0;0;1;1;0;0;0;1;0;1;0;1;0;2.85
1;1;0;0;1;0;1;0;0;1;1;0;0;0;1;1;0;0;1;1;0;0;1;0;0;1;0;0;0;0;1;1;0;0;0;1;0;1;0;1;0;3.12
1;1;0;0;1;0;1;0;0;1;1;0;0;0;1;1;0;0;1;1;0;0;0;1;0;1;0;0;0;0;1;1;0;0;0;1;0;1;0;1;0;3.38
1;1;0;0;1;0;1;0;0;1;1;0;0;0;1;1;0;0;1;1;0;0;0;0;1;1;0;0;0;0;1;1;0;0;0;1;0;1;0;1;0;3.67
1;1;0;0;1;0;1;0;0;1;1;0;0;0;1;1;0;0;1;1;1;0;0;0;0;1;1;0;0;0;0;1;0;0;0;0;1;1;0;1;0;3.09
1;1;0;0;1;0;1;0;0;1;1;0;0;0;1;1;0;0;1;1;0;1;0;0;0;1;1;0;0;0;0;1;0;0;0;0;1;1;0;1;0;3.49
1;1;0;0;1;0;1;0;0;1;1;0;0;0;1;1;0;0;1;1;0;0;0;1;0;1;1;0;0;0;0;1;0;0;0;0;1;1;0;1;0;4.33
1;1;0;0;1;0;1;0;0;1;1;0;0;0;1;1;0;0;1;1;0;0;0;0;1;1;1;0;0;0;0;1;0;0;0;0;1;1;0;1;0;4.83
1;1;0;0;1;0;1;0;0;1;1;0;0;0;1;1;0;0;1;1;1;0;0;0;0;1;0;1;0;0;0;1;0;0;0;0;1;1;0;1;0;2.65
1;1;0;0;1;0;1;0;0;1;1;0;0;0;1;1;0;0;1;1;0;1;0;0;0;1;0;1;0;0;0;1;0;0;0;0;1;1;0;1;0;3.23
1;1;0;0;1;0;1;0;0;1;1;0;0;0;1;1;0;0;1;1;0;0;1;0;0;1;0;1;0;0;0;1;0;0;0;0;1;1;0;1;0;3.02
1;1;0;0;1;0;1;0;0;1;1;0;0;0;1;1;0;0;1;1;0;0;0;1;0;1;0;1;0;0;0;1;0;0;0;0;1;1;0;1;0;3.66
1;1;0;0;1;0;1;0;0;1;1;0;0;0;1;1;0;0;1;1;0;0;0;0;1;1;0;1;0;0;0;1;0;0;0;0;1;1;0;1;0;3.67
1;1;0;0;1;0;1;0;0;1;1;0;0;0;1;1;0;0;1;1;1;0;0;0;0;1;0;0;1;0;0;1;0;0;0;0;1;1;0;1;0;2.66
1;1;0;0;1;0;1;0;0;1;1;0;0;0;1;1;0;0;1;1;0;1;0;0;0;1;0;0;1;0;0;1;0;0;0;0;1;1;0;1;0;2.84
1;1;0;0;1;0;1;0;0;1;1;0;0;0;1;1;0;0;1;1;0;0;1;0;0;1;0;0;1;0;0;1;0;0;0;0;1;1;0;1;0;3.16
1;1;0;0;1;0;1;0;0;1;1;0;0;0;1;1;0;0;1;1;0;0;0;1;0;1;0;0;1;0;0;1;0;0;0;0;1;1;0;1;0;3.48
1;1;0;0;1;0;1;0;0;1;1;0;0;0;1;1;0;0;1;1;0;0;0;0;1;1;0;0;1;0;0;1;0;0;0;0;1;1;0;1;0;3.62
1;1;0;0;1;0;1;0;0;1;1;0;0;0;1;1;0;0;1;1;1;0;0;0;0;1;0;0;0;1;0;1;0;0;0;0;1;1;0;1;0;2.63
1;1;0;0;1;0;1;0;0;1;1;0;0;0;1;1;0;0;1;1;0;1;0;0;0;1;0;0;0;1;0;1;0;0;0;0;1;1;0;1;0;2.83
1;1;0;0;1;0;1;0;0;1;1;0;0;0;1;1;0;0;1;1;0;0;0;0;1;1;0;0;0;1;0;1;0;0;0;0;1;1;0;1;0;3.61
1;1;0;0;1;0;1;0;0;1;1;0;0;0;1;1;0;0;1;1;1;0;0;0;0;1;0;0;0;0;1;1;0;0;0;0;1;1;0;1;0;2.63
1;1;0;0;1;0;1;0;0;1;1;0;0;0;1;1;0;0;1;1;0;1;0;0;0;1;0;0;0;0;1;1;0;0;0;0;1;1;0;1;0;2.82
1;1;0;0;1;0;1;0;0;1;1;0;0;0;1;1;0;0;1;1;0;0;1;0;0;1;0;0;0;0;1;1;0;0;0;0;1;1;0;1;0;3.05
1;1;0;0;1;0;1;0;0;1;1;0;0;0;1;1;0;0;1;1;0;0;0;1;0;1;0;0;0;0;1;1;0;0;0;0;1;1;0;1;0;3.39
1;1;0;0;1;0;1;0;0;1;1;0;0;0;1;1;0;0;1;1;0;0;0;0;1;1;0;0;0;0;1;1;0;0;0;0;1;1;0;1;0;3.72
1;1;0;1;1;0;1;0;0;1;1;0;0;0;0;1;1;0;0;1;0;0;0;0;1;1;0;0;0;1;0;1;1;0;0;0;0;1;0;1;0;14.87
1;1;0;1;1;0;1;0;0;1;1;0;0;0;0;1;1;0;0;1;1;0;0;0;0;1;0;0;0;1;0;1;0;1;0;0;0;1;0;1;0;3.99
1;1;0;1;1;0;1;0;0;1;1;0;0;0;0;1;1;0;0;1;0;1;0;0;0;1;0;0;0;1;0;1;0;1;0;0;0;1;0;1;0;4.3
1;1;0;1;1;0;1;0;0;1;1;0;0;0;0;1;1;0;0;1;1;0;0;0;0;1;0;0;0;0;1;1;0;1;0;0;0;1;0;1;0;4.05
1;1;0;1;1;0;1;0;0;1;1;0;0;0;0;1;1;0;0;1;0;1;0;0;0;1;0;1;0;0;0;1;0;0;1;0;0;1;0;1;0;2.51
1;1;0;1;1;0;1;0;0;1;1;0;0;0;0;1;1;0;0;1;0;1;0;0;0;1;0;0;0;1;0;1;0;0;1;0;0;1;0;1;0;2.54
1;1;0;1;1;0;1;0;0;1;1;0;0;0;0;1;1;0;0;1;1;0;0;0;0;1;1;0;0;0;0;1;0;0;0;1;0;1;0;1;0;2.59
1;1;0;1;1;0;1;0;0;1;1;0;0;0;0;1;1;0;0;1;0;0;0;0;1;1;0;0;1;0;0;1;0;0;0;1;0;1;0;1;0;3.07
1;1;0;1;1;0;1;0;0;1;1;0;0;0;0;1;1;0;0;1;0;0;0;1;0;1;0;0;0;0;1;1;0;0;0;1;0;1;0;1;0;2.86
1;1;0;1;1;0;1;0;0;1;1;0;0;0;0;1;1;0;0;1;0;0;0;1;0;1;0;0;0;0;1;1;0;0;0;0;1;1;0;1;0;2.72
1;1;0;0;1;0;1;0;0;1;1;0;0;0;1;1;0;0;1;1;1;0;0;0;0;1;1;0;0;0;0;1;1;0;0;0;0;1;1;0;0;37.83
1;1;0;0;1;0;1;0;0;1;1;0;0;0;1;1;0;0;1;1;0;1;0;0;0;1;1;0;0;0;0;1;1;0;0;0;0;1;1;0;0;42.49
1;1;0;0;1;0;1;0;0;1;1;0;0;0;1;1;0;0;1;1;0;0;1;0;0;1;1;0;0;0;0;1;1;0;0;0;0;1;1;0;0;48.42
1;1;0;0;1;0;1;0;0;1;1;0;0;0;1;1;0;0;1;1;0;0;0;0;1;1;1;0;0;0;0;1;1;0;0;0;0;1;1;0;0;54.65
1;1;0;0;1;0;1;0;0;1;1;0;0;0;1;1;0;0;1;1;1;0;0;0;0;1;0;1;0;0;0;1;1;0;0;0;0;1;1;0;0;38.07
1;1;0;0;1;0;1;0;0;1;1;0;0;0;1;1;0;0;1;1;0;1;0;0;0;1;0;1;0;0;0;1;1;0;0;0;0;1;1;0;0;42.66
1;1;0;0;1;0;1;0;0;1;1;0;0;0;1;1;0;0;1;1;0;0;0;1;0;1;0;1;0;0;0;1;1;0;0;0;0;1;1;0;0;51.92
1;1;0;0;1;0;1;0;0;1;1;0;0;0;1;1;0;0;1;1;0;0;0;0;1;1;0;1;0;0;0;1;1;0;0;0;0;1;1;0;0;54.58
1;1;0;0;1;0;1;0;0;1;1;0;0;0;1;1;0;0;1;1;0;1;0;0;0;1;0;0;1;0;0;1;1;0;0;0;0;1;1;0;0;42.67
1;1;0;0;1;0;1;0;0;1;1;0;0;0;1;1;0;0;1;1;0;0;0;0;1;1;0;0;1;0;0;1;1;0;0;0;0;1;1;0;0;54.83
1;1;0;0;1;0;1;0;0;1;1;0;0;0;1;1;0;0;1;1;0;1;0;0;0;1;0;0;0;1;0;1;1;0;0;0;0;1;1;0;0;42.63
1;1;0;0;1;0;1;0;0;1;1;0;0;0;1;1;0;0;1;1;0;0;0;0;1;1;0;0;0;1;0;1;1;0;0;0;0;1;1;0;0;54.36
1;1;0;0;1;0;1;0;0;1;1;0;0;0;1;1;0;0;1;1;0;1;0;0;0;1;0;0;0;0;1;1;1;0;0;0;0;1;1;0;0;42.55
1;1;0;0;1;0;1;0;0;1;1;0;0;0;1;1;0;0;1;1;0;0;1;0;0;1;0;0;0;0;1;1;1;0;0;0;0;1;1;0;0;48.56
1;1;0;0;1;0;1;0;0;1;1;0;0;0;1;1;0;0;1;1;0;0;0;0;1;1;0;0;0;0;1;1;1;0;0;0;0;1;1;0;0;54.39
1;1;0;0;1;0;1;0;0;1;1;0;0;0;1;1;0;0;1;1;1;0;0;0;0;1;1;0;0;0;0;1;0;1;0;0;0;1;1;0;0;7.97
1;1;0;0;1;0;1;0;0;1;1;0;0;0;1;1;0;0;1;1;0;1;0;0;0;1;1;0;0;0;0;1;0;1;0;0;0;1;1;0;0;9.14
1;1;0;0;1;0;1;0;0;1;1;0;0;0;1;1;0;0;1;1;1;0;0;0;0;1;0;1;0;0;0;1;0;1;0;0;0;1;1;0;0;7.97
1;1;0;0;1;0;1;0;0;1;1;0;0;0;1;1;0;0;1;1;0;1;0;0;0;1;0;1;0;0;0;1;0;1;0;0;0;1;1;0;0;9.24
1;1;0;0;1;0;1;0;0;1;1;0;0;0;1;1;0;0;1;1;0;0;1;0;0;1;0;1;0;0;0;1;0;1;0;0;0;1;1;0;0;10.03
1;1;0;0;1;0;1;0;0;1;1;0;0;0;1;1;0;0;1;1;0;1;0;0;0;1;0;0;1;0;0;1;0;1;0;0;0;1;1;0;0;9.29
1;1;0;0;1;0;1;0;0;1;1;0;0;0;1;1;0;0;1;1;1;0;0;0;0;1;0;0;0;1;0;1;0;1;0;0;0;1;1;0;0;7.97
1;1;0;0;1;0;1;0;0;1;1;0;0;0;1;1;0;0;1;1;0;1;0;0;0;1;0;0;0;1;0;1;0;1;0;0;0;1;1;0;0;9.25
1;1;0;0;1;0;1;0;0;1;1;0;0;0;1;1;0;0;1;1;0;0;0;1;0;1;0;0;0;1;0;1;0;1;0;0;0;1;1;0;0;11.09
1;1;0;0;1;0;1;0;0;1;1;0;0;0;1;1;0;0;1;1;0;0;0;0;1;1;0;0;0;1;0;1;0;1;0;0;0;1;1;0;0;12.11
1;1;0;0;1;0;1;0;0;1;1;0;0;0;1;1;0;0;1;1;1;0;0;0;0;1;0;0;0;0;1;1;0;1;0;0;0;1;1;0;0;7.97
1;1;0;0;1;0;1;0;0;1;1;0;0;0;1;1;0;0;1;1;0;0;0;0;1;1;0;0;0;0;1;1;0;1;0;0;0;1;1;0;0;12.17
1;1;0;0;1;0;1;0;0;1;1;0;0;0;1;1;0;0;1;1;1;0;0;0;0;1;1;0;0;0;0;1;0;0;1;0;0;1;1;0;0;4.29
1;1;0;0;1;0;1;0;0;1;1;0;0;0;1;1;0;0;1;1;0;1;0;0;0;1;1;0;0;0;0;1;0;0;1;0;0;1;1;0;0;4.78
1;1;0;0;1;0;1;0;0;1;1;0;0;0;1;1;0;0;1;1;0;0;1;0;0;1;1;0;0;0;0;1;0;0;1;0;0;1;1;0;0;5.7
1;1;0;0;1;0;1;0;0;1;1;0;0;0;1;1;0;0;1;1;0;0;0;1;0;1;1;0;0;0;0;1;0;0;1;0;0;1;1;0;0;6.62
1;1;0;0;1;0;1;0;0;1;1;0;0;0;1;1;0;0;1;1;0;0;0;0;1;1;1;0;0;0;0;1;0;0;1;0;0;1;1;0;0;7.49
1;1;0;0;1;0;1;0;0;1;1;0;0;0;1;1;0;0;1;1;1;0;0;0;0;1;0;1;0;0;0;1;0;0;1;0;0;1;1;0;0;4.29
1;1;0;0;1;0;1;0;0;1;1;0;0;0;1;1;0;0;1;1;0;1;0;0;0;1;0;1;0;0;0;1;0;0;1;0;0;1;1;0;0;4.78
1;1;0;0;1;0;1;0;0;1;1;0;0;0;1;1;0;0;1;1;0;0;0;0;1;1;0;1;0;0;0;1;0;0;1;0;0;1;1;0;0;7.55
1;1;0;0;1;0;1;0;0;1;1;0;0;0;1;1;0;0;1;1;1;0;0;0;0;1;0;0;1;0;0;1;0;0;1;0;0;1;1;0;0;4.22
1;1;0;0;1;0;1;0;0;1;1;0;0;0;1;1;0;0;1;1;0;1;0;0;0;1;0;0;1;0;0;1;0;0;1;0;0;1;1;0;0;4.82
1;1;0;0;1;0;1;0;0;1;1;0;0;0;1;1;0;0;1;1;0;1;0;0;0;1;0;0;0;1;0;1;0;0;1;0;0;1;1;0;0;4.86
1;1;0;0;1;0;1;0;0;1;1;0;0;0;1;1;0;0;1;1;0;0;1;0;0;1;0;0;0;1;0;1;0;0;1;0;0;1;1;0;0;5.68
1;1;0;0;1;0;1;0;0;1;1;0;0;0;1;1;0;0;1;1;0;0;0;1;0;1;0;0;0;1;0;1;0;0;1;0;0;1;1;0;0;6.63
1;1;0;0;1;0;1;0;0;1;1;0;0;0;1;1;0;0;1;1;0;0;0;0;1;1;0;0;0;1;0;1;0;0;1;0;0;1;1;0;0;7.55
1;1;0;0;1;0;1;0;0;1;1;0;0;0;1;1;0;0;1;1;0;1;0;0;0;1;0;0;0;0;1;1;0;0;1;0;0;1;1;0;0;4.75
1;1;0;0;1;0;1;0;0;1;1;0;0;0;1;1;0;0;1;1;0;0;0;0;1;1;0;0;0;0;1;1;0;0;1;0;0;1;1;0;0;7.52
1;1;0;0;1;0;1;0;0;1;1;0;0;0;1;1;0;0;1;1;1;0;0;0;0;1;1;0;0;0;0;1;0;0;0;1;0;1;1;0;0;4.16
1;1;0;0;1;0;1;0;0;1;1;0;0;0;1;1;0;0;1;1;0;1;0;0;0;1;1;0;0;0;0;1;0;0;0;1;0;1;1;0;0;4.7
1;1;0;0;1;0;1;0;0;1;1;0;0;0;1;1;0;0;1;1;0;0;1;0;0;1;1;0;0;0;0;1;0;0;0;1;0;1;1;0;0;5.68
1;1;0;0;1;0;1;0;0;1;1;0;0;0;1;1;0;0;1;1;0;0;0;0;1;1;1;0;0;0;0;1;0;0;0;1;0;1;1;0;0;7.57
1;1;0;0;1;0;1;0;0;1;1;0;0;0;1;1;0;0;1;1;0;1;0;0;0;1;0;1;0;0;0;1;0;0;0;1;0;1;1;0;0;4.78
1;1;0;0;1;0;1;0;0;1;1;0;0;0;1;1;0;0;1;1;0;0;1;0;0;1;0;1;0;0;0;1;0;0;0;1;0;1;1;0;0;5.63
1;1;0;1;1;0;0;1;0;1;1;0;0;0;0;1;0;1;0;1;0;1;0;0;0;1;1;0;0;0;0;1;0;0;0;0;1;1;1;0;0;4.62
1;1;0;1;1;0;0;1;0;1;1;0;0;0;0;1;0;1;0;1;0;1;0;0;0;1;0;0;1;0;0;1;0;0;0;0;1;1;1;0;0;4.56
1;1;0;1;1;0;0;1;0;1;1;0;0;0;0;1;0;1;0;1;0;0;0;1;0;1;0;0;1;0;0;1;0;0;0;0;1;1;1;0;0;5.7
1;1;0;1;1;0;0;1;0;1;1;0;0;0;0;1;0;1;0;1;1;0;0;0;0;1;0;0;0;1;0;1;0;0;0;0;1;1;1;0;0;4.09
1;1;0;1;1;0;0;1;0;1;1;0;0;0;0;1;0;1;0;1;0;1;0;0;0;1;0;0;0;1;0;1;0;0;0;0;1;1;1;0;0;4.54
1;1;0;1;1;0;0;1;0;1;1;0;0;0;0;1;0;1;0;1;0;0;0;1;0;1;0;0;0;1;0;1;0;0;0;0;1;1;1;0;0;5.84
1;1;0;1;1;0;0;1;0;1;1;0;0;0;0;1;0;1;0;1;0;0;0;0;1;1;0;0;0;0;1;1;0;0;0;0;1;1;1;0;0;6.21
1;1;0;1;1;0;0;1;0;1;1;0;0;0;0;1;1;0;0;1;0;0;0;0;1;1;1;0;0;0;0;1;1;0;0;0;0;1;0;1;0;24.89
1;1;0;1;1;0;0;1;0;1;1;0;0;0;0;1;1;0;0;1;0;1;0;0;0;1;0;1;0;0;0;1;1;0;0;0;0;1;0;1;0;12.75
1;1;0;1;1;0;0;1;0;1;1;0;0;0;0;1;1;0;0;1;0;0;0;1;0;1;0;1;0;0;0;1;1;0;0;0;0;1;0;1;0;14.42
1;1;0;1;1;0;0;1;0;1;1;0;0;0;0;1;1;0;0;1;0;1;0;0;0;1;1;0;0;0;0;1;0;0;0;1;0;1;0;1;0;2.78
1;1;0;1;1;0;0;1;0;1;1;0;0;0;0;1;1;0;0;1;0;0;1;0;0;1;1;0;0;0;0;1;0;0;0;1;0;1;0;1;0;3
1;1;0;1;1;0;0;1;0;1;1;0;0;0;0;1;1;0;0;1;0;0;0;0;1;1;0;0;0;1;0;1;0;0;0;1;0;1;0;1;0;2.69
1;1;0;1;1;0;0;1;0;1;1;0;0;0;0;1;1;0;0;1;0;0;1;0;0;1;0;0;0;0;1;1;0;0;0;1;0;1;0;1;0;2.54
1;1;0;1;1;0;0;1;0;1;1;0;0;0;0;1;1;0;0;1;0;1;0;0;0;1;1;0;0;0;0;1;0;0;0;0;1;1;0;1;0;2.77
1;1;0;1;1;0;0;1;0;1;1;0;0;0;0;1;1;0;0;1;0;0;0;0;1;1;1;0;0;0;0;1;0;0;0;0;1;1;0;1;0;3.32
1;1;0;1;1;0;0;1;0;1;1;0;0;0;0;1;1;0;0;1;0;0;0;1;0;1;0;0;0;1;0;1;0;0;0;0;1;1;0;1;0;2.6
1;1;0;1;1;0;0;1;0;1;1;0;0;0;0;1;1;0;0;1;1;0;0;0;0;1;0;0;0;0;1;1;0;0;0;0;1;1;0;1;0;2.35
1;1;0;1;1;0;0;1;0;1;1;0;0;0;0;1;1;0;0;1;0;0;0;1;0;1;0;0;0;0;1;1;0;0;0;0;1;1;0;1;0;2.59
1;1;0;1;1;0;0;1;0;1;1;0;0;0;0;1;0;1;0;1;1;0;0;0;0;1;1;0;0;0;0;1;1;0;0;0;0;1;1;0;0;31.33
1;1;0;1;1;0;0;1;0;1;1;0;0;0;0;1;0;1;0;1;0;0;0;0;1;1;0;1;0;0;0;1;1;0;0;0;0;1;1;0;0;57.2
1;1;0;1;1;0;0;1;0;1;1;0;0;0;0;1;0;1;0;1;0;1;0;0;0;1;0;0;1;0;0;1;1;0;0;0;0;1;1;0;0;34.87
1;1;0;1;1;0;0;1;0;1;1;0;0;0;0;1;0;1;0;1;0;0;0;1;0;1;0;0;1;0;0;1;1;0;0;0;0;1;1;0;0;50.86
1;1;0;1;1;0;0;1;0;1;1;0;0;0;0;1;0;1;0;1;0;0;0;0;1;1;0;0;1;0;0;1;1;0;0;0;0;1;1;0;0;54.89
1;1;0;1;1;0;0;1;0;1;1;0;0;0;0;1;0;1;0;1;0;1;0;0;0;1;0;0;0;1;0;1;1;0;0;0;0;1;1;0;0;34.63
1;1;0;1;1;0;0;1;0;1;1;0;0;0;0;1;0;1;0;1;0;0;0;0;1;1;0;0;0;1;0;1;1;0;0;0;0;1;1;0;0;55.36
1;1;0;1;1;0;0;1;0;1;1;0;0;0;0;1;0;1;0;1;0;1;0;0;0;1;0;0;0;0;1;1;1;0;0;0;0;1;1;0;0;34.29
1;1;0;1;1;0;0;1;0;1;1;0;0;0;0;1;0;1;0;1;0;1;0;0;0;1;1;0;0;0;0;1;0;1;0;0;0;1;1;0;0;10.62
1;1;0;1;1;0;0;1;0;1;1;0;0;0;0;1;0;1;0;1;0;0;1;0;0;1;1;0;0;0;0;1;0;1;0;0;0;1;1;0;0;11.79
1;1;0;1;1;0;0;1;0;1;1;0;0;0;0;1;0;1;0;1;0;0;0;0;1;1;1;0;0;0;0;1;0;1;0;0;0;1;1;0;0;14.21
1;1;0;1;1;0;0;1;0;1;1;0;0;0;0;1;0;1;0;1;1;0;0;0;0;1;0;1;0;0;0;1;0;1;0;0;0;1;1;0;0;8.29
1;1;0;1;1;0;0;1;0;1;1;0;0;0;0;1;0;1;0;1;0;1;0;0;0;1;0;1;0;0;0;1;0;1;0;0;0;1;1;0;0;9.83
1;1;0;1;1;0;0;1;0;1;1;0;0;0;0;1;0;1;0;1;0;0;1;0;0;1;0;1;0;0;0;1;0;1;0;0;0;1;1;0;0;11.73
1;1;0;1;1;0;0;1;0;1;1;0;0;0;0;1;0;1;0;1;0;0;0;1;0;1;0;1;0;0;0;1;0;1;0;0;0;1;1;0;0;13.35
1;1;0;1;1;0;0;1;0;1;1;0;0;0;0;1;0;1;0;1;0;0;1;0;0;1;0;0;1;0;0;1;0;1;0;0;0;1;1;0;0;11.72
1;1;0;1;1;0;0;1;0;1;1;0;0;0;0;1;0;1;0;1;0;1;0;0;0;1;0;0;0;1;0;1;0;1;0;0;0;1;1;0;0;9.86
1;1;0;1;1;0;0;1;0;1;1;0;0;0;0;1;0;1;0;1;0;0;0;1;0;1;0;0;0;1;0;1;0;1;0;0;0;1;1;0;0;13.07
1;1;0;1;1;0;0;1;0;1;1;0;0;0;0;1;0;1;0;1;0;1;0;0;0;1;0;0;0;0;1;1;0;1;0;0;0;1;1;0;0;9.89
1;1;0;1;1;0;0;1;0;1;1;0;0;0;0;1;0;1;0;1;1;0;0;0;0;1;0;1;0;0;0;1;0;0;0;1;0;1;1;0;0;4.01
1;1;0;0;1;0;0;1;0;1;1;0;0;0;0;1;1;0;0;1;0;0;1;0;0;1;0;0;0;1;0;1;0;1;0;0;0;1;0;1;0;4.99
1;1;0;0;1;0;0;1;0;1;1;0;0;0;0;1;1;0;0;1;0;0;0;1;0;1;0;0;0;1;0;1;0;1;0;0;0;1;0;1;0;5.45
1;1;0;0;1;0;0;1;0;1;1;0;0;0;0;1;1;0;0;1;0;0;0;0;1;1;0;0;0;1;0;1;0;1;0;0;0;1;0;1;0;5.5
1;1;0;0;1;0;0;1;0;1;1;0;0;0;0;1;1;0;0;1;0;1;0;0;0;1;0;0;0;0;1;1;0;1;0;0;0;1;0;1;0;4.6
1;1;0;0;1;0;0;1;0;1;1;0;0;0;0;1;1;0;0;1;0;0;0;0;1;1;0;0;0;0;1;1;0;1;0;0;0;1;0;1;0;5.52
1;1;0;0;1;0;0;1;0;1;1;0;0;0;0;1;1;0;0;1;1;0;0;0;0;1;1;0;0;0;0;1;0;0;1;0;0;1;0;1;0;2.71
1;1;0;0;1;0;0;1;0;1;1;0;0;0;0;1;1;0;0;1;0;1;0;0;0;1;1;0;0;0;0;1;0;0;1;0;0;1;0;1;0;2.9
1;1;0;0;1;0;0;1;0;1;1;0;0;0;0;1;1;0;0;1;0;0;1;0;0;1;1;0;0;0;0;1;0;0;1;0;0;1;0;1;0;3.05
1;1;0;0;1;0;0;1;0;1;1;0;0;0;0;1;1;0;0;1;0;0;0;1;0;1;1;0;0;0;0;1;0;0;1;0;0;1;0;1;0;3.29
1;1;0;0;1;0;0;1;0;1;1;0;0;0;0;1;1;0;0;1;0;0;0;0;1;1;1;0;0;0;0;1;0;0;1;0;0;1;0;1;0;3.78
1;1;0;0;1;0;0;1;0;1;1;0;0;0;0;1;1;0;0;1;1;0;0;0;0;1;0;1;0;0;0;1;0;0;1;0;0;1;0;1;0;2.41
1;1;0;0;1;0;0;1;0;1;1;0;0;0;0;1;1;0;0;1;0;1;0;0;0;1;0;1;0;0;0;1;0;0;1;0;0;1;0;1;0;2.92
1;1;0;0;1;0;0;1;0;1;1;0;0;0;0;1;1;0;0;1;0;0;1;0;0;1;0;1;0;0;0;1;0;0;1;0;0;1;0;1;0;2.61
1;1;0;0;1;0;0;1;0;1;1;0;0;0;0;1;1;0;0;1;0;0;1;0;0;1;0;0;1;0;0;1;0;0;1;0;0;1;0;1;0;2.65
1;1;0;0;1;0;0;1;0;1;1;0;0;0;0;1;1;0;0;1;0;0;0;1;0;1;0;0;1;0;0;1;0;0;1;0;0;1;0;1;0;2.71
1;1;0;0;1;0;0;1;0;1;1;0;0;0;0;1;1;0;0;1;0;0;0;0;1;1;0;0;1;0;0;1;0;0;1;0;0;1;0;1;0;2.9
1;1;0;0;1;0;0;1;0;1;1;0;0;0;0;1;1;0;0;1;1;0;0;0;0;1;0;0;0;1;0;1;0;0;1;0;0;1;0;1;0;2.46
1;1;0;0;1;0;0;1;0;1;1;0;0;0;0;1;1;0;0;1;0;0;1;0;0;1;0;0;0;1;0;1;0;0;1;0;0;1;0;1;0;2.65
1;1;0;0;1;0;0;1;0;1;1;0;0;0;0;1;1;0;0;1;0;0;0;0;1;1;0;0;0;1;0;1;0;0;1;0;0;1;0;1;0;2.81
1;1;0;0;1;0;0;1;0;1;1;0;0;0;0;1;1;0;0;1;1;0;0;0;0;1;1;0;0;0;0;1;0;0;0;1;0;1;0;1;0;2.6
1;1;0;0;1;0;0;1;0;1;1;0;0;0;0;1;1;0;0;1;0;0;1;0;0;1;1;0;0;0;0;1;0;0;0;1;0;1;0;1;0;3.11
1;1;0;0;1;0;0;1;0;1;1;0;0;0;0;1;1;0;0;1;0;0;0;1;0;1;1;0;0;0;0;1;0;0;0;1;0;1;0;1;0;3.11
1;1;0;0;1;0;0;1;0;1;1;0;0;0;0;1;1;0;0;1;0;0;0;0;1;1;1;0;0;0;0;1;0;0;0;1;0;1;0;1;0;3.52
1;1;0;0;1;0;0;1;0;1;1;0;0;0;0;1;1;0;0;1;0;0;0;1;0;1;0;1;0;0;0;1;0;0;0;1;0;1;0;1;0;2.65
1;1;0;0;1;0;0;1;0;1;1;0;0;0;0;1;1;0;0;1;0;1;0;0;0;1;0;0;1;0;0;1;0;0;0;1;0;1;0;1;0;2.42
1;1;0;0;1;0;0;1;0;1;1;0;0;0;0;1;1;0;0;1;1;0;0;0;0;1;0;0;0;1;0;1;0;0;0;1;0;1;0;1;0;2.24
1;1;0;0;1;0;0;1;0;1;1;0;0;0;0;1;1;0;0;1;0;0;1;0;0;1;0;0;0;1;0;1;0;0;0;1;0;1;0;1;0;2.58
1;1;0;0;1;0;0;1;0;1;1;0;0;0;0;1;1;0;0;1;1;0;0;0;0;1;0;0;0;0;1;1;0;0;0;1;0;1;0;1;0;2.38
1;1;0;0;1;0;0;1;0;1;1;0;0;0;0;1;1;0;0;1;0;1;0;0;0;1;0;0;0;0;1;1;0;0;0;1;0;1;0;1;0;2.44
1;1;0;0;1;0;0;1;0;1;1;0;0;0;0;1;1;0;0;1;0;0;1;0;0;1;0;0;0;0;1;1;0;0;0;1;0;1;0;1;0;2.49
1;1;0;0;1;0;0;1;0;1;1;0;0;0;0;1;1;0;0;1;0;0;0;0;1;1;0;0;0;0;1;1;0;0;0;1;0;1;0;1;0;2.75
1;1;0;0;1;0;0;1;0;1;1;0;0;0;0;1;1;0;0;1;1;0;0;0;0;1;1;0;0;0;0;1;0;0;0;0;1;1;0;1;0;2.57
1;1;0;0;1;0;0;1;0;1;1;0;0;0;0;1;0;0;1;1;1;0;0;0;0;1;1;0;0;0;0;1;0;0;0;0;1;1;0;1;0;3.15
1;1;0;0;1;0;0;1;0;1;1;0;0;0;0;1;1;0;0;1;0;1;0;0;0;1;1;0;0;0;0;1;0;0;0;0;1;1;0;1;0;2.8
1;1;0;0;1;0;0;1;0;1;1;0;0;0;0;1;0;0;1;1;0;1;0;0;0;1;1;0;0;0;0;1;0;0;0;0;1;1;0;1;0;3.39
1;1;0;0;1;0;0;1;0;1;1;0;0;0;0;1;1;0;0;1;0;0;1;0;0;1;1;0;0;0;0;1;0;0;0;0;1;1;0;1;0;3.16
1;1;0;0;1;0;0;1;0;1;1;0;0;0;0;1;1;0;0;1;0;0;0;1;0;1;1;0;0;0;0;1;0;0;0;0;1;1;0;1;0;3.16
1;1;0;0;1;0;0;1;0;1;1;0;0;0;0;1;1;0;0;1;0;0;0;0;1;1;1;0;0;0;0;1;0;0;0;0;1;1;0;1;0;3.33
1;1;0;0;1;0;0;1;0;1;1;0;0;0;0;1;1;0;0;1;1;0;0;0;0;1;0;1;0;0;0;1;0;0;0;0;1;1;0;1;0;2.3
1;1;0;0;1;0;0;1;0;1;1;0;0;0;0;1;0;0;1;1;1;0;0;0;0;1;0;1;0;0;0;1;0;0;0;0;1;1;0;1;0;2.92
1;1;0;0;1;0;0;1;0;1;1;0;0;0;0;1;1;0;0;1;0;0;1;0;0;1;0;1;0;0;0;1;0;0;0;0;1;1;0;1;0;2.58
1;1;0;0;1;0;0;1;0;1;1;0;0;0;0;1;0;0;1;1;0;0;1;0;0;1;0;1;0;0;0;1;0;0;0;0;1;1;0;1;0;3.06
1;1;0;0;1;0;0;1;0;1;1;0;0;0;0;1;1;0;0;1;0;0;0;0;1;1;0;1;0;0;0;1;0;0;0;0;1;1;0;1;0;2.83
1;1;0;0;1;0;0;1;0;1;1;0;0;0;0;1;1;0;0;1;1;0;0;0;0;1;0;0;1;0;0;1;0;0;0;0;1;1;0;1;0;2.31
1;1;0;0;1;0;0;1;0;1;1;0;0;0;0;1;1;0;0;1;0;0;1;0;0;1;0;0;1;0;0;1;0;0;0;0;1;1;0;1;0;2.54
1;1;0;0;1;0;0;1;0;1;1;0;0;0;0;1;1;0;0;1;0;0;0;1;0;1;0;0;1;0;0;1;0;0;0;0;1;1;0;1;0;2.62
1;1;0;0;1;0;0;1;0;1;1;0;0;0;0;1;1;0;0;1;0;0;0;0;1;1;0;0;1;0;0;1;0;0;0;0;1;1;0;1;0;2.69
1;1;0;0;1;0;0;1;0;1;1;0;0;0;0;1;1;0;0;1;1;0;0;0;0;1;0;0;0;1;0;1;0;0;0;0;1;1;0;1;0;2.32
1;1;0;0;1;0;0;1;0;1;1;0;0;0;0;1;1;0;0;1;0;1;0;0;0;1;0;0;0;1;0;1;0;0;0;0;1;1;0;1;0;2.37
1;1;0;0;1;0;0;1;0;1;1;0;0;0;0;1;1;0;0;1;0;0;1;0;0;1;0;0;0;1;0;1;0;0;0;0;1;1;0;1;0;2.7
1;1;0;0;1;0;0;1;0;1;1;0;0;0;0;1;1;0;0;1;0;0;0;1;0;1;0;0;0;1;0;1;0;0;0;0;1;1;0;1;0;2.68
1;1;0;0;1;0;0;1;0;1;1;0;0;0;0;1;1;0;0;1;0;0;0;0;1;1;0;0;0;1;0;1;0;0;0;0;1;1;0;1;0;2.65
1;1;0;0;1;0;0;1;0;1;1;0;0;0;0;1;1;0;0;1;1;0;0;0;0;1;0;0;0;0;1;1;0;0;0;0;1;1;0;1;0;2.41
1;1;0;0;1;0;0;1;0;1;1;0;0;0;0;1;1;0;0;1;0;0;1;0;0;1;0;0;0;0;1;1;0;0;0;0;1;1;0;1;0;2.64
1;1;0;0;1;0;0;1;0;1;1;0;0;0;0;1;1;0;0;1;0;0;0;1;0;1;0;0;0;0;1;1;0;0;0;0;1;1;0;1;0;2.56
1;1;0;0;1;0;0;1;0;1;1;0;0;0;0;1;1;0;0;1;0;0;0;0;1;1;0;0;0;0;1;1;0;0;0;0;1;1;0;1;0;2.59
1;1;0;0;1;0;0;1;0;1;1;0;0;0;0;1;1;0;0;1;1;0;0;0;0;1;1;0;0;0;0;1;1;0;0;0;0;1;0;1;0;17.58
1;1;0;0;1;0;0;1;0;1;1;0;0;0;0;1;1;0;0;1;0;1;0;0;0;1;1;0;0;0;0;1;1;0;0;0;0;1;0;1;0;18.8
1;1;0;0;1;0;0;1;0;1;1;0;0;0;0;1;1;0;0;1;0;0;0;0;1;1;1;0;0;0;0;1;1;0;0;0;0;1;0;1;0;26.09
1;1;0;0;1;0;0;1;0;1;1;0;0;0;0;1;1;0;0;1;0;0;0;0;1;1;0;1;0;0;0;1;1;0;0;0;0;1;0;1;0;15.36
1;1;0;0;1;0;0;1;0;1;1;0;0;0;0;1;1;0;0;1;1;0;0;0;0;1;0;0;1;0;0;1;1;0;0;0;0;1;0;1;0;12.57
1;1;0;0;1;0;0;1;0;1;1;0;0;0;0;1;1;0;0;1;0;0;1;0;0;1;0;0;1;0;0;1;1;0;0;0;0;1;0;1;0;14.45
1;1;0;0;1;0;0;1;0;1;1;0;0;0;0;1;1;0;0;1;0;0;0;1;0;1;0;0;1;0;0;1;1;0;0;0;0;1;0;1;0;16.04
1;1;0;0;1;0;0;1;0;1;1;0;0;0;0;1;1;0;0;1;0;0;0;0;1;1;0;0;1;0;0;1;1;0;0;0;0;1;0;1;0;15.39
1;1;0;0;1;0;0;1;0;1;1;0;0;0;0;1;1;0;0;1;1;0;0;0;0;1;0;0;0;1;0;1;1;0;0;0;0;1;0;1;0;12.76
1;1;0;0;1;0;0;1;0;1;1;0;0;0;0;1;1;0;0;1;0;0;1;0;0;1;0;0;0;1;0;1;1;0;0;0;0;1;0;1;0;14.34
1;1;0;0;1;0;0;1;0;1;1;0;0;0;0;1;1;0;0;1;1;0;0;0;0;1;0;0;0;0;1;1;1;0;0;0;0;1;0;1;0;12.63
1;1;0;0;1;0;0;1;0;1;1;0;0;0;0;1;1;0;0;1;0;0;1;0;0;1;0;0;0;0;1;1;1;0;0;0;0;1;0;1;0;15.31
1;1;0;0;1;0;0;1;0;1;1;0;0;0;0;1;1;0;0;1;0;0;0;1;0;1;0;0;0;0;1;1;1;0;0;0;0;1;0;1;0;14.37
1;1;0;0;1;0;0;1;0;1;1;0;0;0;0;1;1;0;0;1;1;0;0;0;0;1;1;0;0;0;0;1;0;1;0;0;0;1;0;1;0;5.27
1;1;0;0;1;0;0;1;0;1;1;0;0;0;0;1;1;0;0;1;0;1;0;0;0;1;1;0;0;0;0;1;0;1;0;0;0;1;0;1;0;5.77
1;1;0;0;1;0;0;1;0;1;1;0;0;0;0;1;1;0;0;1;1;0;0;0;0;1;0;1;0;0;0;1;0;1;0;0;0;1;0;1;0;4.34
1;1;0;0;1;0;0;1;0;1;1;0;0;0;0;1;1;0;0;1;0;0;1;0;0;1;0;0;1;0;0;1;0;1;0;0;0;1;0;1;0;4.93
1;1;0;0;1;0;0;1;0;1;1;0;0;0;0;1;1;0;0;1;1;0;0;0;0;1;0;0;0;1;0;1;0;1;0;0;0;1;0;1;0;4.82
1;1;0;0;1;0;1;0;0;1;0;1;0;0;0;1;0;0;1;1;1;0;0;0;0;1;0;0;1;0;0;1;0;0;1;0;0;1;0;1;0;2.74
1;1;0;1;1;0;1;0;0;1;0;1;0;0;0;1;1;0;0;1;0;0;0;1;0;1;1;0;0;0;0;1;1;0;0;0;0;1;0;1;0;28.67
1;1;0;1;1;0;1;0;0;1;0;1;0;0;0;1;1;0;0;1;0;0;0;1;0;1;0;0;0;1;0;1;1;0;0;0;0;1;0;1;0;17.26
1;1;0;1;1;0;1;0;0;1;0;1;0;0;0;1;1;0;0;1;0;0;0;0;1;1;0;0;0;1;0;1;1;0;0;0;0;1;0;1;0;17.6
1;1;0;1;1;0;1;0;0;1;0;1;0;0;0;1;1;0;0;1;0;1;0;0;0;1;0;0;0;0;1;1;1;0;0;0;0;1;0;1;0;14.26
1;1;0;1;1;0;1;0;0;1;0;1;0;0;0;1;1;0;0;1;0;1;0;0;0;1;1;0;0;0;0;1;0;1;0;0;0;1;0;1;0;5.12
1;1;0;1;1;0;1;0;0;1;0;1;0;0;0;1;1;0;0;1;0;0;1;0;0;1;0;1;0;0;0;1;0;1;0;0;0;1;0;1;0;4.73
1;1;0;1;1;0;1;0;0;1;0;1;0;0;0;1;1;0;0;1;0;1;0;0;0;1;0;1;0;0;0;1;0;0;1;0;0;1;0;1;0;2.49
1;1;0;1;1;0;1;0;0;1;0;1;0;0;0;1;1;0;0;1;0;1;0;0;0;1;0;0;1;0;0;1;0;0;1;0;0;1;0;1;0;2.47
1;1;0;1;1;0;1;0;0;1;0;1;0;0;0;1;1;0;0;1;0;1;0;0;0;1;0;0;0;1;0;1;0;0;1;0;0;1;0;1;0;2.44
1;1;0;1;1;0;1;0;0;1;0;1;0;0;0;1;1;0;0;1;0;0;0;1;0;1;0;0;0;1;0;1;0;0;1;0;0;1;0;1;0;3.41
1;1;0;1;1;0;1;0;0;1;0;1;0;0;0;1;1;0;0;1;0;1;0;0;0;1;0;0;0;0;1;1;0;0;0;1;0;1;0;1;0;2.41
1;1;0;1;1;0;1;0;0;1;0;1;0;0;0;1;1;0;0;1;0;0;0;1;0;1;0;0;0;0;1;1;0;0;0;1;0;1;0;1;0;2.88
1;1;0;0;1;0;1;0;0;1;0;1;0;1;0;1;1;0;0;1;0;1;0;0;0;1;0;0;0;1;0;1;0;1;0;0;0;1;0;1;0;9.31
1;1;0;0;1;0;1;0;0;1;0;1;0;1;0;1;1;0;0;1;0;0;1;0;0;1;0;0;0;0;1;1;0;0;1;0;0;1;0;1;0;7.2
1;1;0;0;1;0;1;0;0;1;0;1;0;1;0;1;1;0;0;1;0;1;0;0;0;1;0;1;0;0;0;1;0;0;0;1;0;1;0;1;0;5.09
1;1;0;0;1;0;1;0;0;1;0;1;0;1;0;1;1;0;0;1;0;0;0;0;1;1;0;0;1;0;0;1;0;0;0;1;0;1;0;1;0;5.1
1;1;0;0;1;0;1;0;0;1;0;1;0;1;0;1;1;0;0;1;0;1;0;0;0;1;0;0;0;0;1;1;0;0;0;0;1;1;0;1;0;5.11
1;1;0;0;1;0;1;0;0;1;0;1;0;1;1;1;1;0;0;1;0;0;1;0;0;1;0;0;0;1;0;1;0;1;0;0;0;1;0;0;1;10.03
1;1;0;0;1;0;1;0;0;1;0;1;0;1;1;1;1;0;0;1;0;0;0;1;0;1;0;0;0;1;0;1;0;1;0;0;0;1;0;0;1;9.88
1;1;0;0;1;0;1;0;0;1;0;1;0;1;1;1;1;0;0;1;0;0;0;0;1;1;0;0;0;1;0;1;0;1;0;0;0;1;0;0;1;9.91
1;1;0;0;1;0;1;0;0;1;0;1;0;1;1;1;1;0;0;1;0;0;1;0;0;1;0;0;0;0;1;1;0;1;0;0;0;1;0;0;1;10.06
1;1;0;0;1;0;1;0;0;1;0;1;0;1;1;1;1;0;0;1;0;0;0;1;0;1;0;0;0;0;1;1;0;1;0;0;0;1;0;0;1;9.62
1;1;0;0;1;0;1;0;0;1;0;1;0;1;1;1;1;0;0;1;0;0;0;0;1;1;0;0;0;0;1;1;0;1;0;0;0;1;0;0;1;10.07
1;1;0;0;1;0;1;0;0;1;0;1;0;1;1;1;1;0;0;1;1;0;0;0;0;1;0;1;0;0;0;1;0;0;1;0;0;1;0;0;1;7.01
1;1;0;0;1;0;1;0;0;1;0;1;0;1;1;1;1;0;0;1;0;0;1;0;0;1;0;1;0;0;0;1;0;0;1;0;0;1;0;0;1;7.38
1;1;0;0;1;0;1;0;0;1;0;1;0;1;1;1;1;0;0;1;0;0;0;1;0;1;0;1;0;0;0;1;0;0;1;0;0;1;0;0;1;7.18
1;1;0;0;1;0;1;0;0;1;0;1;0;1;1;1;1;0;0;1;1;0;0;0;0;1;0;0;1;0;0;1;0;0;1;0;0;1;0;0;1;6.93
1;1;0;0;1;0;1;0;0;1;0;1;0;1;1;1;1;0;0;1;0;1;0;0;0;1;0;0;1;0;0;1;0;0;1;0;0;1;0;0;1;7.07
1;1;0;0;1;0;1;0;0;1;0;1;0;1;1;1;1;0;0;1;0;0;1;0;0;1;0;0;1;0;0;1;0;0;1;0;0;1;0;0;1;7.3
1;1;0;0;1;0;1;0;0;1;0;1;0;1;1;1;1;0;0;1;0;0;0;1;0;1;0;0;1;0;0;1;0;0;1;0;0;1;0;0;1;7.08
1;1;0;0;1;0;1;0;0;1;0;1;0;1;1;1;1;0;0;1;0;0;0;0;1;1;0;0;1;0;0;1;0;0;1;0;0;1;0;0;1;6.96
1;1;0;0;1;0;1;0;0;1;0;1;0;1;1;1;1;0;0;1;1;0;0;0;0;1;0;0;0;1;0;1;0;0;1;0;0;1;0;0;1;7.06
1;1;0;0;1;0;1;0;0;1;0;1;0;1;1;1;1;0;0;1;0;1;0;0;0;1;0;0;0;1;0;1;0;0;1;0;0;1;0;0;1;6.99
1;1;0;0;1;0;1;0;0;1;0;1;0;1;1;1;1;0;0;1;0;0;1;0;0;1;0;0;0;1;0;1;0;0;1;0;0;1;0;0;1;6.92
1;1;0;0;1;0;1;0;0;1;0;1;0;1;1;1;1;0;0;1;0;0;0;1;0;1;0;0;0;1;0;1;0;0;1;0;0;1;0;0;1;7.01
1;1;0;0;1;0;1;0;0;1;0;1;0;1;1;1;1;0;0;1;0;0;0;0;1;1;0;0;0;1;0;1;0;0;1;0;0;1;0;0;1;7.02
1;1;0;0;1;0;1;0;0;1;0;1;0;1;1;1;0;1;0;1;0;0;0;0;1;1;0;0;0;1;0;1;0;0;1;0;0;1;0;0;1;7.29
1;1;0;0;1;0;1;0;0;1;0;1;0;1;1;1;1;0;0;1;0;0;1;0;0;1;0;0;0;0;1;1;0;0;1;0;0;1;0;0;1;7.07
1;1;0;0;1;0;1;0;0;1;0;1;0;1;1;1;1;0;0;1;0;0;0;1;0;1;0;0;0;0;1;1;0;0;1;0;0;1;0;0;1;6.87
1;1;0;0;1;0;1;0;0;1;0;1;0;1;1;1;1;0;0;1;1;0;0;0;0;1;1;0;0;0;0;1;0;0;0;1;0;1;0;0;1;7.29
1;1;0;0;1;0;1;0;0;1;0;1;0;1;1;1;1;0;0;1;0;0;1;0;0;1;0;1;0;0;0;1;0;0;0;1;0;1;0;0;1;5.01
1;1;0;0;1;0;1;0;0;1;0;1;0;1;1;1;1;0;0;1;0;0;0;0;1;1;0;1;0;0;0;1;0;0;0;1;0;1;0;0;1;5.78
1;1;0;0;1;0;1;0;0;1;0;1;0;1;1;1;1;0;0;1;0;1;0;0;0;1;0;0;1;0;0;1;0;0;0;1;0;1;0;0;1;5.08
1;1;0;0;1;0;1;0;0;1;0;1;0;1;1;1;1;0;0;1;0;0;1;0;0;1;0;0;1;0;0;1;0;0;0;1;0;1;0;0;1;5.27
1;1;0;0;1;0;1;0;0;1;0;1;0;1;1;1;1;0;0;1;0;0;0;0;1;1;0;0;1;0;0;1;0;0;0;1;0;1;0;0;1;5.04
1;1;0;0;1;0;1;0;0;1;0;1;0;1;1;1;1;0;0;1;1;0;0;0;0;1;0;0;0;1;0;1;0;0;0;1;0;1;0;0;1;5.32
1;1;0;0;1;0;1;0;0;1;0;1;0;1;1;1;1;0;0;1;0;1;0;0;0;1;0;0;0;1;0;1;0;0;0;1;0;1;0;0;1;5.04
1;1;0;0;1;0;1;0;0;1;0;1;0;1;1;1;1;0;0;1;0;0;1;0;0;1;0;0;0;1;0;1;0;0;0;1;0;1;0;0;1;5
1;1;0;0;1;0;1;0;0;1;0;1;0;1;1;1;1;0;0;1;0;0;0;1;0;1;0;0;0;1;0;1;0;0;0;1;0;1;0;0;1;5.04
1;1;0;0;1;0;1;0;0;1;0;1;0;1;1;1;1;0;0;1;0;0;0;0;1;1;0;0;0;1;0;1;0;0;0;1;0;1;0;0;1;4.94
1;1;0;0;1;0;1;0;0;1;0;1;0;1;1;1;1;0;0;1;0;0;1;0;0;1;0;0;0;0;1;1;0;0;0;1;0;1;0;0;1;5.27
1;1;0;0;1;0;1;0;0;1;0;1;0;1;1;1;1;0;0;1;0;0;0;1;0;1;0;0;0;0;1;1;0;0;0;1;0;1;0;0;1;5.1
1;1;0;0;1;0;1;0;0;1;0;1;0;1;1;1;1;0;0;1;0;0;0;0;1;1;0;0;0;0;1;1;0;0;0;1;0;1;0;0;1;5.03
1;1;0;0;1;0;1;0;0;1;0;1;0;1;1;1;1;0;0;1;1;0;0;0;0;1;1;0;0;0;0;1;0;0;0;0;1;1;0;0;1;7.3
1;1;0;0;1;0;1;0;0;1;0;1;0;1;1;1;1;0;0;1;0;0;1;0;0;1;0;1;0;0;0;1;0;0;0;0;1;1;0;0;1;5.01
1;1;0;0;1;0;1;0;0;1;0;1;0;1;1;1;1;0;0;1;0;0;0;1;0;1;0;1;0;0;0;1;0;0;0;0;1;1;0;0;1;5.02
1;1;0;0;1;0;1;0;0;1;0;1;0;1;1;1;1;0;0;1;0;0;0;0;1;1;0;1;0;0;0;1;0;0;0;0;1;1;0;0;1;5.83
1;1;0;0;1;0;1;0;0;1;0;1;0;1;1;1;1;0;0;1;0;0;1;0;0;1;0;0;1;0;0;1;0;0;0;0;1;1;0;0;1;5.1
1;1;0;0;1;0;1;0;0;1;0;1;0;1;1;1;1;0;0;1;0;0;0;1;0;1;0;0;1;0;0;1;0;0;0;0;1;1;0;0;1;5.05
1;1;0;0;1;0;1;0;0;1;0;1;0;1;1;1;1;0;0;1;0;0;0;0;1;1;0;0;1;0;0;1;0;0;0;0;1;1;0;0;1;5.04
1;1;0;0;1;0;1;0;0;1;0;1;0;1;1;1;1;0;0;1;0;0;1;0;0;1;0;0;0;1;0;1;0;0;0;0;1;1;0;0;1;5
1;1;0;0;1;0;1;0;0;1;0;1;0;1;1;1;1;0;0;1;0;0;0;0;1;1;0;0;0;1;0;1;0;0;0;0;1;1;0;0;1;5.04
1;1;0;0;1;0;1;0;0;1;0;1;0;1;1;1;1;0;0;1;0;0;1;0;0;1;0;0;0;0;1;1;0;0;0;0;1;1;0;0;1;5.3
1;1;0;0;1;0;1;0;0;1;0;1;0;1;1;1;1;0;0;1;0;0;0;0;1;1;0;0;0;0;1;1;0;0;0;0;1;1;0;0;1;5.3
1;1;0;0;1;0;1;0;0;1;0;1;0;1;1;1;1;0;0;1;0;1;0;0;0;1;0;1;0;0;0;1;1;0;0;0;0;1;0;0;1;21.44
1;1;0;0;1;0;1;0;0;1;0;1;0;1;1;1;1;0;0;1;0;0;0;0;1;1;0;1;0;0;0;1;1;0;0;0;0;1;0;0;1;21.22
1;1;0;0;1;0;1;0;0;1;0;1;0;1;1;1;1;0;0;1;1;0;0;0;0;1;0;0;1;0;0;1;1;0;0;0;0;1;0;0;1;21.09
1;1;0;0;1;0;1;0;0;1;0;1;0;1;1;1;1;0;0;1;0;0;1;0;0;1;0;0;1;0;0;1;1;0;0;0;0;1;0;0;1;21.2
1;1;0;0;1;0;1;0;0;1;0;1;0;1;1;1;1;0;0;1;0;0;0;1;0;1;0;0;1;0;0;1;1;0;0;0;0;1;0;0;1;20.94
1;1;0;0;1;0;1;0;0;1;0;1;0;1;1;1;1;0;0;1;0;0;0;0;1;1;0;0;1;0;0;1;1;0;0;0;0;1;0;0;1;20.97
1;1;0;0;1;0;1;0;0;1;0;1;0;1;1;1;1;0;0;1;1;0;0;0;0;1;0;0;0;1;0;1;1;0;0;0;0;1;0;0;1;20.63
1;1;0;0;1;0;1;0;0;1;0;1;0;1;1;1;1;0;0;1;0;1;0;0;0;1;0;0;0;1;0;1;1;0;0;0;0;1;0;0;1;21.34
1;1;0;0;1;0;1;0;0;1;0;1;0;1;1;1;1;0;0;1;0;0;1;0;0;1;0;0;0;1;0;1;1;0;0;0;0;1;0;0;1;20.88
1;1;0;0;1;0;1;0;0;1;0;1;0;1;1;1;1;0;0;1;0;0;0;0;1;1;0;0;0;1;0;1;1;0;0;0;0;1;0;0;1;20.61
1;1;0;0;1;0;1;0;0;1;0;1;0;1;1;1;1;0;0;1;1;0;0;0;0;1;0;0;0;0;1;1;1;0;0;0;0;1;0;0;1;21
1;1;0;0;1;0;1;0;0;1;0;1;0;1;1;1;1;0;0;1;0;0;1;0;0;1;0;0;0;0;1;1;1;0;0;0;0;1;0;0;1;21.51
1;1;0;0;1;0;1;0;0;1;0;1;0;1;1;1;1;0;0;1;0;0;0;1;0;1;0;0;0;0;1;1;1;0;0;0;0;1;0;0;1;20.81
1;1;0;0;1;0;1;0;0;1;0;1;0;1;1;1;1;0;0;1;0;0;0;0;1;1;0;0;0;0;1;1;1;0;0;0;0;1;0;0;1;20.82
1;1;0;0;1;0;1;0;0;1;0;1;0;1;1;1;1;0;0;1;1;0;0;0;0;1;0;1;0;0;0;1;0;1;0;0;0;1;0;0;1;9.75
1;1;0;0;1;0;1;0;0;1;0;1;0;1;1;1;1;0;0;1;0;0;1;0;0;1;0;1;0;0;0;1;0;1;0;0;0;1;0;0;1;9.87
1;1;0;0;1;0;1;0;0;1;0;1;0;1;1;1;1;0;0;1;0;0;0;1;0;1;0;1;0;0;0;1;0;1;0;0;0;1;0;0;1;9.69
1;1;0;0;1;0;1;0;0;1;0;1;0;1;1;1;1;0;0;1;0;0;0;0;1;1;0;1;0;0;0;1;0;1;0;0;0;1;0;0;1;9.84
1;1;0;0;1;0;1;0;0;1;0;1;0;1;1;1;1;0;0;1;0;0;1;0;0;1;0;0;1;0;0;1;0;1;0;0;0;1;0;0;1;9.82
1;1;0;0;1;0;1;0;0;1;0;1;0;1;1;1;1;0;0;1;0;0;0;1;0;1;0;0;1;0;0;1;0;1;0;0;0;1;0;0;1;9.97
1;1;0;0;1;0;1;0;0;1;0;1;0;1;1;1;1;0;0;1;0;0;0;0;1;1;0;0;1;0;0;1;0;1;0;0;0;1;0;0;1;9.86
1;1;0;0;1;0;1;0;0;1;0;1;0;1;1;1;1;0;0;1;0;1;0;0;0;1;0;0;0;1;0;1;0;1;0;0;0;1;0;0;1;9.83
1;1;0;0;1;0;0;1;0;1;0;1;0;1;0;1;0;0;1;1;0;1;0;0;0;1;0;0;0;1;0;1;0;1;0;0;0;1;0;1;0;11.05
1;1;0;0;1;0;0;1;0;1;0;1;0;1;0;1;0;0;1;1;0;0;0;1;0;1;0;0;0;0;1;1;0;1;0;0;0;1;0;1;0;11.59
1;1;0;0;1;0;0;1;0;1;0;1;0;1;0;1;0;0;1;1;0;0;1;0;0;1;0;1;0;0;0;1;0;0;1;0;0;1;0;1;0;6.9
1;1;0;0;1;0;0;1;0;1;0;1;0;1;0;1;0;0;1;1;0;0;0;0;1;1;0;0;1;0;0;1;0;0;1;0;0;1;0;1;0;6.86
1;1;0;0;1;0;0;1;0;1;0;1;0;1;0;1;0;0;1;1;0;1;0;0;0;1;1;0;0;0;0;1;0;0;0;1;0;1;0;1;0;9.43
1;1;0;0;1;0;0;1;0;1;0;1;0;1;0;1;0;0;1;1;0;0;1;0;0;1;1;0;0;0;0;1;0;0;0;1;0;1;0;1;0;9.57
1;1;0;0;1;0;0;1;0;1;0;1;0;1;0;1;0;0;1;1;0;0;0;0;1;1;1;0;0;0;0;1;0;0;0;1;0;1;0;1;0;9.51
1;1;0;0;1;0;0;1;0;1;0;1;0;1;0;1;0;0;1;1;0;0;0;1;0;1;0;1;0;0;0;1;0;0;0;1;0;1;0;1;0;6.29
1;1;0;0;1;0;0;1;0;1;0;1;0;1;0;1;0;0;1;1;1;0;0;0;0;1;1;0;0;0;0;1;0;0;0;0;1;1;0;1;0;9.46
1;1;0;0;1;0;0;1;0;1;0;1;0;1;0;1;0;0;1;1;0;0;1;0;0;1;1;0;0;0;0;1;0;0;0;0;1;1;0;1;0;9.5
1;1;0;0;1;0;0;1;0;1;0;1;0;1;0;1;0;0;1;1;0;1;0;0;0;1;0;1;0;0;0;1;0;0;0;0;1;1;0;1;0;6.33
1;1;0;0;1;0;0;1;0;1;0;1;0;1;0;1;0;0;1;1;0;0;0;1;0;1;0;1;0;0;0;1;0;0;0;0;1;1;0;1;0;6.27
1;1;0;0;1;0;0;1;0;1;0;1;0;1;0;1;0;0;1;1;0;1;0;0;0;1;0;0;0;0;1;1;0;0;0;0;1;1;0;1;0;6.36
1;1;0;1;1;0;0;1;0;1;0;1;0;0;0;1;1;0;0;1;0;0;1;0;0;1;0;0;0;1;0;1;1;0;0;0;0;1;0;1;0;14.97
1;1;0;1;1;0;0;1;0;1;0;1;0;0;0;1;1;0;0;1;0;0;0;0;1;1;1;0;0;0;0;1;0;1;0;0;0;1;0;1;0;7.38
1;1;0;1;1;0;0;1;0;1;0;1;0;0;0;1;1;0;0;1;0;0;0;1;0;1;0;1;0;0;0;1;0;0;1;0;0;1;0;1;0;2.73
1;1;0;1;1;0;0;1;0;1;0;1;0;0;0;1;1;0;0;1;0;0;0;0;1;1;0;1;0;0;0;1;0;0;1;0;0;1;0;1;0;3
1;1;0;1;1;0;0;1;0;1;0;1;0;0;0;1;1;0;0;1;1;0;0;0;0;1;1;0;0;0;0;1;0;0;0;1;0;1;0;1;0;2.55
1;1;0;1;1;0;0;1;0;1;0;1;0;0;0;1;1;0;0;1;0;1;0;0;0;1;1;0;0;0;0;1;0;0;0;0;1;1;0;1;0;2.72
1;1;0;1;1;0;0;1;0;1;0;1;0;0;0;1;1;0;0;1;0;0;1;0;0;1;0;1;0;0;0;1;0;0;0;0;1;1;0;1;0;2.53
1;1;0;1;1;0;0;1;0;1;0;1;0;0;0;1;1;0;0;1;0;0;1;0;0;1;0;0;0;1;0;1;0;0;0;0;1;1;0;1;0;2.52
1;1;0;1;1;0;0;1;0;1;0;1;0;0;0;1;1;0;0;1;0;0;1;0;0;1;1;0;0;0;0;1;0;1;0;0;0;1;0;0;1;6.18
1;1;0;1;1;0;0;1;0;1;0;1;0;0;0;1;1;0;0;1;0;0;1;0;0;1;0;1;0;0;0;1;0;1;0;0;0;1;0;0;1;4.79
1;1;0;1;1;0;0;0;1;1;0;1;0;0;0;1;1;0;0;1;0;0;0;1;0;1;1;0;0;0;0;1;0;1;0;0;0;1;0;1;0;6.52
1;1;0;1;1;0;0;0;1;1;0;1;0;0;0;1;1;0;0;1;0;0;0;0;1;1;1;0;0;0;0;1;0;1;0;0;0;1;0;1;0;7.14
1;1;0;1;1;0;0;0;1;1;0;1;0;0;0;1;1;0;0;1;0;0;0;0;1;1;1;0;0;0;0;1;0;0;0;0;1;1;0;1;0;3.13
1;1;0;0;1;0;0;0;1;1;0;1;0;0;0;1;1;0;0;1;0;0;1;0;0;1;0;0;0;1;0;1;0;1;0;0;0;1;0;1;0;4.86
1;1;0;0;1;0;0;0;1;1;0;1;0;0;0;1;0;0;1;1;0;0;1;0;0;1;0;0;0;1;0;1;0;1;0;0;0;1;0;1;0;6.03
1;1;0;0;1;0;0;0;1;1;0;1;0;0;0;1;1;0;0;1;0;0;0;1;0;1;0;0;0;1;0;1;0;1;0;0;0;1;0;1;0;5.1
1;1;0;0;1;0;0;0;1;1;0;1;0;0;0;1;0;0;1;1;0;0;0;1;0;1;0;0;0;1;0;1;0;1;0;0;0;1;0;1;0;5.96
1;1;0;0;1;0;0;0;1;1;0;1;0;0;0;1;1;0;0;1;0;0;0;0;1;1;0;0;0;1;0;1;0;1;0;0;0;1;0;1;0;5.48
1;1;0;0;1;0;0;0;1;1;0;1;0;0;0;1;0;0;1;1;0;0;0;0;1;1;0;0;0;1;0;1;0;1;0;0;0;1;0;1;0;6.95
1;1;0;0;1;0;0;0;1;1;0;1;0;0;0;1;1;0;0;1;1;0;0;0;0;1;0;0;0;0;1;1;0;1;0;0;0;1;0;1;0;4.02
1;1;0;0;1;0;0;0;1;1;0;1;0;0;0;1;0;0;1;1;1;0;0;0;0;1;0;0;0;0;1;1;0;1;0;0;0;1;0;1;0;4.36
1;1;0;0;1;0;0;0;1;1;0;1;0;0;0;1;1;0;0;1;0;1;0;0;0;1;0;0;0;0;1;1;0;1;0;0;0;1;0;1;0;4.38
1;1;0;0;1;0;0;0;1;1;0;1;0;0;0;1;1;0;0;1;0;0;1;0;0;1;0;0;0;0;1;1;0;1;0;0;0;1;0;1;0;4.87
1;1;0;0;1;0;0;0;1;1;0;1;0;0;0;1;0;0;1;1;0;0;1;0;0;1;0;0;0;0;1;1;0;1;0;0;0;1;0;1;0;6.11
1;1;0;0;1;0;0;0;1;1;0;1;0;0;0;1;1;0;0;1;0;0;0;1;0;1;0;0;0;0;1;1;0;1;0;0;0;1;0;1;0;5.13
1;1;0;0;1;0;0;0;1;1;0;1;0;0;0;1;0;0;1;1;0;0;0;1;0;1;0;0;0;0;1;1;0;1;0;0;0;1;0;1;0;6.03
1;1;0;0;1;0;0;0;1;1;0;1;0;0;0;1;1;0;0;1;0;0;0;0;1;1;0;0;0;0;1;1;0;1;0;0;0;1;0;1;0;5.51
1;1;0;0;1;0;0;0;1;1;0;1;0;0;0;1;0;0;1;1;0;0;0;0;1;1;0;0;0;0;1;1;0;1;0;0;0;1;0;1;0;6.4
1;1;0;0;1;0;0;0;1;1;0;1;0;0;0;1;1;0;0;1;1;0;0;0;0;1;1;0;0;0;0;1;0;0;1;0;0;1;0;1;0;2.72
1;1;0;0;1;0;0;0;1;1;0;1;0;0;0;1;0;0;1;1;1;0;0;0;0;1;1;0;0;0;0;1;0;0;1;0;0;1;0;1;0;3.3
1;1;0;0;1;0;0;0;1;1;0;1;0;0;0;1;1;0;0;1;0;1;0;0;0;1;1;0;0;0;0;1;0;0;1;0;0;1;0;1;0;2.87
1;1;0;0;1;0;0;0;1;1;0;1;0;0;0;1;0;0;1;1;0;1;0;0;0;1;1;0;0;0;0;1;0;0;1;0;0;1;0;1;0;3.63
1;1;0;0;1;0;0;0;1;1;0;1;0;0;0;1;1;0;0;1;0;0;1;0;0;1;1;0;0;0;0;1;0;0;1;0;0;1;0;1;0;2.95
1;1;0;0;1;0;0;0;1;1;0;1;0;0;0;1;0;0;1;1;0;0;1;0;0;1;1;0;0;0;0;1;0;0;1;0;0;1;0;1;0;3.94
1;1;0;0;1;0;0;0;1;1;0;1;0;0;0;1;1;0;0;1;0;0;0;1;0;1;1;0;0;0;0;1;0;0;1;0;0;1;0;1;0;3.14
1;1;0;0;1;0;0;0;1;1;0;1;0;0;0;1;0;0;1;1;0;0;0;1;0;1;1;0;0;0;0;1;0;0;1;0;0;1;0;1;0;4.51
1;1;0;0;1;0;0;0;1;1;0;1;0;0;0;1;1;0;0;1;0;0;0;0;1;1;1;0;0;0;0;1;0;0;1;0;0;1;0;1;0;3.35
1;1;0;0;1;0;0;0;1;1;0;1;0;0;0;1;0;0;1;1;0;0;0;0;1;1;1;0;0;0;0;1;0;0;1;0;0;1;0;1;0;4.33
1;1;0;0;1;0;0;0;1;1;0;1;0;0;0;1;1;0;0;1;1;0;0;0;0;1;0;1;0;0;0;1;0;0;1;0;0;1;0;1;0;2.47
1;1;0;0;1;0;0;0;1;1;0;1;0;0;0;1;0;0;1;1;1;0;0;0;0;1;0;1;0;0;0;1;0;0;1;0;0;1;0;1;0;2.93
1;1;0;0;1;0;0;0;1;1;0;1;0;0;0;1;1;0;0;1;0;1;0;0;0;1;0;1;0;0;0;1;0;0;1;0;0;1;0;1;0;2.59
1;1;0;0;1;0;0;0;1;1;0;1;0;0;0;1;0;0;1;1;0;1;0;0;0;1;0;1;0;0;0;1;0;0;1;0;0;1;0;1;0;3.06
1;1;0;0;1;0;0;0;1;1;0;1;0;0;0;1;1;0;0;1;0;0;1;0;0;1;0;1;0;0;0;1;0;0;1;0;0;1;0;1;0;2.57
1;1;0;0;1;0;0;0;1;1;0;1;0;0;0;1;0;0;1;1;0;0;1;0;0;1;0;1;0;0;0;1;0;0;1;0;0;1;0;1;0;3.61
1;1;0;0;1;0;0;0;1;1;0;1;0;0;0;1;1;0;0;1;0;0;0;1;0;1;0;1;0;0;0;1;0;0;1;0;0;1;0;1;0;2.74
1;1;0;0;1;0;0;0;1;1;0;1;0;0;0;1;0;0;1;1;0;0;0;1;0;1;0;1;0;0;0;1;0;0;1;0;0;1;0;1;0;3.42
1;1;0;0;1;0;0;0;1;1;0;1;0;0;0;1;1;0;0;1;0;0;0;0;1;1;0;1;0;0;0;1;0;0;1;0;0;1;0;1;0;2.79
1;1;0;0;1;0;0;0;1;1;0;1;0;0;0;1;0;0;1;1;0;0;0;0;1;1;0;1;0;0;0;1;0;0;1;0;0;1;0;1;0;3.52
1;1;0;0;1;0;0;0;1;1;0;1;0;0;0;1;1;0;0;1;1;0;0;0;0;1;0;0;1;0;0;1;0;0;1;0;0;1;0;1;0;2.46
1;1;0;0;1;0;0;0;1;1;0;1;0;0;0;1;0;0;1;1;1;0;0;0;0;1;0;0;1;0;0;1;0;0;1;0;0;1;0;1;0;2.95
1;1;0;0;1;0;0;0;1;1;0;1;0;0;0;1;1;0;0;1;0;1;0;0;0;1;0;0;1;0;0;1;0;0;1;0;0;1;0;1;0;2.5
1;1;0;0;1;0;0;0;1;1;0;1;0;0;0;1;0;0;1;1;0;1;0;0;0;1;0;0;1;0;0;1;0;0;1;0;0;1;0;1;0;3.36
1;1;0;0;1;0;0;0;1;1;0;1;0;0;0;1;1;0;0;1;0;0;1;0;0;1;0;0;1;0;0;1;0;0;1;0;0;1;0;1;0;2.81
1;1;0;0;1;0;0;0;1;1;0;1;0;0;0;1;0;0;1;1;0;0;1;0;0;1;0;0;1;0;0;1;0;0;1;0;0;1;0;1;0;3.39
1;1;0;0;1;0;0;0;1;1;0;1;0;0;0;1;1;0;0;1;0;0;0;1;0;1;0;0;1;0;0;1;0;0;1;0;0;1;0;1;0;2.7
1;1;0;0;1;0;0;0;1;1;0;1;0;0;0;1;0;0;1;1;0;0;0;1;0;1;0;0;1;0;0;1;0;0;1;0;0;1;0;1;0;3.46
1;1;0;0;1;0;0;0;1;1;0;1;0;0;0;1;1;0;0;1;0;0;0;0;1;1;0;0;1;0;0;1;0;0;1;0;0;1;0;1;0;2.77
1;1;0;0;1;0;0;0;1;1;0;1;0;0;0;1;0;0;1;1;0;0;0;0;1;1;0;0;1;0;0;1;0;0;1;0;0;1;0;1;0;3.56
1;1;0;0;1;0;0;0;1;1;0;1;0;0;0;1;1;0;0;1;1;0;0;0;0;1;0;0;0;1;0;1;0;0;1;0;0;1;0;1;0;2.42
1;1;0;0;1;0;0;0;1;1;0;1;0;0;0;1;0;0;1;1;1;0;0;0;0;1;0;0;0;1;0;1;0;0;1;0;0;1;0;1;0;2.9
1;1;0;0;1;0;0;0;1;1;0;1;0;0;0;1;1;0;0;1;0;1;0;0;0;1;0;0;0;1;0;1;0;0;1;0;0;1;0;1;0;2.5
1;1;0;0;1;0;0;0;1;1;0;1;0;0;0;1;0;0;1;1;0;1;0;0;0;1;0;0;0;1;0;1;0;0;1;0;0;1;0;1;0;3.41
1;1;0;0;1;0;0;0;1;1;0;1;0;0;0;1;1;0;0;1;0;0;1;0;0;1;0;0;0;1;0;1;0;0;1;0;0;1;0;1;0;2.62
1;1;0;0;1;0;0;0;1;1;0;1;0;0;0;1;0;0;1;1;0;0;1;0;0;1;0;0;0;1;0;1;0;0;1;0;0;1;0;1;0;3.35
1;1;0;0;1;0;0;0;1;1;0;1;0;0;0;1;1;0;0;1;0;0;0;1;0;1;0;0;0;1;0;1;0;0;1;0;0;1;0;1;0;2.77
1;1;0;0;1;0;0;0;1;1;0;1;0;0;0;1;0;0;1;1;0;0;0;1;0;1;0;0;0;1;0;1;0;0;1;0;0;1;0;1;0;3.53
1;1;0;0;1;0;0;0;1;1;0;1;0;0;0;1;1;0;0;1;0;0;0;0;1;1;0;0;0;1;0;1;0;0;1;0;0;1;0;1;0;3.02
1;1;0;0;1;0;0;0;1;1;0;1;0;0;0;1;0;0;1;1;0;0;0;0;1;1;0;0;0;1;0;1;0;0;1;0;0;1;0;1;0;3.56
1;1;0;0;1;0;0;0;1;1;0;1;0;0;0;1;1;0;0;1;1;0;0;0;0;1;0;0;0;0;1;1;0;0;1;0;0;1;0;1;0;2.43
1;1;0;0;1;0;0;0;1;1;0;1;0;0;0;1;0;0;1;1;1;0;0;0;0;1;0;0;0;0;1;1;0;0;1;0;0;1;0;1;0;2.89
1;1;0;0;1;0;0;0;1;1;0;1;0;0;0;1;1;0;0;1;0;1;0;0;0;1;0;0;0;0;1;1;0;0;1;0;0;1;0;1;0;2.52
1;1;0;0;1;0;0;0;1;1;0;1;0;0;0;1;0;0;1;1;0;1;0;0;0;1;0;0;0;0;1;1;0;0;1;0;0;1;0;1;0;3.07
1;1;0;0;1;0;0;0;1;1;0;1;0;0;0;1;1;0;0;1;0;0;1;0;0;1;0;0;0;0;1;1;0;0;1;0;0;1;0;1;0;2.53
1;1;0;0;1;0;0;0;1;1;0;1;0;0;0;1;0;0;1;1;0;0;1;0;0;1;0;0;0;0;1;1;0;0;1;0;0;1;0;1;0;3.65
1;1;0;0;1;0;0;0;1;1;0;1;0;0;0;1;1;0;0;1;0;0;0;1;0;1;0;0;0;0;1;1;0;0;1;0;0;1;0;1;0;2.74
1;1;0;0;1;0;0;0;1;1;0;1;0;0;0;1;0;0;1;1;0;0;0;1;0;1;0;0;0;0;1;1;0;0;1;0;0;1;0;1;0;3.48
1;1;0;0;1;0;0;0;1;1;0;1;0;0;0;1;1;0;0;1;0;0;0;0;1;1;0;0;0;0;1;1;0;0;1;0;0;1;0;1;0;2.9
1;1;0;0;1;0;0;0;1;1;0;1;0;0;0;1;0;0;1;1;0;0;0;0;1;1;0;0;0;0;1;1;0;0;1;0;0;1;0;1;0;3.52
1;1;0;0;1;0;0;0;1;1;0;1;0;0;0;1;1;0;0;1;1;0;0;0;0;1;1;0;0;0;0;1;0;0;0;1;0;1;0;1;0;2.55
1;1;0;0;1;0;0;0;1;1;0;1;0;0;0;1;0;0;1;1;1;0;0;0;0;1;1;0;0;0;0;1;0;0;0;1;0;1;0;1;0;3.27
1;1;0;0;1;0;0;0;1;1;0;1;0;0;0;1;1;0;0;1;0;1;0;0;0;1;1;0;0;0;0;1;0;0;0;1;0;1;0;1;0;2.71
1;1;0;0;1;0;0;0;1;1;0;1;0;0;0;1;1;0;0;1;0;0;1;0;0;1;1;0;0;0;0;1;0;0;0;1;0;1;0;1;0;2.89
1;1;0;0;1;0;0;0;1;1;0;1;0;0;0;1;0;0;1;1;0;0;1;0;0;1;1;0;0;0;0;1;0;0;0;1;0;1;0;1;0;3.69
1;1;0;0;1;0;0;0;1;1;0;1;0;0;0;1;1;0;0;1;0;0;0;1;0;1;1;0;0;0;0;1;0;0;0;1;0;1;0;1;0;3.05
1;1;0;0;1;0;0;0;1;1;0;1;0;0;0;1;1;0;0;1;0;0;0;0;1;1;1;0;0;0;0;1;0;0;0;1;0;1;0;1;0;3.07
1;1;0;0;1;0;0;0;1;1;0;1;0;0;0;1;0;0;1;1;1;0;0;0;0;1;0;1;0;0;0;1;0;0;0;1;0;1;0;1;0;2.83
1;1;0;0;1;0;0;0;1;1;0;1;0;0;0;1;0;0;1;1;0;1;0;0;0;1;0;1;0;0;0;1;0;0;0;1;0;1;0;1;0;2.97
1;1;0;0;1;0;0;0;1;1;0;1;0;0;0;1;1;0;0;1;0;0;0;1;0;1;0;1;0;0;0;1;0;0;0;1;0;1;0;1;0;2.73
1;1;0;0;1;0;0;0;1;1;0;1;0;0;0;1;0;0;1;1;0;0;0;1;0;1;0;1;0;0;0;1;0;0;0;1;0;1;0;1;0;3.27
1;1;0;0;1;0;0;0;1;1;0;1;0;0;0;1;1;0;0;1;1;0;0;0;0;1;0;0;1;0;0;1;0;0;0;1;0;1;0;1;0;2.28
1;1;0;0;1;0;0;0;1;1;0;1;0;0;0;1;0;0;1;1;1;0;0;0;0;1;0;0;1;0;0;1;0;0;0;1;0;1;0;1;0;2.79
1;1;0;0;1;0;0;0;1;1;0;1;0;0;0;1;0;0;1;1;0;1;0;0;0;1;0;0;1;0;0;1;0;0;0;1;0;1;0;1;0;2.96
1;1;0;0;1;0;0;0;1;1;0;1;0;0;0;1;1;0;0;1;0;0;1;0;0;1;0;0;1;0;0;1;0;0;0;1;0;1;0;1;0;2.71
1;1;0;0;1;0;0;0;1;1;0;1;0;0;0;1;0;0;1;1;0;0;1;0;0;1;0;0;1;0;0;1;0;0;0;1;0;1;0;1;0;3.17
1;1;0;0;1;0;0;0;1;1;0;1;0;0;0;1;0;0;1;1;0;0;0;1;0;1;0;0;1;0;0;1;0;0;0;1;0;1;0;1;0;3.26
1;1;0;0;1;0;0;0;1;1;0;1;0;0;0;1;0;0;1;1;0;0;0;0;1;1;0;0;1;0;0;1;0;0;0;1;0;1;0;1;0;3.4
1;1;0;0;1;0;0;0;1;1;0;1;0;0;0;1;1;0;0;1;1;0;0;0;0;1;0;0;0;1;0;1;0;0;0;1;0;1;0;1;0;2.33
1;1;0;0;1;0;0;0;1;1;0;1;0;0;0;1;0;0;1;1;1;0;0;0;0;1;0;0;0;1;0;1;0;0;0;1;0;1;0;1;0;3.24
1;1;0;0;1;0;0;0;1;1;0;1;0;0;0;1;1;0;0;1;0;1;0;0;0;1;0;0;0;1;0;1;0;0;0;1;0;1;0;1;0;2.39
1;1;0;0;1;0;0;0;1;1;0;1;0;0;0;1;1;0;0;1;0;0;1;0;0;1;0;0;0;1;0;1;0;0;0;1;0;1;0;1;0;2.68
1;1;0;0;1;0;0;0;1;1;0;1;0;0;0;1;0;0;1;1;0;0;1;0;0;1;0;0;0;1;0;1;0;0;0;1;0;1;0;1;0;3.18
1;1;0;0;1;0;0;0;1;1;0;1;0;0;0;1;1;0;0;1;0;0;0;1;0;1;0;0;0;1;0;1;0;0;0;1;0;1;0;1;0;2.62
1;1;0;0;1;0;0;0;1;1;0;1;0;0;0;1;1;0;0;1;0;0;0;0;1;1;0;0;0;1;0;1;0;0;0;1;0;1;0;1;0;2.57
1;1;0;0;1;0;0;0;1;1;0;1;0;0;0;1;0;0;1;1;0;0;0;0;1;1;0;0;0;1;0;1;0;0;0;1;0;1;0;1;0;3.68
1;1;0;0;1;0;0;0;1;1;0;1;0;0;0;1;1;0;0;1;1;0;0;0;0;1;0;0;0;0;1;1;0;0;0;1;0;1;0;1;0;2.34
1;1;0;0;1;0;0;0;1;1;0;1;0;0;0;1;0;0;1;1;1;0;0;0;0;1;0;0;0;0;1;1;0;0;0;1;0;1;0;1;0;2.85
1;1;0;0;1;0;0;0;1;1;0;1;0;0;0;1;1;0;0;1;0;1;0;0;0;1;0;0;0;0;1;1;0;0;0;1;0;1;0;1;0;2.42
1;1;0;0;1;0;0;0;1;1;0;1;0;0;0;1;1;0;0;1;0;0;1;0;0;1;0;0;0;0;1;1;0;0;0;1;0;1;0;1;0;2.68
1;1;0;0;1;0;0;0;1;1;0;1;0;0;0;1;0;0;1;1;0;0;1;0;0;1;0;0;0;0;1;1;0;0;0;1;0;1;0;1;0;3.12
1;1;0;0;1;0;0;0;1;1;0;1;0;0;0;1;1;0;0;1;0;0;0;1;0;1;0;0;0;0;1;1;0;0;0;1;0;1;0;1;0;2.61
1;1;0;0;1;0;0;0;1;1;0;1;0;0;0;1;0;0;1;1;0;0;0;1;0;1;0;0;0;0;1;1;0;0;0;1;0;1;0;1;0;3.29
1;1;0;0;1;0;0;0;1;1;0;1;0;0;0;1;1;0;0;1;0;0;0;0;1;1;0;0;0;0;1;1;0;0;0;1;0;1;0;1;0;2.6
1;1;0;0;1;0;0;0;1;1;0;1;0;0;0;1;1;0;0;1;1;0;0;0;0;1;1;0;0;0;0;1;0;0;0;0;1;1;0;1;0;2.6
1;1;0;0;1;0;0;0;1;1;0;1;0;0;0;1;0;0;1;1;1;0;0;0;0;1;1;0;0;0;0;1;0;0;0;0;1;1;0;1;0;3.48
1;1;0;0;1;0;0;0;1;1;0;1;0;0;0;1;1;0;0;1;0;1;0;0;0;1;1;0;0;0;0;1;0;0;0;0;1;1;0;1;0;2.75
1;1;0;0;1;0;0;0;1;1;0;1;0;0;0;1;0;0;1;1;0;0;1;0;0;1;1;0;0;0;0;1;0;0;0;0;1;1;0;1;0;3.7
1;1;0;0;1;0;0;0;1;1;0;1;0;0;0;1;0;0;1;1;0;0;0;1;0;1;1;0;0;0;0;1;0;0;0;0;1;1;0;1;0;3.94
1;1;0;0;1;0;0;0;1;1;0;1;0;0;0;1;0;0;1;1;0;0;0;0;1;1;1;0;0;0;0;1;0;0;0;0;1;1;0;1;0;4.16
1;1;0;0;1;0;0;0;1;1;0;1;0;0;0;1;0;0;1;1;1;0;0;0;0;1;0;1;0;0;0;1;0;0;0;0;1;1;0;1;0;2.85
1;1;0;0;1;0;0;0;1;1;0;1;0;0;0;1;1;0;0;1;0;1;0;0;0;1;0;1;0;0;0;1;0;0;0;0;1;1;0;1;0;2.4
1;1;0;0;1;0;0;0;1;1;0;1;0;0;0;1;1;0;0;1;0;0;1;0;0;1;0;1;0;0;0;1;0;0;0;0;1;1;0;1;0;2.55
1;1;0;0;1;0;0;0;1;1;0;1;0;0;0;1;0;0;1;1;0;0;1;0;0;1;0;1;0;0;0;1;0;0;0;0;1;1;0;1;0;3.08
1;1;0;0;1;0;0;0;1;1;0;1;0;0;0;1;1;0;0;1;0;0;0;1;0;1;0;1;0;0;0;1;0;0;0;0;1;1;0;1;0;2.56
1;1;0;0;1;0;0;0;1;1;0;1;0;0;0;1;0;0;1;1;0;0;0;1;0;1;0;1;0;0;0;1;0;0;0;0;1;1;0;1;0;3.3
1;1;0;0;1;0;0;0;1;1;0;1;0;0;0;1;0;0;1;1;0;0;0;0;1;1;0;1;0;0;0;1;0;0;0;0;1;1;0;1;0;3.38
1;1;0;0;1;0;0;0;1;1;0;1;0;0;0;1;1;0;0;1;1;0;0;0;0;1;0;0;1;0;0;1;0;0;0;0;1;1;0;1;0;2.34
1;1;0;0;1;0;0;0;1;1;0;1;0;0;0;1;0;0;1;1;1;0;0;0;0;1;0;0;1;0;0;1;0;0;0;0;1;1;0;1;0;2.8
1;1;0;0;1;0;0;0;1;1;0;1;0;0;0;1;0;0;1;1;0;1;0;0;0;1;0;0;1;0;0;1;0;0;0;0;1;1;0;1;0;3.12
1;1;0;0;1;0;0;0;1;1;0;1;0;0;0;1;1;0;0;1;0;0;1;0;0;1;0;0;1;0;0;1;0;0;0;0;1;1;0;1;0;2.69
1;1;0;0;1;0;0;0;1;1;0;1;0;0;0;1;0;0;1;1;0;0;1;0;0;1;0;0;1;0;0;1;0;0;0;0;1;1;0;1;0;3.1
1;1;0;0;1;0;0;0;1;1;0;1;0;0;0;1;0;0;1;1;0;0;0;1;0;1;0;0;1;0;0;1;0;0;0;0;1;1;0;1;0;3.29
1;1;0;0;1;0;0;0;1;1;0;1;0;0;0;1;1;0;0;1;0;0;0;0;1;1;0;0;1;0;0;1;0;0;0;0;1;1;0;1;0;3.07
1;1;0;0;1;0;0;0;1;1;0;1;0;0;0;1;0;0;1;1;0;0;0;0;1;1;0;0;1;0;0;1;0;0;0;0;1;1;0;1;0;3.38
1;1;0;0;1;0;0;0;1;1;0;1;0;0;0;1;1;0;0;1;1;0;0;0;0;1;0;0;0;1;0;1;0;0;0;0;1;1;0;1;0;2.33
1;1;0;0;1;0;0;0;1;1;0;1;0;0;0;1;0;0;1;1;1;0;0;0;0;1;0;0;0;1;0;1;0;0;0;0;1;1;0;1;0;2.81
1;1;0;0;1;0;0;0;1;1;0;1;0;0;0;1;1;0;0;1;0;1;0;0;0;1;0;0;0;1;0;1;0;0;0;0;1;1;0;1;0;2.45
1;1;0;0;1;0;0;0;1;1;0;1;0;0;0;1;0;0;1;1;0;1;0;0;0;1;0;0;0;1;0;1;0;0;0;0;1;1;0;1;0;2.97
1;1;0;0;1;0;0;0;1;1;0;1;0;0;0;1;1;0;0;1;0;0;1;0;0;1;0;0;0;1;0;1;0;0;0;0;1;1;0;1;0;2.55
1;1;0;0;1;0;0;0;1;1;0;1;0;0;0;1;0;0;1;1;0;0;1;0;0;1;0;0;0;1;0;1;0;0;0;0;1;1;0;1;0;3.33
1;1;0;0;1;0;0;0;1;1;0;1;0;0;0;1;1;0;0;1;0;0;0;1;0;1;0;0;0;1;0;1;0;0;0;0;1;1;0;1;0;2.56
1;1;0;0;1;0;0;0;1;1;0;1;0;0;0;1;0;0;1;1;0;0;0;1;0;1;0;0;0;1;0;1;0;0;0;0;1;1;0;1;0;3.29
1;1;0;0;1;0;0;0;1;1;0;1;0;0;0;1;1;0;0;1;0;0;0;0;1;1;0;0;0;1;0;1;0;0;0;0;1;1;0;1;0;2.54
1;1;0;0;1;0;0;0;1;1;0;1;0;0;0;1;0;0;1;1;0;0;0;0;1;1;0;0;0;1;0;1;0;0;0;0;1;1;0;1;0;3.42
1;1;0;0;1;0;0;0;1;1;0;1;0;0;0;1;1;0;0;1;1;0;0;0;0;1;0;0;0;0;1;1;0;0;0;0;1;1;0;1;0;2.31
1;1;0;0;1;0;0;0;1;1;0;1;0;0;0;1;0;0;1;1;1;0;0;0;0;1;0;0;0;0;1;1;0;0;0;0;1;1;0;1;0;2.81
1;1;0;0;1;0;0;0;1;1;0;1;0;0;0;1;1;0;0;1;0;1;0;0;0;1;0;0;0;0;1;1;0;0;0;0;1;1;0;1;0;2.42
1;1;0;0;1;0;0;0;1;1;0;1;0;0;0;1;0;0;1;1;0;1;0;0;0;1;0;0;0;0;1;1;0;0;0;0;1;1;0;1;0;3.18
1;1;0;0;1;0;0;0;1;1;0;1;0;0;0;1;1;0;0;1;0;0;1;0;0;1;0;0;0;0;1;1;0;0;0;0;1;1;0;1;0;2.53
1;1;0;0;1;0;0;0;1;1;0;1;0;0;0;1;0;0;1;1;0;0;1;0;0;1;0;0;0;0;1;1;0;0;0;0;1;1;0;1;0;3.11
1;1;0;0;1;0;0;0;1;1;0;1;0;0;0;1;1;0;0;1;0;0;0;1;0;1;0;0;0;0;1;1;0;0;0;0;1;1;0;1;0;2.64
1;1;0;0;1;0;0;0;1;1;0;1;0;0;0;1;0;0;1;1;0;0;0;1;0;1;0;0;0;0;1;1;0;0;0;0;1;1;0;1;0;3.27
1;1;0;0;1;0;0;0;1;1;0;1;0;0;0;1;1;0;0;1;0;0;0;0;1;1;0;0;0;0;1;1;0;0;0;0;1;1;0;1;0;2.58
1;1;0;0;1;0;0;0;1;1;0;1;0;0;0;1;0;0;1;1;0;0;0;0;1;1;0;0;0;0;1;1;0;0;0;0;1;1;0;1;0;3.47
1;1;0;0;1;0;0;0;1;1;0;1;0;0;0;1;1;0;0;1;1;0;0;0;0;1;1;0;0;0;0;1;1;0;0;0;0;1;0;1;0;20.49
1;1;0;0;1;0;0;0;1;1;0;1;0;0;0;1;0;0;1;1;1;0;0;0;0;1;1;0;0;0;0;1;1;0;0;0;0;1;0;1;0;20.89
1;1;0;0;1;0;0;0;1;1;0;1;0;0;0;1;1;0;0;1;0;0;1;0;0;1;1;0;0;0;0;1;1;0;0;0;0;1;0;1;0;24.33
1;1;0;0;1;0;0;0;1;1;0;1;0;0;0;1;0;0;1;1;0;0;1;0;0;1;1;0;0;0;0;1;1;0;0;0;0;1;0;1;0;24.52
1;1;0;0;1;0;0;0;1;1;0;1;0;0;0;1;1;0;0;1;0;0;0;1;0;1;1;0;0;0;0;1;1;0;0;0;0;1;0;1;0;25.82
1;1;0;0;1;0;0;0;1;1;0;1;0;0;0;1;0;0;1;1;0;0;0;1;0;1;1;0;0;0;0;1;1;0;0;0;0;1;0;1;0;27.79
1;1;0;0;1;0;0;0;1;1;0;1;0;0;0;1;1;0;0;1;0;0;0;0;1;1;1;0;0;0;0;1;1;0;0;0;0;1;0;1;0;25.93
1;1;0;0;1;0;0;0;1;1;0;1;0;0;0;1;0;0;1;1;0;0;0;0;1;1;1;0;0;0;0;1;1;0;0;0;0;1;0;1;0;32.53
1;1;0;0;1;0;0;0;1;1;0;1;0;0;0;1;0;0;1;1;1;0;0;0;0;1;0;1;0;0;0;1;1;0;0;0;0;1;0;1;0;16.31
1;1;0;0;1;0;0;0;1;1;0;1;0;0;0;1;1;0;0;1;0;1;0;0;0;1;0;1;0;0;0;1;1;0;0;0;0;1;0;1;0;14.6
1;1;0;0;1;0;0;0;1;1;0;1;0;0;0;1;1;0;0;1;0;0;1;0;0;1;0;1;0;0;0;1;1;0;0;0;0;1;0;1;0;16.42
1;1;0;0;1;0;0;0;1;1;0;1;0;0;0;1;0;0;1;1;0;0;1;0;0;1;0;1;0;0;0;1;1;0;0;0;0;1;0;1;0;16.36
1;1;0;0;1;0;0;0;1;1;0;1;0;0;0;1;1;0;0;1;0;0;0;1;0;1;0;1;0;0;0;1;1;0;0;0;0;1;0;1;0;16.22
1;1;0;0;1;0;0;0;1;1;0;1;0;0;0;1;0;0;1;1;0;0;0;1;0;1;0;1;0;0;0;1;1;0;0;0;0;1;0;1;0;18.24
1;1;0;0;1;0;0;0;1;1;0;1;0;0;0;1;0;0;1;1;0;0;0;0;1;1;0;1;0;0;0;1;1;0;0;0;0;1;0;1;0;21.01
1;1;0;0;1;0;0;0;1;1;0;1;0;0;0;1;1;0;0;1;1;0;0;0;0;1;0;0;1;0;0;1;1;0;0;0;0;1;0;1;0;15.03
1;1;0;0;1;0;0;0;1;1;0;1;0;0;0;1;0;0;1;1;1;0;0;0;0;1;0;0;1;0;0;1;1;0;0;0;0;1;0;1;0;16.39
1;1;0;0;1;0;0;0;1;1;0;1;0;0;0;1;1;0;0;1;0;1;0;0;0;1;0;0;1;0;0;1;1;0;0;0;0;1;0;1;0;14.95
1;1;0;0;1;0;0;0;1;1;0;1;0;0;0;1;0;0;1;1;0;1;0;0;0;1;0;0;1;0;0;1;1;0;0;0;0;1;0;1;0;13.88
1;1;0;0;1;0;0;0;1;1;0;1;0;0;0;1;1;0;0;1;0;0;1;0;0;1;0;0;1;0;0;1;1;0;0;0;0;1;0;1;0;15.89
1;1;0;0;1;0;0;0;1;1;0;1;0;0;0;1;0;0;1;1;0;0;1;0;0;1;0;0;1;0;0;1;1;0;0;0;0;1;0;1;0;16.28
1;1;0;0;1;0;0;0;1;1;0;1;0;0;0;1;1;0;0;1;0;0;0;1;0;1;0;0;1;0;0;1;1;0;0;0;0;1;0;1;0;16.81
1;1;0;0;1;0;0;0;1;1;0;1;0;0;0;1;0;0;1;1;0;0;0;1;0;1;0;0;1;0;0;1;1;0;0;0;0;1;0;1;0;18.2
1;1;0;0;1;0;0;0;1;1;0;1;0;0;0;1;1;0;0;1;0;0;0;0;1;1;0;0;1;0;0;1;1;0;0;0;0;1;0;1;0;16.04
1;1;0;0;1;0;0;0;1;1;0;1;0;0;0;1;0;0;1;1;0;0;0;0;1;1;0;0;1;0;0;1;1;0;0;0;0;1;0;1;0;20.84
1;1;0;0;1;0;0;0;1;1;0;1;0;0;0;1;1;0;0;1;1;0;0;0;0;1;0;0;0;1;0;1;1;0;0;0;0;1;0;1;0;15.12
1;1;0;0;1;0;0;0;1;1;0;1;0;0;0;1;0;0;1;1;1;0;0;0;0;1;0;0;0;1;0;1;1;0;0;0;0;1;0;1;0;16.27
1;1;0;0;1;0;0;0;1;1;0;1;0;0;0;1;1;0;0;1;0;1;0;0;0;1;0;0;0;1;0;1;1;0;0;0;0;1;0;1;0;14.76
1;1;0;0;1;0;0;0;1;1;0;1;0;0;0;1;1;0;0;1;0;0;1;0;0;1;0;0;0;1;0;1;1;0;0;0;0;1;0;1;0;15.89
1;1;0;0;1;0;0;0;1;1;0;1;0;0;0;1;0;0;1;1;0;0;1;0;0;1;0;0;0;1;0;1;1;0;0;0;0;1;0;1;0;16.92
1;1;0;0;1;0;0;0;1;1;0;1;0;0;0;1;1;0;0;1;0;0;0;1;0;1;0;0;0;1;0;1;1;0;0;0;0;1;0;1;0;16.29
1;1;0;0;1;0;0;0;1;1;0;1;0;0;0;1;0;0;1;1;0;0;0;1;0;1;0;0;0;1;0;1;1;0;0;0;0;1;0;1;0;18.21
1;1;0;0;1;0;0;0;1;1;0;1;0;0;0;1;1;0;0;1;0;0;0;0;1;1;0;0;0;1;0;1;1;0;0;0;0;1;0;1;0;15.96
1;1;0;0;1;0;0;0;1;1;0;1;0;0;0;1;0;0;1;1;0;0;0;0;1;1;0;0;0;1;0;1;1;0;0;0;0;1;0;1;0;20.98
1;1;0;0;1;0;0;0;1;1;0;1;0;0;0;1;1;0;0;1;1;0;0;0;0;1;0;0;0;0;1;1;1;0;0;0;0;1;0;1;0;15.33
1;1;0;0;1;0;0;0;1;1;0;1;0;0;0;1;0;0;1;1;1;0;0;0;0;1;0;0;0;0;1;1;1;0;0;0;0;1;0;1;0;16.27
1;1;0;0;1;0;0;0;1;1;0;1;0;0;0;1;0;0;1;1;0;1;0;0;0;1;0;0;0;0;1;1;1;0;0;0;0;1;0;1;0;14.03
1;1;0;0;1;0;0;0;1;1;0;1;0;0;0;1;1;0;0;1;0;0;1;0;0;1;0;0;0;0;1;1;1;0;0;0;0;1;0;1;0;15.95
1;1;0;0;1;0;0;0;1;1;0;1;0;0;0;1;0;0;1;1;0;0;1;0;0;1;0;0;0;0;1;1;1;0;0;0;0;1;0;1;0;16.47
1;1;0;0;1;0;0;0;1;1;0;1;0;0;0;1;1;0;0;1;0;0;0;1;0;1;0;0;0;0;1;1;1;0;0;0;0;1;0;1;0;16.35
1;1;0;0;1;0;0;0;1;1;0;1;0;0;0;1;0;0;1;1;0;0;0;1;0;1;0;0;0;0;1;1;1;0;0;0;0;1;0;1;0;18.32
1;1;0;0;1;0;0;0;1;1;0;1;0;0;0;1;1;0;0;1;0;0;0;0;1;1;0;0;0;0;1;1;1;0;0;0;0;1;0;1;0;15.96
1;1;0;0;1;0;0;0;1;1;0;1;0;0;0;1;0;0;1;1;0;0;0;0;1;1;0;0;0;0;1;1;1;0;0;0;0;1;0;1;0;20.87
1;1;0;0;1;0;0;0;1;1;0;1;0;0;0;1;1;0;0;1;1;0;0;0;0;1;1;0;0;0;0;1;0;1;0;0;0;1;0;1;0;4.75
1;1;0;0;1;0;0;0;1;1;0;1;0;0;0;1;0;0;1;1;1;0;0;0;0;1;1;0;0;0;0;1;0;1;0;0;0;1;0;1;0;5.5
1;1;0;0;1;0;0;0;1;1;0;1;0;0;0;1;1;0;0;1;0;1;0;0;0;1;1;0;0;0;0;1;0;1;0;0;0;1;0;1;0;5.31
1;1;0;0;1;0;0;0;1;1;0;1;0;0;0;1;1;0;0;1;0;0;1;0;0;1;1;0;0;0;0;1;0;1;0;0;0;1;0;1;0;6.05
1;1;0;0;1;0;0;0;1;1;0;1;0;0;0;1;0;0;1;1;0;0;1;0;0;1;1;0;0;0;0;1;0;1;0;0;0;1;0;1;0;7.32
1;1;0;0;1;0;0;0;1;1;0;1;0;0;0;1;1;0;0;1;0;0;0;1;0;1;1;0;0;0;0;1;0;1;0;0;0;1;0;1;0;6.85
1;1;0;0;1;0;0;0;1;1;0;1;0;0;0;1;0;0;1;1;0;0;0;1;0;1;1;0;0;0;0;1;0;1;0;0;0;1;0;1;0;8.12
1;1;0;0;1;0;0;0;1;1;0;1;0;0;0;1;1;0;0;1;0;0;0;0;1;1;1;0;0;0;0;1;0;1;0;0;0;1;0;1;0;7.27
1;1;0;0;1;0;0;0;1;1;0;1;0;0;0;1;0;0;1;1;0;0;0;0;1;1;1;0;0;0;0;1;0;1;0;0;0;1;0;1;0;8.25
1;1;0;0;1;0;0;0;1;1;0;1;0;0;0;1;0;0;1;1;1;0;0;0;0;1;0;1;0;0;0;1;0;1;0;0;0;1;0;1;0;4.43
1;1;0;0;1;0;0;0;1;1;0;1;0;0;0;1;1;0;0;1;0;1;0;0;0;1;0;1;0;0;0;1;0;1;0;0;0;1;0;1;0;4.4
1;1;0;0;1;0;0;0;1;1;0;1;0;0;0;1;0;0;1;1;0;0;1;0;0;1;0;1;0;0;0;1;0;1;0;0;0;1;0;1;0;5.79
1;1;0;0;1;0;0;0;1;1;0;1;0;0;0;1;0;0;1;1;0;0;0;1;0;1;0;1;0;0;0;1;0;1;0;0;0;1;0;1;0;6.03
1;1;0;0;1;0;0;0;1;1;0;1;0;0;0;1;0;0;1;1;0;0;0;0;1;1;0;1;0;0;0;1;0;1;0;0;0;1;0;1;0;6.35
1;1;0;0;1;0;0;0;1;1;0;1;0;0;0;1;1;0;0;1;1;0;0;0;0;1;0;0;1;0;0;1;0;1;0;0;0;1;0;1;0;4.26
1;1;0;0;1;0;0;0;1;1;0;1;0;0;0;1;0;0;1;1;1;0;0;0;0;1;0;0;1;0;0;1;0;1;0;0;0;1;0;1;0;4.35
1;1;0;0;1;0;0;0;1;1;0;1;0;0;0;1;1;0;0;1;0;1;0;0;0;1;0;0;1;0;0;1;0;1;0;0;0;1;0;1;0;4.37
1;1;0;0;1;0;0;0;1;1;0;1;0;0;0;1;0;0;1;1;0;1;0;0;0;1;0;0;1;0;0;1;0;1;0;0;0;1;0;1;0;5.08
1;1;0;0;1;0;0;0;1;1;0;1;0;0;0;1;1;0;0;1;0;0;1;0;0;1;0;0;1;0;0;1;0;1;0;0;0;1;0;1;0;4.87
1;1;0;0;1;0;0;0;1;1;0;1;0;0;0;1;0;0;1;1;0;0;1;0;0;1;0;0;1;0;0;1;0;1;0;0;0;1;0;1;0;5.88
1;1;0;0;1;0;0;0;1;1;0;1;0;0;0;1;1;0;0;1;0;0;0;1;0;1;0;0;1;0;0;1;0;1;0;0;0;1;0;1;0;5.16
1;1;0;0;1;0;0;0;1;1;0;1;0;0;0;1;0;0;1;1;0;0;0;1;0;1;0;0;1;0;0;1;0;1;0;0;0;1;0;1;0;6.01
1;1;0;0;1;0;0;0;1;1;0;1;0;0;0;1;1;0;0;1;0;0;0;0;1;1;0;0;1;0;0;1;0;1;0;0;0;1;0;1;0;5.55
1;1;0;0;1;0;0;0;1;1;0;1;0;0;0;1;0;0;1;1;0;0;0;0;1;1;0;0;1;0;0;1;0;1;0;0;0;1;0;1;0;6.38
1;1;0;0;1;0;0;0;1;1;0;1;0;0;0;1;1;0;0;1;1;0;0;0;0;1;0;0;0;1;0;1;0;1;0;0;0;1;0;1;0;4.01
1;1;0;0;1;0;0;0;1;1;0;1;0;0;0;1;0;0;1;1;1;0;0;0;0;1;0;0;0;1;0;1;0;1;0;0;0;1;0;1;0;4.48
1;1;0;0;1;0;0;0;1;1;0;1;0;0;0;1;1;0;0;1;0;1;0;0;0;1;0;0;0;1;0;1;0;1;0;0;0;1;0;1;0;4.4
1;1;0;0;1;0;0;1;0;1;0;1;0;1;1;1;0;1;0;1;0;0;0;1;0;1;0;0;0;1;0;1;0;1;0;0;0;1;0;0;1;11.58
1;1;0;0;1;0;0;1;0;1;0;1;0;1;1;1;0;1;0;1;0;0;0;0;1;1;0;0;0;1;0;1;0;1;0;0;0;1;0;0;1;11.1
1;1;0;0;1;0;0;1;0;1;0;1;0;1;1;1;0;1;0;1;0;1;0;0;0;1;0;0;0;0;1;1;0;1;0;0;0;1;0;0;1;11.79
1;1;0;0;1;0;0;1;0;1;0;1;0;1;1;1;0;1;0;1;0;0;1;0;0;1;0;0;0;0;1;1;0;1;0;0;0;1;0;0;1;11
1;1;0;0;1;0;0;1;0;1;0;1;0;1;1;1;0;1;0;1;0;0;0;1;0;1;0;0;0;0;1;1;0;1;0;0;0;1;0;0;1;11.21
1;1;0;0;1;0;0;1;0;1;0;1;0;1;1;1;0;1;0;1;1;0;0;0;0;1;1;0;0;0;0;1;0;0;1;0;0;1;0;0;1;10.16
1;1;0;0;1;0;0;1;0;1;0;1;0;1;1;1;0;1;0;1;0;1;0;0;0;1;1;0;0;0;0;1;0;0;1;0;0;1;0;0;1;11.81
1;1;0;0;1;0;0;1;0;1;0;1;0;1;1;1;0;1;0;1;0;0;1;0;0;1;1;0;0;0;0;1;0;0;1;0;0;1;0;0;1;10.34
1;1;0;0;1;0;0;1;0;1;0;1;0;1;1;1;0;1;0;1;0;0;0;1;0;1;1;0;0;0;0;1;0;0;1;0;0;1;0;0;1;11.13
1;1;0;0;1;0;0;1;0;1;0;1;0;1;1;1;0;1;0;1;0;0;0;0;1;1;1;0;0;0;0;1;0;0;1;0;0;1;0;0;1;10.28
1;1;0;0;1;0;0;1;0;1;0;1;0;1;1;1;0;1;0;1;1;0;0;0;0;1;0;1;0;0;0;1;0;0;1;0;0;1;0;0;1;7.38
1;1;0;0;1;0;0;1;0;1;0;1;0;1;1;1;0;1;0;1;0;1;0;0;0;1;0;1;0;0;0;1;0;0;1;0;0;1;0;0;1;7.5
1;1;0;0;1;0;0;1;0;1;0;1;0;1;1;1;0;1;0;1;0;0;1;0;0;1;0;1;0;0;0;1;0;0;1;0;0;1;0;0;1;7.44
1;1;0;0;1;0;0;1;0;1;0;1;0;1;1;1;0;1;0;1;0;0;0;1;0;1;0;1;0;0;0;1;0;0;1;0;0;1;0;0;1;7.45
1;1;0;0;1;0;0;1;0;1;0;1;0;1;1;1;0;1;0;1;1;0;0;0;0;1;0;0;1;0;0;1;0;0;1;0;0;1;0;0;1;7.48
1;1;0;0;1;0;0;1;0;1;0;1;0;1;1;1;0;1;0;1;0;1;0;0;0;1;0;0;1;0;0;1;0;0;1;0;0;1;0;0;1;7.57
1;1;0;0;1;0;0;1;0;1;0;1;0;1;1;1;0;1;0;1;0;0;1;0;0;1;0;0;1;0;0;1;0;0;1;0;0;1;0;0;1;7.31
1;1;0;0;1;0;0;1;0;1;0;1;0;1;1;1;0;1;0;1;0;0;0;1;0;1;0;0;1;0;0;1;0;0;1;0;0;1;0;0;1;7.64
1;1;0;0;1;0;0;1;0;1;0;1;0;1;1;1;0;1;0;1;0;0;0;0;1;1;0;0;1;0;0;1;0;0;1;0;0;1;0;0;1;7.25
1;1;0;0;1;0;0;1;0;1;0;1;0;1;1;1;0;1;0;1;1;0;0;0;0;1;0;0;0;1;0;1;0;0;1;0;0;1;0;0;1;7.47
1;1;0;0;1;0;0;1;0;1;0;1;0;1;1;1;0;1;0;1;0;1;0;0;0;1;0;0;0;1;0;1;0;0;1;0;0;1;0;0;1;7.51
1;1;0;0;1;0;0;1;0;1;0;1;0;1;1;1;0;1;0;1;0;0;1;0;0;1;0;0;0;1;0;1;0;0;1;0;0;1;0;0;1;7.49
1;1;0;0;1;0;0;1;0;1;0;1;0;1;1;1;0;1;0;1;0;0;0;1;0;1;0;0;0;1;0;1;0;0;1;0;0;1;0;0;1;7.65
1;1;0;0;1;0;0;1;0;1;0;1;0;1;1;1;0;1;0;1;0;0;0;0;1;1;0;0;0;1;0;1;0;0;1;0;0;1;0;0;1;8.15
1;1;0;0;1;0;0;1;0;1;0;1;0;1;1;1;0;1;0;1;1;0;0;0;0;1;0;0;0;0;1;1;0;0;1;0;0;1;0;0;1;7.79
1;1;0;0;1;0;0;1;0;1;0;1;0;1;1;1;0;1;0;1;0;1;0;0;0;1;0;0;0;0;1;1;0;0;1;0;0;1;0;0;1;7.41
1;1;0;0;1;0;0;1;0;1;0;1;0;1;1;1;0;1;0;1;0;0;1;0;0;1;0;0;0;0;1;1;0;0;1;0;0;1;0;0;1;7.66
1;1;0;0;1;0;0;1;0;1;0;1;0;1;1;1;0;1;0;1;0;0;0;1;0;1;0;0;0;0;1;1;0;0;1;0;0;1;0;0;1;7.46
1;1;0;0;1;0;0;1;0;1;0;1;0;1;1;1;0;1;0;1;0;0;0;0;1;1;0;0;0;0;1;1;0;0;1;0;0;1;0;0;1;7.5
1;1;0;0;1;0;0;1;0;1;0;1;0;1;1;1;0;1;0;1;0;1;0;0;0;1;1;0;0;0;0;1;0;0;0;1;0;1;0;0;1;10.1
1;1;0;0;1;0;0;1;0;1;0;1;0;1;1;1;0;1;0;1;0;0;1;0;0;1;1;0;0;0;0;1;0;0;0;1;0;1;0;0;1;10.19
1;1;0;0;1;0;0;1;0;1;0;1;0;1;1;1;0;1;0;1;0;0;0;1;0;1;1;0;0;0;0;1;0;0;0;1;0;1;0;0;1;10.21
1;1;0;0;1;0;0;1;0;1;0;1;0;1;1;1;0;1;0;1;0;0;0;0;1;1;1;0;0;0;0;1;0;0;0;1;0;1;0;0;1;10.09
1;1;0;0;1;0;0;1;0;1;0;1;0;1;1;1;1;0;0;1;0;1;0;0;0;1;0;1;0;0;0;1;0;0;0;1;0;1;0;0;1;5.07
1;1;0;0;1;0;0;1;0;1;0;1;0;1;1;1;0;1;0;1;0;1;0;0;0;1;0;1;0;0;0;1;0;0;0;1;0;1;0;0;1;6.6
1;1;0;0;1;0;0;1;0;1;0;1;0;1;1;1;0;1;0;1;0;0;1;0;0;1;0;1;0;0;0;1;0;0;0;1;0;1;0;0;1;6.62
1;1;0;0;1;0;0;1;0;1;0;1;0;1;1;1;0;1;0;1;0;0;0;1;0;1;0;1;0;0;0;1;0;0;0;1;0;1;0;0;1;6.69
1;1;0;0;1;0;0;1;0;1;0;1;0;1;1;1;0;1;0;1;0;0;0;0;1;1;0;1;0;0;0;1;0;0;0;1;0;1;0;0;1;6.61
1;1;0;0;1;0;0;1;0;1;0;1;0;1;1;1;0;1;0;1;1;0;0;0;0;1;0;0;1;0;0;1;0;0;0;1;0;1;0;0;1;6.55
1;1;0;0;1;0;0;1;0;1;0;1;0;1;1;1;0;1;0;1;0;1;0;0;0;1;0;0;1;0;0;1;0;0;0;1;0;1;0;0;1;6.59
1;1;0;0;1;0;0;1;0;1;0;1;0;1;1;1;0;1;0;1;0;0;1;0;0;1;0;0;1;0;0;1;0;0;0;1;0;1;0;0;1;6.59
1;1;0;0;1;0;0;1;0;1;0;1;0;1;1;1;0;1;0;1;0;0;0;1;0;1;0;0;1;0;0;1;0;0;0;1;0;1;0;0;1;6.64
1;1;0;0;1;0;0;1;0;1;0;1;0;1;1;1;0;1;0;1;0;0;0;0;1;1;0;0;1;0;0;1;0;0;0;1;0;1;0;0;1;6.57
1;1;0;0;1;0;0;1;0;1;0;1;0;1;1;1;0;1;0;1;1;0;0;0;0;1;0;0;0;1;0;1;0;0;0;1;0;1;0;0;1;6.56
1;1;0;0;1;0;0;1;0;1;0;1;0;1;1;1;0;1;0;1;0;1;0;0;0;1;0;0;0;1;0;1;0;0;0;1;0;1;0;0;1;6.6
1;1;0;0;1;0;0;1;0;1;0;1;0;1;1;1;0;1;0;1;0;0;1;0;0;1;0;0;0;1;0;1;0;0;0;1;0;1;0;0;1;6.75
1;1;0;0;1;0;0;1;0;1;0;1;0;1;1;1;0;1;0;1;0;0;0;1;0;1;0;0;0;1;0;1;0;0;0;1;0;1;0;0;1;6.88
1;1;0;0;1;0;0;1;0;1;0;1;0;1;1;1;0;1;0;1;0;0;0;0;1;1;0;0;0;1;0;1;0;0;0;1;0;1;0;0;1;6.63
1;1;0;0;1;0;0;1;0;1;0;1;0;1;1;1;0;1;0;1;1;0;0;0;0;1;0;0;0;0;1;1;0;0;0;1;0;1;0;0;1;6.83
1;1;0;0;1;0;0;1;0;1;0;1;0;1;1;1;0;1;0;1;0;1;0;0;0;1;0;0;0;0;1;1;0;0;0;1;0;1;0;0;1;6.7
1;1;0;0;1;0;0;1;0;1;0;1;0;1;1;1;0;1;0;1;0;0;0;1;0;1;0;0;0;0;1;1;0;0;0;1;0;1;0;0;1;6.66
1;1;0;0;1;0;0;1;0;1;0;1;0;1;1;1;0;1;0;1;0;0;0;0;1;1;0;0;0;0;1;1;0;0;0;1;0;1;0;0;1;6.61
1;1;0;0;1;0;0;1;0;1;0;1;0;1;1;1;0;1;0;1;1;0;0;0;0;1;1;0;0;0;0;1;0;0;0;0;1;1;0;0;1;10.06
1;1;0;0;1;0;0;1;0;1;0;1;0;1;1;1;0;1;0;1;0;1;0;0;0;1;1;0;0;0;0;1;0;0;0;0;1;1;0;0;1;10.19
1;1;0;0;1;0;0;1;0;1;0;1;0;1;1;1;0;1;0;1;0;0;1;0;0;1;1;0;0;0;0;1;0;0;0;0;1;1;0;0;1;10.21
1;1;0;0;1;0;0;1;0;1;0;1;0;1;1;1;0;1;0;1;0;0;0;1;0;1;1;0;0;0;0;1;0;0;0;0;1;1;0;0;1;10.14
1;1;0;0;1;0;0;1;0;1;0;1;0;1;1;1;0;1;0;1;0;0;0;0;1;1;1;0;0;0;0;1;0;0;0;0;1;1;0;0;1;10.18
1;1;0;0;1;0;0;1;0;1;0;1;0;1;1;1;0;1;0;1;0;1;0;0;0;1;0;1;0;0;0;1;0;0;0;0;1;1;0;0;1;6.62
1;1;0;0;1;0;0;1;0;1;0;1;0;1;1;1;0;1;0;1;0;0;1;0;0;1;0;1;0;0;0;1;0;0;0;0;1;1;0;0;1;6.77
1;1;0;0;1;0;0;1;0;1;0;1;0;1;1;1;0;1;0;1;0;0;0;1;0;1;0;1;0;0;0;1;0;0;0;0;1;1;0;0;1;6.87
1;1;0;0;1;0;0;1;0;1;0;1;0;1;1;1;0;1;0;1;1;0;0;0;0;1;0;0;1;0;0;1;0;0;0;0;1;1;0;0;1;6.67
1;1;0;0;1;0;0;1;0;1;0;1;0;1;1;1;0;1;0;1;0;1;0;0;0;1;0;0;1;0;0;1;0;0;0;0;1;1;0;0;1;6.68
1;1;0;0;1;0;0;1;0;1;0;1;0;1;1;1;0;1;0;1;0;0;1;0;0;1;0;0;1;0;0;1;0;0;0;0;1;1;0;0;1;6.59
1;1;0;0;1;0;0;1;0;1;0;1;0;1;1;1;0;1;0;1;0;0;0;1;0;1;0;0;1;0;0;1;0;0;0;0;1;1;0;0;1;6.64
1;1;0;0;1;0;0;1;0;1;0;1;0;1;1;1;0;1;0;1;0;0;0;0;1;1;0;0;1;0;0;1;0;0;0;0;1;1;0;0;1;6.62
1;1;0;0;1;0;0;1;0;1;0;1;0;1;1;1;0;1;0;1;1;0;0;0;0;1;0;0;0;1;0;1;0;0;0;0;1;1;0;0;1;6.62
1;1;0;0;1;0;0;1;0;1;0;1;0;1;1;1;0;1;0;1;0;1;0;0;0;1;0;0;0;1;0;1;0;0;0;0;1;1;0;0;1;6.66
1;1;0;0;1;0;0;1;0;1;0;1;0;1;1;1;0;1;0;1;0;0;1;0;0;1;0;0;0;1;0;1;0;0;0;0;1;1;0;0;1;7.15
1;1;0;0;1;0;0;1;0;1;0;1;0;1;1;1;0;1;0;1;0;0;0;1;0;1;0;0;0;1;0;1;0;0;0;0;1;1;0;0;1;6.56
1;1;0;0;1;0;0;1;0;1;0;1;0;1;1;1;0;1;0;1;0;0;0;0;1;1;0;0;0;1;0;1;0;0;0;0;1;1;0;0;1;6.75
1;1;0;0;1;0;0;1;0;1;0;1;0;1;1;1;0;1;0;1;1;0;0;0;0;1;0;0;0;0;1;1;0;0;0;0;1;1;0;0;1;6.83
1;1;0;0;1;0;0;1;0;1;0;1;0;1;1;1;0;1;0;1;0;1;0;0;0;1;0;0;0;0;1;1;0;0;0;0;1;1;0;0;1;6.74
1;1;0;0;1;0;0;1;0;1;0;1;0;1;1;1;0;1;0;1;0;0;1;0;0;1;0;0;0;0;1;1;0;0;0;0;1;1;0;0;1;6.63
1;1;0;0;1;0;0;1;0;1;0;1;0;1;1;1;0;1;0;1;0;0;0;1;0;1;0;0;0;0;1;1;0;0;0;0;1;1;0;0;1;6.67
1;1;0;0;1;0;0;1;0;1;0;1;0;1;1;1;0;1;0;1;0;0;0;0;1;1;0;0;0;0;1;1;0;0;0;0;1;1;0;0;1;6.62
1;1;0;0;1;0;0;1;0;1;0;1;0;1;1;1;0;1;0;1;1;0;0;0;0;1;1;0;0;0;0;1;1;0;0;0;0;1;0;0;1;41.93
1;1;0;0;1;0;0;1;0;1;0;1;0;1;1;1;0;1;0;1;0;1;0;0;0;1;1;0;0;0;0;1;1;0;0;0;0;1;0;0;1;42.07
1;1;0;0;1;0;0;1;0;1;0;1;0;1;1;1;0;1;0;1;0;0;1;0;0;1;1;0;0;0;0;1;1;0;0;0;0;1;0;0;1;41.84
1;1;0;0;1;0;0;1;0;1;0;1;0;1;1;1;0;1;0;1;0;0;0;1;0;1;1;0;0;0;0;1;1;0;0;0;0;1;0;0;1;41.64
1;1;0;0;1;0;0;1;0;1;0;1;0;1;1;1;0;1;0;1;0;0;0;0;1;1;1;0;0;0;0;1;1;0;0;0;0;1;0;0;1;41.68
1;1;0;0;1;0;0;1;0;1;0;1;0;1;1;1;0;1;0;1;0;1;0;0;0;1;0;1;0;0;0;1;1;0;0;0;0;1;0;0;1;26.53
1;1;0;0;1;0;0;1;0;1;0;1;0;1;1;1;0;1;0;1;0;0;1;0;0;1;0;1;0;0;0;1;1;0;0;0;0;1;0;0;1;25.8
1;1;0;0;1;0;0;1;0;1;0;1;0;1;1;1;0;1;0;1;0;0;0;1;0;1;0;1;0;0;0;1;1;0;0;0;0;1;0;0;1;25.25
1;1;0;0;1;0;0;1;0;1;0;1;0;1;1;1;0;1;0;1;1;0;0;0;0;1;0;0;1;0;0;1;1;0;0;0;0;1;0;0;1;25.2
1;1;0;0;1;0;0;1;0;1;0;1;0;1;1;1;0;1;0;1;0;1;0;0;0;1;0;0;1;0;0;1;1;0;0;0;0;1;0;0;1;25.18
1;1;0;0;1;0;0;1;0;1;0;1;0;1;1;1;0;1;0;1;0;0;1;0;0;1;0;0;1;0;0;1;1;0;0;0;0;1;0;0;1;25.16
1;1;0;0;1;0;0;1;0;1;0;1;0;1;1;1;0;1;0;1;0;0;0;1;0;1;0;0;1;0;0;1;1;0;0;0;0;1;0;0;1;25.23
1;1;0;0;1;0;0;1;0;1;0;1;0;1;1;1;0;1;0;1;0;0;0;0;1;1;0;0;1;0;0;1;1;0;0;0;0;1;0;0;1;25.35
1;1;0;0;1;0;0;1;0;1;0;1;0;1;1;1;0;1;0;1;1;0;0;0;0;1;0;0;0;1;0;1;1;0;0;0;0;1;0;0;1;25.21
1;1;0;0;1;0;0;1;0;1;0;1;0;1;1;1;0;1;0;1;0;1;0;0;0;1;0;0;0;1;0;1;1;0;0;0;0;1;0;0;1;25.28
1;1;0;0;1;0;0;1;0;1;0;1;0;1;1;1;0;1;0;1;0;0;1;0;0;1;0;0;0;1;0;1;1;0;0;0;0;1;0;0;1;25.13
1;1;0;0;1;0;0;1;0;1;0;1;0;1;1;1;0;1;0;1;0;0;0;1;0;1;0;0;0;1;0;1;1;0;0;0;0;1;0;0;1;25.05
1;1;0;0;1;0;0;1;0;1;0;1;0;1;1;1;0;1;0;1;0;0;0;0;1;1;0;0;0;1;0;1;1;0;0;0;0;1;0;0;1;25.17
1;1;0;0;1;0;0;1;0;1;0;1;0;1;1;1;0;1;0;1;0;1;0;0;0;1;0;0;0;0;1;1;1;0;0;0;0;1;0;0;1;25.13
1;1;0;0;1;0;0;1;0;1;0;1;0;1;1;1;0;1;0;1;0;0;0;1;0;1;0;0;0;0;1;1;1;0;0;0;0;1;0;0;1;25.19
1;1;0;0;1;0;0;1;0;1;0;1;0;1;1;1;0;1;0;1;0;0;0;0;1;1;0;0;0;0;1;1;1;0;0;0;0;1;0;0;1;25.37
1;1;0;0;1;0;0;1;0;1;0;1;0;1;1;1;0;1;0;1;0;0;0;1;0;1;1;0;0;0;0;1;0;1;0;0;0;1;0;0;1;17.36
1;1;0;0;1;0;0;1;0;1;0;1;0;1;1;1;0;1;0;1;0;1;0;0;0;1;0;1;0;0;0;1;0;1;0;0;0;1;0;0;1;11.33
1;1;0;0;1;0;0;1;0;1;0;1;0;1;1;1;0;1;0;1;0;1;0;0;0;1;0;0;1;0;0;1;0;1;0;0;0;1;0;0;1;11.03
1;1;0;0;1;0;0;1;0;1;0;1;0;1;1;1;0;1;0;1;0;0;1;0;0;1;0;0;1;0;0;1;0;1;0;0;0;1;0;0;1;10.99
1;1;0;0;1;0;0;1;0;1;0;1;0;1;1;1;0;1;0;1;0;0;0;1;0;1;0;0;1;0;0;1;0;1;0;0;0;1;0;0;1;11.06
1;1;0;0;1;0;0;1;0;1;0;1;0;1;1;1;0;1;0;1;0;1;0;0;0;1;0;0;0;1;0;1;0;1;0;0;0;1;0;0;1;11.11
1;1;0;0;1;0;0;1;0;1;0;1;0;1;1;1;0;1;0;1;1;0;0;0;0;1;1;0;0;0;0;1;1;0;0;0;0;1;1;0;0;77.64
1;1;0;0;1;0;0;1;0;1;0;1;0;1;1;1;0;1;0;1;0;1;0;0;0;1;1;0;0;0;0;1;1;0;0;0;0;1;1;0;0;76.82
1;1;0;0;1;0;0;1;0;1;0;1;0;1;1;1;0;1;0;1;0;0;1;0;0;1;1;0;0;0;0;1;1;0;0;0;0;1;1;0;0;77.5
1;1;0;0;1;0;0;1;0;1;0;1;0;1;1;1;0;1;0;1;0;0;0;1;0;1;1;0;0;0;0;1;1;0;0;0;0;1;1;0;0;77.15
1;1;0;0;1;0;0;1;0;1;0;1;0;1;1;1;0;1;0;1;0;0;0;0;1;1;1;0;0;0;0;1;1;0;0;0;0;1;1;0;0;77.67
1;1;0;0;1;0;0;1;0;1;0;1;0;1;1;1;0;1;0;1;1;0;0;0;0;1;0;1;0;0;0;1;1;0;0;0;0;1;1;0;0;77.49
1;1;0;0;1;0;0;1;0;1;0;1;0;1;1;1;0;1;0;1;0;1;0;0;0;1;0;1;0;0;0;1;1;0;0;0;0;1;1;0;0;77.8
1;1;0;0;1;0;0;1;0;1;0;1;0;1;1;1;0;1;0;1;0;0;1;0;0;1;0;1;0;0;0;1;1;0;0;0;0;1;1;0;0;76.63
1;1;0;0;1;0;0;1;0;1;0;1;0;1;1;1;0;1;0;1;0;0;0;1;0;1;0;1;0;0;0;1;1;0;0;0;0;1;1;0;0;77.34
1;1;0;0;1;0;0;1;0;1;0;1;0;1;1;1;0;1;0;1;0;0;0;0;1;1;0;1;0;0;0;1;1;0;0;0;0;1;1;0;0;78
1;1;0;0;1;0;0;1;0;1;0;1;0;1;1;1;0;1;0;1;1;0;0;0;0;1;0;0;1;0;0;1;1;0;0;0;0;1;1;0;0;77.41
1;1;0;0;1;0;0;1;0;1;0;1;0;1;1;1;0;1;0;1;0;1;0;0;0;1;0;0;1;0;0;1;1;0;0;0;0;1;1;0;0;77.25
1;1;0;0;1;0;0;1;0;1;0;1;0;1;1;1;0;1;0;1;0;0;1;0;0;1;0;0;1;0;0;1;1;0;0;0;0;1;1;0;0;78.57
1;1;0;0;1;0;0;1;0;1;0;1;0;1;1;1;0;1;0;1;1;0;0;0;0;1;0;0;0;1;0;1;1;0;0;0;0;1;1;0;0;77.43
1;1;0;0;1;0;0;1;0;1;0;1;0;1;1;1;0;1;0;1;0;1;0;0;0;1;0;0;0;1;0;1;1;0;0;0;0;1;1;0;0;76.8
1;1;0;0;1;0;0;1;0;1;0;1;0;1;1;1;0;1;0;1;0;0;1;0;0;1;0;0;0;1;0;1;1;0;0;0;0;1;1;0;0;76.79
1;1;0;0;1;0;0;1;0;1;0;1;0;1;1;1;0;1;0;1;0;0;0;1;0;1;0;0;0;1;0;1;1;0;0;0;0;1;1;0;0;78.01
1;1;0;0;1;0;0;1;0;1;0;1;0;1;1;1;0;1;0;1;0;0;0;0;1;1;0;0;0;1;0;1;1;0;0;0;0;1;1;0;0;77.94
1;1;0;0;1;0;0;1;0;1;0;1;0;1;1;1;0;1;0;1;1;0;0;0;0;1;0;0;0;0;1;1;1;0;0;0;0;1;1;0;0;76.71
1;1;0;0;1;0;0;1;0;1;0;1;0;1;1;1;0;1;0;1;0;1;0;0;0;1;0;0;0;0;1;1;1;0;0;0;0;1;1;0;0;78
1;1;0;0;1;0;0;1;0;1;0;1;0;1;1;1;0;1;0;1;0;0;1;0;0;1;0;0;0;0;1;1;1;0;0;0;0;1;1;0;0;76.57
1;1;0;0;1;0;0;1;0;1;0;1;0;1;1;1;0;1;0;1;0;0;0;1;0;1;0;0;0;0;1;1;1;0;0;0;0;1;1;0;0;78.64
1;1;0;0;1;0;0;1;0;1;0;1;0;1;1;1;0;1;0;1;0;0;0;0;1;1;0;0;0;0;1;1;1;0;0;0;0;1;1;0;0;76.85
1;1;0;0;1;0;0;1;0;1;0;1;0;1;1;1;0;1;0;1;1;0;0;0;0;1;1;0;0;0;0;1;0;1;0;0;0;1;1;0;0;29.79
1;1;0;0;1;0;0;1;0;1;0;1;0;1;1;1;0;1;0;1;0;1;0;0;0;1;1;0;0;0;0;1;0;1;0;0;0;1;1;0;0;29.67
1;1;0;0;1;0;0;1;0;1;0;1;0;1;1;1;0;1;0;1;0;0;1;0;0;1;1;0;0;0;0;1;0;1;0;0;0;1;1;0;0;29.57
1;1;0;0;1;0;0;1;0;1;0;1;0;1;1;1;0;1;0;1;0;0;0;1;0;1;1;0;0;0;0;1;0;1;0;0;0;1;1;0;0;29.94
1;1;0;0;1;0;0;1;0;1;0;1;0;1;1;1;0;1;0;1;1;0;0;0;0;1;0;1;0;0;0;1;0;1;0;0;0;1;1;0;0;29.58
1;1;0;0;1;0;0;1;0;1;0;1;0;1;1;1;0;1;0;1;0;1;0;0;0;1;0;1;0;0;0;1;0;1;0;0;0;1;1;0;0;29.54
1;1;0;0;1;0;0;1;0;1;0;1;0;1;1;1;0;1;0;1;0;0;1;0;0;1;0;1;0;0;0;1;0;1;0;0;0;1;1;0;0;29.74
1;1;0;0;1;0;0;1;0;1;0;1;0;1;1;1;0;1;0;1;0;0;0;1;0;1;0;1;0;0;0;1;0;1;0;0;0;1;1;0;0;29.85
1;1;0;0;1;0;0;1;0;1;0;1;0;1;1;1;0;1;0;1;0;0;0;0;1;1;0;1;0;0;0;1;0;1;0;0;0;1;1;0;0;29.75
1;1;0;0;1;0;0;1;0;1;0;1;0;1;1;1;0;1;0;1;1;0;0;0;0;1;0;0;1;0;0;1;0;1;0;0;0;1;1;0;0;30.07
1;1;0;0;1;0;0;1;0;1;0;1;0;1;1;1;0;1;0;1;0;1;0;0;0;1;0;0;1;0;0;1;0;1;0;0;0;1;1;0;0;30.03
1;1;0;0;1;0;0;1;0;1;0;1;0;1;1;1;0;1;0;1;0;0;1;0;0;1;0;0;1;0;0;1;0;1;0;0;0;1;1;0;0;29.69
1;1;0;0;1;0;0;1;0;1;0;1;0;1;1;1;0;1;0;1;0;0;0;1;0;1;0;0;1;0;0;1;0;1;0;0;0;1;1;0;0;30.07
1;1;0;0;1;0;0;1;0;1;0;1;0;1;1;1;0;1;0;1;0;0;0;0;1;1;0;0;1;0;0;1;0;1;0;0;0;1;1;0;0;29.68
1;1;0;0;1;0;0;1;0;1;0;1;0;1;1;1;0;1;0;1;1;0;0;0;0;1;0;0;0;1;0;1;0;1;0;0;0;1;1;0;0;29.54
1;1;0;0;1;0;0;1;0;1;0;1;0;1;1;1;0;1;0;1;0;1;0;0;0;1;0;0;0;1;0;1;0;1;0;0;0;1;1;0;0;29.59
1;1;0;0;1;0;0;1;0;1;0;1;0;1;1;1;0;1;0;1;0;0;1;0;0;1;0;0;0;1;0;1;0;1;0;0;0;1;1;0;0;29.59
1;1;0;0;1;0;0;1;0;1;0;1;0;1;1;1;0;1;0;1;0;0;0;1;0;1;0;0;0;1;0;1;0;1;0;0;0;1;1;0;0;29.74
1;1;0;0;1;0;0;1;0;1;0;1;0;1;1;1;0;1;0;1;0;0;0;0;1;1;0;0;0;1;0;1;0;1;0;0;0;1;1;0;0;29.76
1;1;0;0;1;0;0;1;0;1;0;1;0;1;1;1;0;1;0;1;1;0;0;0;0;1;0;0;0;0;1;1;0;1;0;0;0;1;1;0;0;29.64
1;1;0;0;1;0;0;1;0;1;0;1;0;1;1;1;0;1;0;1;0;1;0;0;0;1;0;0;0;0;1;1;0;1;0;0;0;1;1;0;0;29.54
1;1;0;0;1;0;0;1;0;1;0;1;0;1;1;1;0;1;0;1;0;0;1;0;0;1;0;0;0;0;1;1;0;1;0;0;0;1;1;0;0;29.52
1;1;0;0;1;0;0;1;0;1;0;1;0;1;1;1;0;1;0;1;0;0;0;1;0;1;0;0;0;0;1;1;0;1;0;0;0;1;1;0;0;29.85
1;1;0;0;1;0;0;1;0;1;0;1;0;1;1;1;0;1;0;1;0;0;0;0;1;1;0;0;0;0;1;1;0;1;0;0;0;1;1;0;0;30.3
1;1;0;0;1;0;0;1;0;1;0;1;0;1;1;1;0;1;0;1;1;0;0;0;0;1;1;0;0;0;0;1;0;0;1;0;0;1;1;0;0;17.96
1;1;0;0;1;0;0;1;0;1;0;1;0;1;1;1;0;1;0;1;0;1;0;0;0;1;1;0;0;0;0;1;0;0;1;0;0;1;1;0;0;18.25
1;1;0;0;1;0;0;1;0;1;0;1;0;1;1;1;0;1;0;1;0;0;0;1;0;1;1;0;0;0;0;1;0;0;1;0;0;1;1;0;0;18.12
1;1;0;0;1;0;0;1;0;1;0;1;0;1;1;1;0;1;0;1;1;0;0;0;0;1;0;1;0;0;0;1;0;0;1;0;0;1;1;0;0;17.7
1;1;0;0;1;0;0;1;0;1;0;1;0;1;1;1;0;1;0;1;0;1;0;0;0;1;0;1;0;0;0;1;0;0;1;0;0;1;1;0;0;18.18
1;1;0;0;1;0;0;1;0;1;0;1;0;1;1;1;0;1;0;1;0;0;1;0;0;1;0;1;0;0;0;1;0;0;1;0;0;1;1;0;0;17.95
1;1;0;0;1;0;0;1;0;1;0;1;0;1;1;1;0;1;0;1;0;0;0;1;0;1;0;1;0;0;0;1;0;0;1;0;0;1;1;0;0;17.8
1;1;0;0;1;0;0;1;0;1;0;1;0;1;1;1;0;1;0;1;0;0;0;0;1;1;0;1;0;0;0;1;0;0;1;0;0;1;1;0;0;17.87
1;1;0;0;1;0;0;1;0;1;0;1;0;1;1;1;0;1;0;1;1;0;0;0;0;1;0;0;1;0;0;1;0;0;1;0;0;1;1;0;0;17.97
1;1;0;0;1;0;0;1;0;1;0;1;0;1;1;1;0;1;0;1;0;1;0;0;0;1;0;0;1;0;0;1;0;0;1;0;0;1;1;0;0;17.69
1;1;0;0;1;0;0;1;0;1;0;1;0;1;1;1;0;1;0;1;0;0;1;0;0;1;0;0;1;0;0;1;0;0;1;0;0;1;1;0;0;17.76
1;1;0;0;1;0;0;1;0;1;0;1;0;1;1;1;0;1;0;1;0;0;0;1;0;1;0;0;1;0;0;1;0;0;1;0;0;1;1;0;0;17.98
1;1;0;0;1;0;0;1;0;1;0;1;0;1;1;1;0;1;0;1;1;0;0;0;0;1;0;0;0;1;0;1;0;0;1;0;0;1;1;0;0;17.73
1;1;0;0;1;0;0;1;0;1;0;1;0;1;1;1;0;1;0;1;0;1;0;0;0;1;0;0;0;1;0;1;0;0;1;0;0;1;1;0;0;17.84
1;1;0;0;1;0;0;1;0;1;0;1;0;1;1;1;0;1;0;1;0;0;1;0;0;1;0;0;0;1;0;1;0;0;1;0;0;1;1;0;0;17.82
1;1;0;0;1;0;0;1;0;1;0;1;0;1;1;1;0;1;0;1;0;0;0;1;0;1;0;0;0;1;0;1;0;0;1;0;0;1;1;0;0;17.9
1;1;0;0;1;0;0;1;0;1;0;1;0;1;1;1;0;1;0;1;0;0;0;0;1;1;0;0;0;1;0;1;0;0;1;0;0;1;1;0;0;18.22
1;1;0;0;1;0;0;1;0;1;0;1;0;1;1;1;0;1;0;1;1;0;0;0;0;1;0;0;0;0;1;1;0;0;1;0;0;1;1;0;0;17.67
1;1;0;0;1;0;0;1;0;1;0;1;0;1;1;1;0;1;0;1;0;1;0;0;0;1;0;0;0;0;1;1;0;0;1;0;0;1;1;0;0;17.76
1;1;0;0;1;0;0;1;0;1;0;1;0;1;1;1;0;1;0;1;0;0;1;0;0;1;0;0;0;0;1;1;0;0;1;0;0;1;1;0;0;17.75
1;1;0;0;1;0;0;1;0;1;0;1;0;1;1;1;0;1;0;1;0;0;0;0;1;1;0;0;0;0;1;1;0;0;1;0;0;1;1;0;0;17.92
1;1;0;0;1;0;0;1;0;1;0;1;0;1;1;1;0;1;0;1;1;0;0;0;0;1;1;0;0;0;0;1;0;0;0;1;0;1;1;0;0;17.37
1;1;0;0;1;0;0;1;0;1;0;1;0;1;1;1;0;1;0;1;0;0;1;0;0;1;1;0;0;0;0;1;0;0;0;1;0;1;1;0;0;17.52
1;1;0;0;1;0;0;1;0;1;0;1;0;1;1;1;0;1;0;1;0;0;0;1;0;1;1;0;0;0;0;1;0;0;0;1;0;1;1;0;0;17.42
1;1;0;0;1;0;0;1;0;1;0;1;0;1;1;1;0;1;0;1;1;0;0;0;0;1;0;1;0;0;0;1;0;0;0;1;0;1;1;0;0;17.28
1;1;0;0;1;0;0;1;0;1;0;1;0;1;1;1;0;1;0;1;0;1;0;0;0;1;0;1;0;0;0;1;0;0;0;1;0;1;1;0;0;17.57
1;1;0;0;1;0;0;1;0;1;0;1;0;1;1;1;1;0;0;1;0;0;1;0;0;1;0;1;0;0;0;1;0;0;0;1;0;1;1;0;0;12.33
1;1;0;0;1;0;0;1;0;1;0;1;0;1;1;1;0;1;0;1;0;0;1;0;0;1;0;1;0;0;0;1;0;0;0;1;0;1;1;0;0;17.3
1;1;0;0;1;0;0;1;0;1;0;1;0;1;1;1;0;1;0;1;0;0;0;1;0;1;0;1;0;0;0;1;0;0;0;1;0;1;1;0;0;17.4
1;1;0;0;1;0;0;1;0;1;0;1;0;1;1;1;0;1;0;1;0;0;0;0;1;1;0;1;0;0;0;1;0;0;0;1;0;1;1;0;0;17.78
1;1;0;0;1;0;0;1;0;1;0;1;0;1;1;1;0;1;0;1;1;0;0;0;0;1;0;0;1;0;0;1;0;0;0;1;0;1;1;0;0;17.24
1;1;0;0;1;0;0;1;0;1;0;1;0;1;1;1;0;1;0;1;0;1;0;0;0;1;0;0;1;0;0;1;0;0;0;1;0;1;1;0;0;18.1
1;1;0;0;1;0;0;1;0;1;0;1;0;1;1;1;0;1;0;1;0;0;1;0;0;1;0;0;1;0;0;1;0;0;0;1;0;1;1;0;0;17.89
1;1;0;0;1;0;0;1;0;1;0;1;0;1;1;1;0;1;0;1;0;0;0;1;0;1;0;0;1;0;0;1;0;0;0;1;0;1;1;0;0;17.65
1;1;0;0;1;0;0;1;0;1;0;1;0;1;1;1;0;1;0;1;1;0;0;0;0;1;0;0;0;1;0;1;0;0;0;1;0;1;1;0;0;17.37
1;1;0;0;1;0;0;1;0;1;0;1;0;1;1;1;0;1;0;1;0;0;1;0;0;1;0;0;0;1;0;1;0;0;0;1;0;1;1;0;0;17.32
1;1;0;0;1;0;0;1;0;1;0;1;0;1;1;1;0;1;0;1;0;0;0;1;0;1;0;0;0;1;0;1;0;0;0;1;0;1;1;0;0;18.39
1;1;0;0;1;0;0;1;0;1;0;1;0;1;1;1;0;1;0;1;0;0;0;0;1;1;0;0;0;1;0;1;0;0;0;1;0;1;1;0;0;17.38
1;1;0;0;1;0;0;1;0;1;0;1;0;1;1;1;0;1;0;1;1;0;0;0;0;1;0;0;0;0;1;1;0;0;0;1;0;1;1;0;0;18.15
1;1;0;0;1;0;0;1;0;1;0;1;0;1;1;1;0;1;0;1;0;0;1;0;0;1;0;0;0;0;1;1;0;0;0;1;0;1;1;0;0;17.87
1;1;0;0;1;0;0;1;0;1;0;1;0;1;1;1;0;1;0;1;0;0;0;1;0;1;0;0;0;0;1;1;0;0;0;1;0;1;1;0;0;17.56
1;1;0;0;1;0;0;1;0;1;0;1;0;1;1;1;0;1;0;1;0;0;0;0;1;1;0;0;0;0;1;1;0;0;0;1;0;1;1;0;0;17.38
1;1;0;0;1;0;0;1;0;1;0;1;0;1;1;1;0;1;0;1;1;0;0;0;0;1;1;0;0;0;0;1;0;0;0;0;1;1;1;0;0;17.26
1;1;0;0;1;0;0;1;0;1;0;1;0;1;1;1;0;1;0;1;0;1;0;0;0;1;1;0;0;0;0;1;0;0;0;0;1;1;1;0;0;18.01
1;1;0;0;1;0;0;1;0;1;0;1;0;1;1;1;0;1;0;1;0;0;1;0;0;1;1;0;0;0;0;1;0;0;0;0;1;1;1;0;0;17.36
1;1;0;0;1;0;0;1;0;1;0;1;0;1;1;1;0;1;0;1;1;0;0;0;0;1;0;1;0;0;0;1;0;0;0;0;1;1;1;0;0;17.59
1;1;0;0;1;0;0;1;0;1;0;1;0;1;1;1;0;1;0;1;0;1;0;0;0;1;0;1;0;0;0;1;0;0;0;0;1;1;1;0;0;17.54
1;1;0;0;1;0;0;1;0;1;0;1;0;1;1;1;0;1;0;1;0;0;1;0;0;1;0;1;0;0;0;1;0;0;0;0;1;1;1;0;0;17.67
1;1;0;0;1;0;0;1;0;1;0;1;0;1;1;1;0;1;0;1;0;0;0;1;0;1;0;1;0;0;0;1;0;0;0;0;1;1;1;0;0;17.88
1;1;0;0;1;0;0;1;0;1;0;1;0;1;1;1;0;1;0;1;0;0;0;0;1;1;0;1;0;0;0;1;0;0;0;0;1;1;1;0;0;17.78
1;1;0;0;1;0;0;1;0;1;0;1;0;1;1;1;0;1;0;1;1;0;0;0;0;1;0;0;1;0;0;1;0;0;0;0;1;1;1;0;0;17.73
1;1;0;0;1;0;0;1;0;1;0;1;0;1;1;1;0;1;0;1;0;1;0;0;0;1;0;0;1;0;0;1;0;0;0;0;1;1;1;0;0;17.29
1;1;0;0;1;0;0;1;0;1;0;1;0;1;1;1;0;1;0;1;0;0;1;0;0;1;0;0;1;0;0;1;0;0;0;0;1;1;1;0;0;17.31
1;1;0;0;1;0;0;1;0;1;0;1;0;1;1;1;0;1;0;1;1;0;0;0;0;1;0;0;0;1;0;1;0;0;0;0;1;1;1;0;0;17.47
1;1;0;0;1;0;0;1;0;1;0;1;0;1;1;1;0;1;0;1;0;0;1;0;0;1;0;0;0;1;0;1;0;0;0;0;1;1;1;0;0;17.26
1;1;0;0;1;0;0;1;0;1;0;1;0;1;1;1;0;1;0;1;0;0;0;1;0;1;0;0;0;1;0;1;0;0;0;0;1;1;1;0;0;17.28
1;1;0;0;1;0;0;1;0;1;0;1;0;1;1;1;0;1;0;1;1;0;0;0;0;1;0;0;0;0;1;1;0;0;0;0;1;1;1;0;0;17.36
1;1;0;0;1;0;0;1;0;1;0;1;0;1;1;1;0;1;0;1;0;1;0;0;0;1;0;0;0;0;1;1;0;0;0;0;1;1;1;0;0;17.33
1;1;0;0;1;0;0;1;0;1;0;1;0;1;1;1;0;1;0;1;0;0;1;0;0;1;0;0;0;0;1;1;0;0;0;0;1;1;1;0;0;17.59
1;1;0;0;1;0;0;1;0;1;0;1;0;1;1;1;0;1;0;1;0;0;0;0;1;1;0;0;0;0;1;1;0;0;0;0;1;1;1;0;0;17.43
1;1;0;0;1;0;0;1;0;1;0;1;0;1;0;1;0;0;1;1;0;0;0;1;0;1;1;0;0;0;0;1;1;0;0;0;0;1;0;1;0;43
1;1;0;0;1;0;0;1;0;1;0;1;0;1;0;1;0;0;1;1;0;1;0;0;0;1;0;1;0;0;0;1;1;0;0;0;0;1;0;1;0;25.26
1;1;0;0;1;0;0;1;0;1;0;1;0;1;0;1;0;0;1;1;0;0;1;0;0;1;0;1;0;0;0;1;1;0;0;0;0;1;0;1;0;25.33
1;1;0;0;1;0;0;1;0;1;0;1;0;1;0;1;0;0;1;1;1;0;0;0;0;1;0;0;0;1;0;1;1;0;0;0;0;1;0;1;0;25.22
1;1;0;0;1;0;0;1;0;1;0;1;0;1;0;1;0;0;1;1;0;0;1;0;0;1;0;0;0;0;1;1;1;0;0;0;0;1;0;1;0;25.3
1;1;0;0;1;0;0;1;0;1;0;1;0;1;0;1;0;0;1;1;1;0;0;0;0;1;0;1;0;0;0;1;0;1;0;0;0;1;0;1;0;10.93
1;1;0;0;1;0;0;1;0;1;0;1;0;1;0;1;0;0;1;1;0;0;1;0;0;1;0;1;0;0;0;1;0;1;0;0;0;1;0;1;0;11.14
1;1;0;0;1;1;0;0;0;1;0;1;0;1;1;1;0;1;0;1;1;0;0;0;0;1;1;0;0;0;0;1;1;0;0;0;0;1;0;0;1;41.32
1;1;0;0;1;1;0;0;0;1;0;1;0;1;1;1;1;0;0;1;0;1;0;0;0;1;1;0;0;0;0;1;1;0;0;0;0;1;0;0;1;33.59
1;1;0;0;1;1;0;0;0;1;0;1;0;1;1;1;0;1;0;1;0;1;0;0;0;1;1;0;0;0;0;1;1;0;0;0;0;1;0;0;1;41.48
1;1;0;0;1;1;0;0;0;1;0;1;0;1;1;1;0;1;0;1;0;0;1;0;0;1;1;0;0;0;0;1;1;0;0;0;0;1;0;0;1;41.45
1;1;0;0;1;1;0;0;0;1;0;1;0;1;1;1;0;1;0;1;0;0;0;1;0;1;1;0;0;0;0;1;1;0;0;0;0;1;0;0;1;42.18
1;1;0;0;1;1;0;0;0;1;0;1;0;1;1;1;0;1;0;1;0;0;0;0;1;1;1;0;0;0;0;1;1;0;0;0;0;1;0;0;1;41.57
1;1;0;0;1;1;0;0;0;1;0;1;0;1;1;1;0;1;0;1;1;0;0;0;0;1;0;1;0;0;0;1;1;0;0;0;0;1;0;0;1;24.99
1;1;0;0;1;1;0;0;0;1;0;1;0;1;1;1;0;1;0;1;0;1;0;0;0;1;0;1;0;0;0;1;1;0;0;0;0;1;0;0;1;24.93
1;1;0;0;1;1;0;0;0;1;0;1;0;1;1;1;0;1;0;1;0;0;1;0;0;1;0;1;0;0;0;1;1;0;0;0;0;1;0;0;1;25
1;1;0;0;1;1;0;0;0;1;0;1;0;1;1;1;0;1;0;1;0;0;0;1;0;1;0;1;0;0;0;1;1;0;0;0;0;1;0;0;1;25.33
1;1;0;0;1;1;0;0;0;1;0;1;0;1;1;1;0;1;0;1;0;0;0;0;1;1;0;1;0;0;0;1;1;0;0;0;0;1;0;0;1;25.06
1;1;0;0;1;1;0;0;0;1;0;1;0;1;1;1;0;1;0;1;1;0;0;0;0;1;0;0;1;0;0;1;1;0;0;0;0;1;0;0;1;25.07
1;1;0;0;1;1;0;0;0;1;0;1;0;1;1;1;0;1;0;1;0;1;0;0;0;1;0;0;1;0;0;1;1;0;0;0;0;1;0;0;1;25.49
1;1;0;0;1;1;0;0;0;1;0;1;0;1;1;1;0;1;0;1;0;0;1;0;0;1;0;0;1;0;0;1;1;0;0;0;0;1;0;0;1;25.18
1;1;0;0;1;1;0;0;0;1;0;1;0;1;1;1;0;1;0;1;0;0;0;1;0;1;0;0;1;0;0;1;1;0;0;0;0;1;0;0;1;25.1
1;1;0;0;1;1;0;0;0;1;0;1;0;1;1;1;0;1;0;1;0;0;0;0;1;1;0;0;1;0;0;1;1;0;0;0;0;1;0;0;1;25.06
1;1;0;0;1;1;0;0;0;1;0;1;0;1;1;1;0;1;0;1;1;0;0;0;0;1;0;0;0;1;0;1;1;0;0;0;0;1;0;0;1;24.98
1;1;0;0;1;1;0;0;0;1;0;1;0;1;1;1;0;1;0;1;0;1;0;0;0;1;0;0;0;1;0;1;1;0;0;0;0;1;0;0;1;25.11
1;1;0;0;1;1;0;0;0;1;0;1;0;1;1;1;0;1;0;1;0;0;1;0;0;1;0;0;0;1;0;1;1;0;0;0;0;1;0;0;1;25.39
1;1;0;0;1;1;0;0;0;1;0;1;0;1;1;1;0;1;0;1;0;0;0;1;0;1;0;0;0;1;0;1;1;0;0;0;0;1;0;0;1;24.96
1;1;0;0;1;1;0;0;0;1;0;1;0;1;1;1;0;1;0;1;0;0;0;0;1;1;0;0;0;1;0;1;1;0;0;0;0;1;0;0;1;25.57
1;1;0;0;1;1;0;0;0;1;0;1;0;1;1;1;0;1;0;1;1;0;0;0;0;1;0;0;0;0;1;1;1;0;0;0;0;1;0;0;1;25.05
1;1;0;0;1;1;0;0;0;1;0;1;0;1;1;1;0;1;0;1;0;1;0;0;0;1;0;0;0;0;1;1;1;0;0;0;0;1;0;0;1;25.13
1;1;0;0;1;1;0;0;0;1;0;1;0;1;1;1;0;1;0;1;0;0;1;0;0;1;0;0;0;0;1;1;1;0;0;0;0;1;0;0;1;24.99
1;1;0;0;1;1;0;0;0;1;0;1;0;1;1;1;0;1;0;1;0;0;0;1;0;1;0;0;0;0;1;1;1;0;0;0;0;1;0;0;1;25.05
1;1;0;0;1;1;0;0;0;1;0;1;0;1;1;1;0;1;0;1;0;0;0;0;1;1;0;0;0;0;1;1;1;0;0;0;0;1;0;0;1;25.2
1;1;0;0;1;1;0;0;0;1;0;1;0;1;1;1;0;1;0;1;0;1;0;0;0;1;1;0;0;0;0;1;0;1;0;0;0;1;0;0;1;16.77
1;1;0;0;1;1;0;0;0;1;0;1;0;1;1;1;0;1;0;1;0;0;1;0;0;1;1;0;0;0;0;1;0;1;0;0;0;1;0;0;1;16.81
1;1;0;0;1;1;0;0;0;1;0;1;0;1;1;1;0;1;0;1;0;0;0;1;0;1;1;0;0;0;0;1;0;1;0;0;0;1;0;0;1;16.77
1;1;0;0;1;1;0;0;0;1;0;1;0;1;1;1;0;1;0;1;1;0;0;0;0;1;0;1;0;0;0;1;0;1;0;0;0;1;0;0;1;11.17
1;1;0;0;1;1;0;0;0;1;0;1;0;1;1;1;0;1;0;1;0;0;0;1;0;1;0;1;0;0;0;1;0;1;0;0;0;1;0;0;1;11.29
1;1;0;0;1;1;0;0;0;1;0;1;0;1;1;1;0;1;0;1;0;0;0;0;1;1;0;1;0;0;0;1;0;1;0;0;0;1;0;0;1;11.14
1;1;0;0;1;1;0;0;0;1;0;1;0;1;1;1;0;1;0;1;1;0;0;0;0;1;0;0;1;0;0;1;0;1;0;0;0;1;0;0;1;10.98
1;1;0;0;1;1;0;0;0;1;0;1;0;1;1;1;0;1;0;1;0;1;0;0;0;1;0;0;1;0;0;1;0;1;0;0;0;1;0;0;1;11.21
1;1;0;0;1;1;0;0;0;1;0;1;0;1;1;1;0;1;0;1;0;0;1;0;0;1;0;0;1;0;0;1;0;1;0;0;0;1;0;0;1;10.86
1;1;0;0;1;1;0;0;0;1;0;1;0;1;1;1;0;1;0;1;0;0;0;1;0;1;0;0;1;0;0;1;0;1;0;0;0;1;0;0;1;10.95
1;1;0;0;1;1;0;0;0;1;0;1;0;1;1;1;0;1;0;1;1;0;0;0;0;1;0;0;0;1;0;1;0;1;0;0;0;1;0;0;1;11.42
1;1;0;0;1;1;0;0;0;1;0;1;0;1;1;1;0;1;0;1;0;1;0;0;0;1;0;0;0;1;0;1;0;1;0;0;0;1;0;0;1;10.95
1;1;0;0;1;1;0;0;0;1;0;1;0;1;1;1;0;1;0;1;0;0;1;0;0;1;0;0;0;1;0;1;0;1;0;0;0;1;0;0;1;10.93
1;1;0;0;1;1;0;0;0;1;0;1;0;1;1;1;0;1;0;1;0;0;0;1;0;1;0;0;0;1;0;1;0;1;0;0;0;1;0;0;1;11.98
1;1;0;0;1;1;0;0;0;1;0;1;0;1;1;1;0;1;0;1;0;0;0;0;1;1;0;0;0;1;0;1;0;1;0;0;0;1;0;0;1;10.97
1;1;0;0;1;1;0;0;0;1;0;1;0;1;1;1;0;1;0;1;1;0;0;0;0;1;0;0;0;0;1;1;0;1;0;0;0;1;0;0;1;10.95
1;1;0;0;1;1;0;0;0;1;0;1;0;1;1;1;0;1;0;1;0;1;0;0;0;1;0;0;0;0;1;1;0;1;0;0;0;1;0;0;1;10.93
1;1;0;0;1;1;0;0;0;1;0;1;0;1;1;1;0;1;0;1;0;0;1;0;0;1;0;0;0;0;1;1;0;1;0;0;0;1;0;0;1;11.75
1;1;0;0;1;1;0;0;0;1;0;1;0;1;1;1;0;1;0;1;0;0;0;1;0;1;0;0;0;0;1;1;0;1;0;0;0;1;0;0;1;11.03
1;1;0;0;1;1;0;0;0;1;0;1;0;1;1;1;0;1;0;1;0;0;0;0;1;1;0;0;0;0;1;1;0;1;0;0;0;1;0;0;1;11.47
1;1;0;0;1;1;0;0;0;1;0;1;0;1;1;1;0;1;0;1;1;0;0;0;0;1;1;0;0;0;0;1;0;0;1;0;0;1;0;0;1;10.09
1;1;0;0;1;1;0;0;0;1;0;1;0;1;1;1;0;1;0;1;0;1;0;0;0;1;1;0;0;0;0;1;0;0;1;0;0;1;0;0;1;9.99
1;1;0;0;1;1;0;0;0;1;0;1;0;1;1;1;0;1;0;1;0;0;1;0;0;1;1;0;0;0;0;1;0;0;1;0;0;1;0;0;1;10.04
1;1;0;0;1;1;0;0;0;1;0;1;0;1;1;1;0;1;0;1;0;0;0;1;0;1;1;0;0;0;0;1;0;0;1;0;0;1;0;0;1;10
1;1;0;0;1;1;0;0;0;1;0;1;0;1;1;1;0;1;0;1;0;0;0;0;1;1;1;0;0;0;0;1;0;0;1;0;0;1;0;0;1;9.93
1;1;0;0;1;1;0;0;0;1;0;1;0;1;1;1;0;1;0;1;1;0;0;0;0;1;0;1;0;0;0;1;0;0;1;0;0;1;0;0;1;7.38
1;1;0;0;1;1;0;0;0;1;0;1;0;1;1;1;0;1;0;1;0;1;0;0;0;1;0;1;0;0;0;1;0;0;1;0;0;1;0;0;1;6.99
1;1;0;0;1;1;0;0;0;1;0;1;0;1;1;1;0;1;0;1;0;0;1;0;0;1;0;1;0;0;0;1;0;0;1;0;0;1;0;0;1;7.21
1;1;0;0;1;1;0;0;0;1;0;1;0;1;1;1;0;1;0;1;0;0;0;1;0;1;0;1;0;0;0;1;0;0;1;0;0;1;0;0;1;7.42
1;1;0;0;1;1;0;0;0;1;0;1;0;1;1;1;0;1;0;1;0;0;0;0;1;1;0;1;0;0;0;1;0;0;1;0;0;1;0;0;1;7.17
1;1;0;0;1;1;0;0;0;1;0;1;0;1;1;1;0;1;0;1;1;0;0;0;0;1;0;0;1;0;0;1;0;0;1;0;0;1;0;0;1;7.46
1;1;0;0;1;1;0;0;0;1;0;1;0;1;1;1;0;1;0;1;0;0;1;0;0;1;0;0;1;0;0;1;0;0;1;0;0;1;0;0;1;7.72
1;1;0;0;1;1;0;0;0;1;0;1;0;1;1;1;0;1;0;1;0;0;0;1;0;1;0;0;1;0;0;1;0;0;1;0;0;1;0;0;1;7.31
1;1;0;0;1;1;0;0;0;1;0;1;0;1;1;1;0;1;0;1;1;0;0;0;0;1;0;0;0;1;0;1;0;0;1;0;0;1;0;0;1;7.2
1;1;0;0;1;1;0;0;0;1;0;1;0;1;1;1;0;1;0;1;0;1;0;0;0;1;0;0;0;1;0;1;0;0;1;0;0;1;0;0;1;7.41
1;1;0;0;1;1;0;0;0;1;0;1;0;1;1;1;0;1;0;1;0;0;1;0;0;1;0;0;0;1;0;1;0;0;1;0;0;1;0;0;1;7.18
1;1;0;0;1;1;0;0;0;1;0;1;0;1;1;1;0;1;0;1;0;0;0;1;0;1;0;0;0;1;0;1;0;0;1;0;0;1;0;0;1;7.42
1;1;0;0;1;1;0;0;0;1;0;1;0;1;1;1;0;1;0;1;0;0;0;0;1;1;0;0;0;1;0;1;0;0;1;0;0;1;0;0;1;7.49
1;1;0;0;1;1;0;0;0;1;0;1;0;1;1;1;0;1;0;1;1;0;0;0;0;1;0;0;0;0;1;1;0;0;1;0;0;1;0;0;1;7.43
1;1;0;0;1;1;0;0;0;1;0;1;0;1;1;1;0;1;0;1;0;1;0;0;0;1;0;0;0;0;1;1;0;0;1;0;0;1;0;0;1;7.04
1;1;0;0;1;1;0;0;0;1;0;1;0;1;1;1;0;1;0;1;0;0;1;0;0;1;0;0;0;0;1;1;0;0;1;0;0;1;0;0;1;7.4
1;1;0;0;1;1;0;0;0;1;0;1;0;1;1;1;0;1;0;1;0;0;0;1;0;1;0;0;0;0;1;1;0;0;1;0;0;1;0;0;1;7.24
1;1;0;0;1;1;0;0;0;1;0;1;0;1;1;1;0;1;0;1;0;0;0;0;1;1;0;0;0;0;1;1;0;0;1;0;0;1;0;0;1;7.34
1;1;0;0;1;1;0;0;0;1;0;1;0;1;1;1;0;1;0;1;1;0;0;0;0;1;1;0;0;0;0;1;0;0;0;1;0;1;0;0;1;9.81
1;1;0;0;1;1;0;0;0;1;0;1;0;1;1;1;0;1;0;1;0;1;0;0;0;1;1;0;0;0;0;1;0;0;0;1;0;1;0;0;1;9.85
1;1;0;0;1;1;0;0;0;1;0;1;0;1;1;1;0;1;0;1;0;0;1;0;0;1;1;0;0;0;0;1;0;0;0;1;0;1;0;0;1;9.88
1;1;0;0;1;1;0;0;0;1;0;1;0;1;1;1;0;1;0;1;0;0;0;1;0;1;1;0;0;0;0;1;0;0;0;1;0;1;0;0;1;9.81
1;1;0;0;1;1;0;0;0;1;0;1;0;1;1;1;0;1;0;1;0;0;0;0;1;1;1;0;0;0;0;1;0;0;0;1;0;1;0;0;1;9.85
1;1;0;0;1;1;0;0;0;1;0;1;0;1;1;1;0;1;0;1;1;0;0;0;0;1;0;1;0;0;0;1;0;0;0;1;0;1;0;0;1;6.7
1;1;0;0;1;1;0;0;0;1;0;1;0;1;1;1;0;1;0;1;0;1;0;0;0;1;0;1;0;0;0;1;0;0;0;1;0;1;0;0;1;6.53
1;1;0;0;1;1;0;0;0;1;0;1;0;1;1;1;0;1;0;1;0;0;1;0;0;1;0;1;0;0;0;1;0;0;0;1;0;1;0;0;1;6.74
1;1;0;0;1;1;0;0;0;1;0;1;0;1;1;1;0;1;0;1;0;0;0;1;0;1;0;1;0;0;0;1;0;0;0;1;0;1;0;0;1;6.48
1;1;0;0;1;1;0;0;0;1;0;1;0;1;1;1;0;1;0;1;0;0;0;0;1;1;0;1;0;0;0;1;0;0;0;1;0;1;0;0;1;6.78
1;1;0;0;1;1;0;0;0;1;0;1;0;1;1;1;0;1;0;1;1;0;0;0;0;1;0;0;1;0;0;1;0;0;0;1;0;1;0;0;1;6.46
1;1;0;0;1;1;0;0;0;1;0;1;0;1;1;1;0;1;0;1;0;1;0;0;0;1;0;0;1;0;0;1;0;0;0;1;0;1;0;0;1;6.5
1;1;0;0;1;1;0;0;0;1;0;1;0;1;1;1;0;1;0;1;0;0;1;0;0;1;0;0;1;0;0;1;0;0;0;1;0;1;0;0;1;6.74
1;1;0;0;1;1;0;0;0;1;0;1;0;1;1;1;0;1;0;1;0;0;0;1;0;1;0;0;1;0;0;1;0;0;0;1;0;1;0;0;1;6.82
1;1;0;0;1;1;0;0;0;1;0;1;0;1;1;1;0;1;0;1;0;0;0;0;1;1;0;0;1;0;0;1;0;0;0;1;0;1;0;0;1;6.52
1;1;0;0;1;1;0;0;0;1;0;1;0;1;1;1;0;1;0;1;1;0;0;0;0;1;0;0;0;1;0;1;0;0;0;1;0;1;0;0;1;6.52
1;1;0;0;1;1;0;0;0;1;0;1;0;1;1;1;0;1;0;1;0;1;0;0;0;1;0;0;0;1;0;1;0;0;0;1;0;1;0;0;1;6.51
1;1;0;0;1;1;0;0;0;1;0;1;0;1;1;1;0;0;1;1;0;1;0;0;0;1;0;0;0;1;0;1;0;0;0;1;0;1;0;0;1;6.15
1;1;0;0;1;1;0;0;0;1;0;1;0;1;1;1;0;1;0;1;0;0;1;0;0;1;0;0;0;1;0;1;0;0;0;1;0;1;0;0;1;6.42
1;1;0;0;1;1;0;0;0;1;0;1;0;1;1;1;0;1;0;1;0;0;0;1;0;1;0;0;0;1;0;1;0;0;0;1;0;1;0;0;1;7.01
1;1;0;0;1;1;0;0;0;1;0;1;0;1;1;1;0;1;0;1;0;0;0;0;1;1;0;0;0;1;0;1;0;0;0;1;0;1;0;0;1;6.61
1;1;0;0;1;1;0;0;0;1;0;1;0;1;1;1;0;1;0;1;1;0;0;0;0;1;0;0;0;0;1;1;0;0;0;1;0;1;0;0;1;6.55
1;1;0;0;1;1;0;0;0;1;0;1;0;1;1;1;0;1;0;1;0;1;0;0;0;1;0;0;0;0;1;1;0;0;0;1;0;1;0;0;1;6.48
1;1;0;0;1;1;0;0;0;1;0;1;0;1;1;1;0;1;0;1;0;0;1;0;0;1;0;0;0;0;1;1;0;0;0;1;0;1;0;0;1;6.9
1;1;0;0;1;1;0;0;0;1;0;1;0;1;1;1;0;1;0;1;0;0;0;1;0;1;0;0;0;0;1;1;0;0;0;1;0;1;0;0;1;6.67
1;1;0;0;1;1;0;0;0;1;0;1;0;1;1;1;0;1;0;1;0;0;0;0;1;1;0;0;0;0;1;1;0;0;0;1;0;1;0;0;1;6.53
1;1;0;0;1;1;0;0;0;1;0;1;0;1;1;1;0;1;0;1;1;0;0;0;0;1;1;0;0;0;0;1;0;0;0;0;1;1;0;0;1;9.8
1;1;0;0;1;1;0;0;0;1;0;1;0;1;1;1;0;1;0;1;0;1;0;0;0;1;1;0;0;0;0;1;0;0;0;0;1;1;0;0;1;9.9
1;1;0;0;1;1;0;0;0;1;0;1;0;1;1;1;0;1;0;1;0;0;1;0;0;1;1;0;0;0;0;1;0;0;0;0;1;1;0;0;1;9.97
1;1;0;0;1;1;0;0;0;1;0;1;0;1;1;1;0;1;0;1;0;0;0;1;0;1;1;0;0;0;0;1;0;0;0;0;1;1;0;0;1;9.84
1;1;0;0;1;1;0;0;0;1;0;1;0;1;1;1;0;1;0;1;0;0;0;0;1;1;1;0;0;0;0;1;0;0;0;0;1;1;0;0;1;9.88
1;1;0;0;1;1;0;0;0;1;0;1;0;1;1;1;0;1;0;1;1;0;0;0;0;1;0;1;0;0;0;1;0;0;0;0;1;1;0;0;1;6.5
1;1;0;0;1;1;0;0;0;1;0;1;0;1;1;1;0;1;0;1;0;1;0;0;0;1;0;1;0;0;0;1;0;0;0;0;1;1;0;0;1;6.65
1;1;0;0;1;1;0;0;0;1;0;1;0;1;1;1;0;1;0;1;0;0;1;0;0;1;0;1;0;0;0;1;0;0;0;0;1;1;0;0;1;6.54
1;1;0;0;1;1;0;0;0;1;0;1;0;1;1;1;0;1;0;1;0;0;0;1;0;1;0;1;0;0;0;1;0;0;0;0;1;1;0;0;1;6.6
1;1;0;0;1;1;0;0;0;1;0;1;0;1;1;1;0;1;0;1;0;0;0;0;1;1;0;1;0;0;0;1;0;0;0;0;1;1;0;0;1;6.75
1;1;0;0;1;1;0;0;0;1;0;1;0;1;1;1;0;1;0;1;1;0;0;0;0;1;0;0;1;0;0;1;0;0;0;0;1;1;0;0;1;6.76
1;1;0;0;1;1;0;0;0;1;0;1;0;1;1;1;0;1;0;1;0;1;0;0;0;1;0;0;1;0;0;1;0;0;0;0;1;1;0;0;1;6.5
1;1;0;0;1;1;0;0;0;1;0;1;0;1;1;1;0;1;0;1;0;0;1;0;0;1;0;0;1;0;0;1;0;0;0;0;1;1;0;0;1;6.52
1;1;0;0;1;1;0;0;0;1;0;1;0;1;1;1;0;1;0;1;0;0;0;1;0;1;0;0;1;0;0;1;0;0;0;0;1;1;0;0;1;6.64
1;1;0;0;1;1;0;0;0;1;0;1;0;1;1;1;0;1;0;1;0;0;0;0;1;1;0;0;1;0;0;1;0;0;0;0;1;1;0;0;1;6.44
1;1;0;0;1;1;0;0;0;1;0;1;0;1;1;1;0;1;0;1;1;0;0;0;0;1;0;0;0;1;0;1;0;0;0;0;1;1;0;0;1;6.71
1;1;0;0;1;1;0;0;0;1;0;1;0;1;1;1;0;1;0;1;0;1;0;0;0;1;0;0;0;1;0;1;0;0;0;0;1;1;0;0;1;6.52
1;1;0;0;1;1;0;0;0;1;0;1;0;1;1;1;0;1;0;1;0;0;1;0;0;1;0;0;0;1;0;1;0;0;0;0;1;1;0;0;1;6.53
1;1;0;0;1;1;0;0;0;1;0;1;0;1;1;1;0;1;0;1;0;0;0;1;0;1;0;0;0;1;0;1;0;0;0;0;1;1;0;0;1;6.51
1;1;0;0;1;1;0;0;0;1;0;1;0;1;1;1;0;1;0;1;0;0;0;0;1;1;0;0;0;1;0;1;0;0;0;0;1;1;0;0;1;6.49
1;1;0;0;1;1;0;0;0;1;0;1;0;1;1;1;0;1;0;1;1;0;0;0;0;1;0;0;0;0;1;1;0;0;0;0;1;1;0;0;1;6.52
1;1;0;0;1;1;0;0;0;1;0;1;0;1;1;1;0;1;0;1;0;1;0;0;0;1;0;0;0;0;1;1;0;0;0;0;1;1;0;0;1;6.43
1;1;0;0;1;1;0;0;0;1;0;1;0;1;1;1;0;1;0;1;0;0;1;0;0;1;0;0;0;0;1;1;0;0;0;0;1;1;0;0;1;6.75
1;1;0;0;1;1;0;0;0;1;0;1;0;1;1;1;0;1;0;1;0;0;0;1;0;1;0;0;0;0;1;1;0;0;0;0;1;1;0;0;1;6.5
1;1;0;0;1;1;0;0;0;1;0;1;0;1;1;1;0;1;0;1;0;0;0;0;1;1;0;0;0;0;1;1;0;0;0;0;1;1;0;0;1;6.44
1;1;0;0;1;1;0;0;0;1;0;1;0;1;0;1;0;0;1;1;0;1;0;0;0;1;0;1;0;0;0;1;1;0;0;0;0;1;0;1;0;26.13
1;1;0;0;1;1;0;0;0;1;0;1;0;1;0;1;0;0;1;1;0;1;0;0;0;1;0;0;1;0;0;1;1;0;0;0;0;1;0;1;0;24.97
1;1;0;0;1;1;0;0;0;1;0;1;0;1;0;1;0;0;1;1;0;0;0;0;1;1;0;0;1;0;0;1;1;0;0;0;0;1;0;1;0;25.19
1;1;0;0;1;1;0;0;0;1;0;1;0;1;0;1;0;0;1;1;0;0;1;0;0;1;0;1;0;0;0;1;0;1;0;0;0;1;0;1;0;10.79
1;1;0;0;1;1;0;0;0;1;0;1;0;1;0;1;0;0;1;1;0;1;0;0;0;1;1;0;0;0;0;1;0;0;1;0;0;1;0;1;0;10.39
1;1;0;0;1;1;0;0;0;1;0;1;0;1;0;1;0;0;1;1;0;1;0;0;0;1;0;1;0;0;0;1;0;0;1;0;0;1;0;1;0;6.85
1;1;0;0;1;1;0;0;0;1;0;1;0;1;0;1;0;0;1;1;0;0;1;0;0;1;0;1;0;0;0;1;0;0;1;0;0;1;0;1;0;6.89
1;1;0;0;1;1;0;0;0;1;0;1;0;1;0;1;0;0;1;1;0;1;0;0;0;1;0;0;1;0;0;1;0;0;1;0;0;1;0;1;0;6.97
1;1;0;0;1;1;0;0;0;1;0;1;0;1;0;1;1;0;0;1;0;1;0;0;0;1;0;0;0;0;1;1;0;0;1;0;0;1;0;1;0;7.05
1;1;0;0;1;1;0;0;0;1;0;1;0;1;0;1;0;0;1;1;0;0;0;1;0;1;1;0;0;0;0;1;0;0;0;1;0;1;0;1;0;9.45
1;1;0;0;1;1;0;0;0;1;0;1;0;1;0;1;0;0;1;1;0;0;0;1;0;1;0;1;0;0;0;1;0;0;0;1;0;1;0;1;0;6.51
1;1;0;0;1;1;0;0;0;1;0;1;0;1;0;1;0;0;1;1;0;0;0;0;1;1;0;0;1;0;0;1;0;0;0;1;0;1;0;1;0;6.16
1;1;0;0;1;1;0;0;0;1;0;1;0;1;0;1;0;0;1;1;0;1;0;0;0;1;0;0;1;0;0;1;0;0;0;0;1;1;0;1;0;6.74
1;1;0;0;1;1;0;0;0;1;0;1;0;1;0;1;1;0;0;1;0;1;0;0;0;1;0;0;0;0;1;1;0;0;0;0;1;1;0;1;0;5.03
1;1;0;0;1;1;0;0;0;1;0;1;0;1;1;1;0;1;0;1;0;0;1;0;0;1;0;0;0;1;0;1;0;1;0;0;0;1;1;0;0;29.18
1;1;0;0;1;1;0;0;0;1;0;1;0;1;1;1;0;1;0;1;0;0;0;1;0;1;0;0;0;1;0;1;0;1;0;0;0;1;1;0;0;29.02
1;1;0;0;1;1;0;0;0;1;0;1;0;1;1;1;0;1;0;1;0;0;0;0;1;1;0;0;0;1;0;1;0;1;0;0;0;1;1;0;0;28.98
1;1;0;0;1;1;0;0;0;1;0;1;0;1;1;1;0;1;0;1;1;0;0;0;0;1;0;0;0;0;1;1;0;1;0;0;0;1;1;0;0;29.13
1;1;0;0;1;1;0;0;0;1;0;1;0;1;1;1;0;1;0;1;0;1;0;0;0;1;0;0;0;0;1;1;0;1;0;0;0;1;1;0;0;29.03
1;1;0;0;1;1;0;0;0;1;0;1;0;1;1;1;0;1;0;1;0;0;1;0;0;1;0;0;0;0;1;1;0;1;0;0;0;1;1;0;0;29.1
1;1;0;0;1;1;0;0;0;1;0;1;0;1;1;1;0;1;0;1;0;0;0;1;0;1;0;0;0;0;1;1;0;1;0;0;0;1;1;0;0;29.06
1;1;0;0;1;1;0;0;0;1;0;1;0;1;1;1;0;1;0;1;1;0;0;0;0;1;1;0;0;0;0;1;0;0;1;0;0;1;1;0;0;17.12
1;1;0;0;1;1;0;0;0;1;0;1;0;1;1;1;0;1;0;1;0;1;0;0;0;1;1;0;0;0;0;1;0;0;1;0;0;1;1;0;0;17.03
1;1;0;0;1;1;0;0;0;1;0;1;0;1;1;1;0;1;0;1;0;0;1;0;0;1;1;0;0;0;0;1;0;0;1;0;0;1;1;0;0;17.25
1;1;0;0;1;1;0;0;0;1;0;1;0;1;1;1;0;1;0;1;0;0;0;1;0;1;1;0;0;0;0;1;0;0;1;0;0;1;1;0;0;17.21
1;1;0;0;1;1;0;0;0;1;0;1;0;1;1;1;0;1;0;1;0;0;0;0;1;1;1;0;0;0;0;1;0;0;1;0;0;1;1;0;0;17.12
1;1;0;0;1;1;0;0;0;1;0;1;0;1;1;1;0;1;0;1;1;0;0;0;0;1;0;1;0;0;0;1;0;0;1;0;0;1;1;0;0;17.27
1;1;0;0;1;1;0;0;0;1;0;1;0;1;1;1;0;1;0;1;0;1;0;0;0;1;0;1;0;0;0;1;0;0;1;0;0;1;1;0;0;17.23
1;1;0;0;1;1;0;0;0;1;0;1;0;1;1;1;0;1;0;1;0;0;1;0;0;1;0;1;0;0;0;1;0;0;1;0;0;1;1;0;0;17.2
1;1;0;0;1;1;0;0;0;1;0;1;0;1;1;1;0;1;0;1;0;0;0;1;0;1;0;1;0;0;0;1;0;0;1;0;0;1;1;0;0;17.15
1;1;0;0;1;1;0;0;0;1;0;1;0;1;1;1;0;1;0;1;0;0;0;0;1;1;0;1;0;0;0;1;0;0;1;0;0;1;1;0;0;17.15
1;1;0;0;1;1;0;0;0;1;0;1;0;1;1;1;0;1;0;1;1;0;0;0;0;1;0;0;1;0;0;1;0;0;1;0;0;1;1;0;0;17.17
1;1;0;0;1;1;0;0;0;1;0;1;0;1;1;1;0;1;0;1;0;1;0;0;0;1;0;0;1;0;0;1;0;0;1;0;0;1;1;0;0;17.11
1;1;0;0;1;1;0;0;0;1;0;1;0;1;1;1;0;1;0;1;0;0;1;0;0;1;0;0;1;0;0;1;0;0;1;0;0;1;1;0;0;17.33
1;1;0;0;1;1;0;0;0;1;0;1;0;1;1;1;0;1;0;1;0;0;0;0;1;1;0;0;1;0;0;1;0;0;1;0;0;1;1;0;0;17.19
1;1;0;0;1;1;0;0;0;1;0;1;0;1;1;1;0;1;0;1;1;0;0;0;0;1;0;0;0;1;0;1;0;0;1;0;0;1;1;0;0;17.22
1;1;0;0;1;1;0;0;0;1;0;1;0;1;1;1;0;1;0;1;0;1;0;0;0;1;0;0;0;1;0;1;0;0;1;0;0;1;1;0;0;17.13
1;1;0;0;1;1;0;0;0;1;0;1;0;1;1;1;0;1;0;1;0;0;1;0;0;1;0;0;0;1;0;1;0;0;1;0;0;1;1;0;0;17.11
1;1;0;0;1;1;0;0;0;1;0;1;0;1;1;1;0;1;0;1;0;0;0;1;0;1;0;0;0;1;0;1;0;0;1;0;0;1;1;0;0;17.18
1;1;0;0;1;1;0;0;0;1;0;1;0;1;1;1;0;1;0;1;0;0;0;0;1;1;0;0;0;1;0;1;0;0;1;0;0;1;1;0;0;17.28
1;1;0;0;1;1;0;0;0;1;0;1;0;1;1;1;0;1;0;1;1;0;0;0;0;1;0;0;0;0;1;1;0;0;1;0;0;1;1;0;0;17.18
1;1;0;0;1;1;0;0;0;1;0;1;0;1;1;1;0;1;0;1;0;1;0;0;0;1;0;0;0;0;1;1;0;0;1;0;0;1;1;0;0;17.26
1;1;0;0;1;1;0;0;0;1;0;1;0;1;1;1;0;1;0;1;0;0;1;0;0;1;0;0;0;0;1;1;0;0;1;0;0;1;1;0;0;17.32
1;1;0;0;1;1;0;0;0;1;0;1;0;1;1;1;0;1;0;1;0;0;0;1;0;1;0;0;0;0;1;1;0;0;1;0;0;1;1;0;0;17.15
1;1;0;0;1;1;0;0;0;1;0;1;0;1;1;1;0;1;0;1;1;0;0;0;0;1;1;0;0;0;0;1;0;0;0;1;0;1;1;0;0;16.84
1;1;0;0;1;1;0;0;0;1;0;1;0;1;1;1;0;1;0;1;0;1;0;0;0;1;1;0;0;0;0;1;0;0;0;1;0;1;1;0;0;16.71
1;1;0;0;1;1;0;0;0;1;0;1;0;1;1;1;0;0;1;1;0;1;0;0;0;1;1;0;0;0;0;1;0;0;0;1;0;1;1;0;0;15.45
1;1;0;0;1;1;0;0;0;1;0;1;0;1;1;1;0;1;0;1;0;0;1;0;0;1;1;0;0;0;0;1;0;0;0;1;0;1;1;0;0;16.9
1;1;0;0;1;1;0;0;0;1;0;1;0;1;1;1;0;1;0;1;0;0;0;1;0;1;1;0;0;0;0;1;0;0;0;1;0;1;1;0;0;16.73
1;1;0;0;1;1;0;0;0;1;0;1;0;1;1;1;0;1;0;1;0;0;0;0;1;1;1;0;0;0;0;1;0;0;0;1;0;1;1;0;0;16.88
1;1;0;0;1;1;0;0;0;1;0;1;0;1;1;1;0;1;0;1;1;0;0;0;0;1;0;1;0;0;0;1;0;0;0;1;0;1;1;0;0;16.85
1;1;0;0;1;1;0;0;0;1;0;1;0;1;1;1;1;0;0;1;0;1;0;0;0;1;0;1;0;0;0;1;0;0;0;1;0;1;1;0;0;11.73
1;1;0;0;1;1;0;0;0;1;0;1;0;1;1;1;0;1;0;1;0;1;0;0;0;1;0;1;0;0;0;1;0;0;0;1;0;1;1;0;0;16.86
1;1;0;0;1;1;0;0;0;1;0;1;0;1;1;1;0;1;0;1;0;0;1;0;0;1;0;1;0;0;0;1;0;0;0;1;0;1;1;0;0;16.8
1;1;0;0;1;1;0;0;0;1;0;1;0;1;1;1;0;1;0;1;0;0;0;1;0;1;0;1;0;0;0;1;0;0;0;1;0;1;1;0;0;16.84
1;1;0;0;1;1;0;0;0;1;0;1;0;1;1;1;0;1;0;1;0;0;0;0;1;1;0;1;0;0;0;1;0;0;0;1;0;1;1;0;0;16.71
1;1;0;0;1;1;0;0;0;1;0;1;0;1;1;1;0;1;0;1;0;1;0;0;0;1;0;0;1;0;0;1;0;0;0;1;0;1;1;0;0;16.77
1;1;0;0;1;1;0;0;0;1;0;1;0;1;1;1;0;1;0;1;0;0;1;0;0;1;0;0;1;0;0;1;0;0;0;1;0;1;1;0;0;16.81
1;1;0;0;1;1;0;0;0;1;0;1;0;1;1;1;0;1;0;1;0;0;0;1;0;1;0;0;1;0;0;1;0;0;0;1;0;1;1;0;0;16.7
1;1;0;0;1;1;0;0;0;1;0;1;0;1;1;1;0;1;0;1;0;0;0;0;1;1;0;0;1;0;0;1;0;0;0;1;0;1;1;0;0;16.84
1;1;0;0;1;1;0;0;0;1;0;1;0;1;1;1;0;1;0;1;1;0;0;0;0;1;0;0;0;1;0;1;0;0;0;1;0;1;1;0;0;17.02
1;1;0;0;1;1;0;0;0;1;0;1;0;1;1;1;0;1;0;1;0;1;0;0;0;1;0;0;0;1;0;1;0;0;0;1;0;1;1;0;0;16.79
1;1;0;0;1;1;0;0;0;1;0;1;0;1;1;1;0;0;1;1;0;1;0;0;0;1;0;0;0;1;0;1;0;0;0;1;0;1;1;0;0;15.46
1;1;0;0;1;1;0;0;0;1;0;1;0;1;1;1;0;1;0;1;0;0;1;0;0;1;0;0;0;1;0;1;0;0;0;1;0;1;1;0;0;16.74
1;1;0;0;1;1;0;0;0;1;0;1;0;1;1;1;0;1;0;1;0;0;0;1;0;1;0;0;0;1;0;1;0;0;0;1;0;1;1;0;0;16.79
1;1;0;0;1;1;0;0;0;1;0;1;0;1;1;1;0;1;0;1;0;0;0;0;1;1;0;0;0;1;0;1;0;0;0;1;0;1;1;0;0;16.85
1;1;0;0;1;1;0;0;0;1;0;1;0;1;1;1;0;1;0;1;0;1;0;0;0;1;0;0;0;0;1;1;0;0;0;1;0;1;1;0;0;16.75
1;1;0;0;1;1;0;0;0;1;0;1;0;1;1;1;0;1;0;1;0;0;1;0;0;1;0;0;0;0;1;1;0;0;0;1;0;1;1;0;0;16.8
1;1;0;0;1;1;0;0;0;1;0;1;0;1;1;1;0;1;0;1;0;0;0;1;0;1;0;0;0;0;1;1;0;0;0;1;0;1;1;0;0;17.24
1;1;0;0;1;1;0;0;0;1;0;1;0;1;1;1;0;1;0;1;0;1;0;0;0;1;1;0;0;0;0;1;0;0;0;0;1;1;1;0;0;16.83
1;1;0;0;1;1;0;0;0;1;0;1;0;1;1;1;0;1;0;1;0;0;1;0;0;1;1;0;0;0;0;1;0;0;0;0;1;1;1;0;0;16.77
1;1;0;0;1;1;0;0;0;1;0;1;0;1;1;1;0;1;0;1;0;0;0;1;0;1;1;0;0;0;0;1;0;0;0;0;1;1;1;0;0;16.86
1;1;0;0;1;1;0;0;0;1;0;1;0;1;1;1;0;1;0;1;0;0;0;0;1;1;1;0;0;0;0;1;0;0;0;0;1;1;1;0;0;16.83
1;1;0;0;1;1;0;0;0;1;0;1;0;1;1;1;0;1;0;1;1;0;0;0;0;1;0;1;0;0;0;1;0;0;0;0;1;1;1;0;0;16.76
1;1;0;0;1;1;0;0;0;1;0;1;0;1;1;1;0;1;0;1;0;1;0;0;0;1;0;1;0;0;0;1;0;0;0;0;1;1;1;0;0;16.74
1;1;0;0;1;1;0;0;0;1;0;1;0;1;1;1;0;1;0;1;0;0;1;0;0;1;0;1;0;0;0;1;0;0;0;0;1;1;1;0;0;16.87
1;1;0;0;1;1;0;0;0;1;0;1;0;1;1;1;0;1;0;1;0;0;0;1;0;1;0;1;0;0;0;1;0;0;0;0;1;1;1;0;0;16.65
1;1;0;0;1;1;0;0;0;1;0;1;0;1;1;1;0;1;0;1;0;0;0;0;1;1;0;1;0;0;0;1;0;0;0;0;1;1;1;0;0;16.83
1;1;0;0;1;1;0;0;0;1;0;1;0;1;1;1;0;1;0;1;0;1;0;0;0;1;0;0;1;0;0;1;0;0;0;0;1;1;1;0;0;16.8
1;1;0;0;1;1;0;0;0;1;0;1;0;1;1;1;0;1;0;1;0;0;1;0;0;1;0;0;1;0;0;1;0;0;0;0;1;1;1;0;0;16.89
1;1;0;0;1;1;0;0;0;1;0;1;0;1;1;1;0;1;0;1;0;0;0;1;0;1;0;0;1;0;0;1;0;0;0;0;1;1;1;0;0;16.79
1;1;0;0;1;1;0;0;0;1;0;1;0;1;1;1;0;1;0;1;0;0;0;0;1;1;0;0;1;0;0;1;0;0;0;0;1;1;1;0;0;16.78
1;1;0;0;1;1;0;0;0;1;0;1;0;1;1;1;0;1;0;1;1;0;0;0;0;1;0;0;0;1;0;1;0;0;0;0;1;1;1;0;0;16.74
1;1;0;0;1;1;0;0;0;1;0;1;0;1;1;1;0;1;0;1;0;1;0;0;0;1;0;0;0;1;0;1;0;0;0;0;1;1;1;0;0;16.94
1;1;0;0;1;1;0;0;0;1;0;1;0;1;1;1;0;1;0;1;0;0;1;0;0;1;0;0;0;1;0;1;0;0;0;0;1;1;1;0;0;16.81
1;1;0;0;1;1;0;0;0;1;0;1;0;1;1;1;0;1;0;1;0;0;0;1;0;1;0;0;0;1;0;1;0;0;0;0;1;1;1;0;0;16.76
1;1;0;0;1;1;0;0;0;1;0;1;0;1;1;1;0;1;0;1;0;0;0;0;1;1;0;0;0;1;0;1;0;0;0;0;1;1;1;0;0;16.9
1;1;0;0;1;1;0;0;0;1;0;1;0;1;1;1;0;1;0;1;0;0;1;0;0;1;0;0;0;0;1;1;0;0;0;0;1;1;1;0;0;16.84
1;1;0;0;1;1;0;0;0;1;0;1;0;1;1;1;0;1;0;1;0;0;0;1;0;1;0;0;0;0;1;1;0;0;0;0;1;1;1;0;0;16.76
1;1;0;0;1;1;0;0;0;1;0;1;0;1;1;1;0;1;0;1;0;0;0;0;1;1;0;0;0;0;1;1;0;0;0;0;1;1;1;0;0;16.82
1;1;0;0;1;1;0;0;0;1;0;1;0;0;0;1;1;0;0;1;0;0;0;1;0;1;0;0;0;1;0;1;0;1;0;0;0;1;0;1;0;5.12
1;1;0;0;1;1;0;0;0;1;0;1;0;0;0;1;1;0;0;1;0;0;0;0;1;1;0;0;0;1;0;1;0;1;0;0;0;1;0;1;0;5.24
1;1;0;0;1;1;0;0;0;1;0;1;0;0;0;1;1;0;0;1;1;0;0;0;0;1;0;0;0;0;1;1;0;1;0;0;0;1;0;1;0;4.09
1;1;0;0;1;1;0;0;0;1;0;1;0;0;0;1;1;0;0;1;0;1;0;0;0;1;0;0;0;0;1;1;0;1;0;0;0;1;0;1;0;4.72
1;1;0;0;1;1;0;0;0;1;0;1;0;0;0;1;1;0;0;1;0;0;1;0;0;1;0;0;0;0;1;1;0;1;0;0;0;1;0;1;0;4.73
1;1;0;0;1;1;0;0;0;1;0;1;0;0;0;1;1;0;0;1;0;0;0;1;0;1;0;0;0;0;1;1;0;1;0;0;0;1;0;1;0;5.12
1;1;0;0;1;1;0;0;0;1;0;1;0;0;0;1;1;0;0;1;0;0;0;0;1;1;0;0;0;0;1;1;0;1;0;0;0;1;0;1;0;5.2
1;1;0;0;1;1;0;0;0;1;0;1;0;0;0;1;1;0;0;1;1;0;0;0;0;1;1;0;0;0;0;1;0;0;1;0;0;1;0;1;0;2.62
1;1;0;0;1;1;0;0;0;1;0;1;0;0;0;1;1;0;0;1;0;1;0;0;0;1;1;0;0;0;0;1;0;0;1;0;0;1;0;1;0;2.8
1;1;0;0;1;1;0;0;0;1;0;1;0;0;0;1;1;0;0;1;0;0;1;0;0;1;1;0;0;0;0;1;0;0;1;0;0;1;0;1;0;2.87
1;1;0;0;1;1;0;0;0;1;0;1;0;0;0;1;1;0;0;1;0;0;0;1;0;1;1;0;0;0;0;1;0;0;1;0;0;1;0;1;0;3.03
1;1;0;0;1;1;0;0;0;1;0;1;0;0;0;1;1;0;0;1;0;0;0;0;1;1;1;0;0;0;0;1;0;0;1;0;0;1;0;1;0;3.1
1;1;0;0;1;1;0;0;0;1;0;1;0;0;0;1;1;0;0;1;1;0;0;0;0;1;0;1;0;0;0;1;0;0;1;0;0;1;0;1;0;2.39
1;1;0;0;1;1;0;0;0;1;0;1;0;0;0;1;1;0;0;1;0;1;0;0;0;1;0;1;0;0;0;1;0;0;1;0;0;1;0;1;0;2.4
1;1;0;0;1;1;0;0;0;1;0;1;0;0;0;1;1;0;0;1;0;0;1;0;0;1;0;1;0;0;0;1;0;0;1;0;0;1;0;1;0;2.51
1;1;0;0;1;1;0;0;0;1;0;1;0;0;0;1;1;0;0;1;0;0;0;1;0;1;0;1;0;0;0;1;0;0;1;0;0;1;0;1;0;2.62
1;1;0;0;1;1;0;0;0;1;0;1;0;0;0;1;1;0;0;1;0;0;0;0;1;1;0;1;0;0;0;1;0;0;1;0;0;1;0;1;0;2.7
1;1;0;0;1;1;0;0;0;1;0;1;0;0;0;1;1;0;0;1;1;0;0;0;0;1;0;0;1;0;0;1;0;0;1;0;0;1;0;1;0;2.42
1;1;0;0;1;1;0;0;0;1;0;1;0;0;0;1;1;0;0;1;0;1;0;0;0;1;0;0;1;0;0;1;0;0;1;0;0;1;0;1;0;2.45
1;1;0;0;1;1;0;0;0;1;0;1;0;0;0;1;1;0;0;1;0;0;1;0;0;1;0;0;1;0;0;1;0;0;1;0;0;1;0;1;0;2.54
1;1;0;0;1;1;0;0;0;1;0;1;0;0;0;1;1;0;0;1;0;0;0;1;0;1;0;0;1;0;0;1;0;0;1;0;0;1;0;1;0;2.62
1;1;0;0;1;1;0;0;0;1;0;1;0;0;0;1;1;0;0;1;0;0;0;0;1;1;0;0;1;0;0;1;0;0;1;0;0;1;0;1;0;2.65
1;1;0;0;1;1;0;0;0;1;0;1;0;0;0;1;1;0;0;1;1;0;0;0;0;1;0;0;0;1;0;1;0;0;1;0;0;1;0;1;0;2.41
1;1;0;0;1;1;0;0;0;1;0;1;0;0;0;1;1;0;0;1;0;1;0;0;0;1;0;0;0;1;0;1;0;0;1;0;0;1;0;1;0;2.46
1;1;0;0;1;1;0;0;0;1;0;1;0;0;0;1;1;0;0;1;0;0;1;0;0;1;0;0;0;1;0;1;0;0;1;0;0;1;0;1;0;2.52
1;1;0;0;1;1;0;0;0;1;0;1;0;0;0;1;1;0;0;1;0;0;0;1;0;1;0;0;0;1;0;1;0;0;1;0;0;1;0;1;0;2.62
1;1;0;0;1;1;0;0;0;1;0;1;0;0;0;1;1;0;0;1;0;0;0;0;1;1;0;0;0;1;0;1;0;0;1;0;0;1;0;1;0;2.69
1;1;0;0;1;1;0;0;0;1;0;1;0;0;0;1;1;0;0;1;1;0;0;0;0;1;0;0;0;0;1;1;0;0;1;0;0;1;0;1;0;2.39
1;1;0;0;1;1;0;0;0;1;0;1;0;0;0;1;1;0;0;1;0;1;0;0;0;1;0;0;0;0;1;1;0;0;1;0;0;1;0;1;0;2.35
1;1;0;0;1;1;0;0;0;1;0;1;0;0;0;1;1;0;0;1;0;0;1;0;0;1;0;0;0;0;1;1;0;0;1;0;0;1;0;1;0;2.54
1;1;0;0;1;1;0;0;0;1;0;1;0;0;0;1;1;0;0;1;0;0;0;1;0;1;0;0;0;0;1;1;0;0;1;0;0;1;0;1;0;2.63
1;1;0;0;1;1;0;0;0;1;0;1;0;0;0;1;1;0;0;1;0;0;0;0;1;1;0;0;0;0;1;1;0;0;1;0;0;1;0;1;0;2.58
1;1;0;0;1;1;0;0;0;1;0;1;0;0;0;1;1;0;0;1;1;0;0;0;0;1;1;0;0;0;0;1;0;0;0;1;0;1;0;1;0;2.48
1;1;0;0;1;1;0;0;0;1;0;1;0;0;0;1;1;0;0;1;0;1;0;0;0;1;1;0;0;0;0;1;0;0;0;1;0;1;0;1;0;2.67
1;1;0;0;1;1;0;0;0;1;0;1;0;0;0;1;1;0;0;1;0;0;1;0;0;1;1;0;0;0;0;1;0;0;0;1;0;1;0;1;0;2.82
1;1;0;0;1;1;0;0;0;1;0;1;0;0;0;1;1;0;0;1;0;0;0;1;0;1;1;0;0;0;0;1;0;0;0;1;0;1;0;1;0;2.91
1;1;0;0;1;1;0;0;0;1;0;1;0;0;0;1;1;0;0;1;0;0;0;0;1;1;1;0;0;0;0;1;0;0;0;1;0;1;0;1;0;3.03
1;1;0;0;1;1;0;0;0;1;0;1;0;0;0;1;1;0;0;1;1;0;0;0;0;1;0;1;0;0;0;1;0;0;0;1;0;1;0;1;0;2.25
1;1;0;0;1;1;0;0;0;1;0;1;0;0;0;1;1;0;0;1;0;1;0;0;0;1;0;1;0;0;0;1;0;0;0;1;0;1;0;1;0;2.39
1;1;0;0;1;1;0;0;0;1;0;1;0;0;0;1;1;0;0;1;0;0;1;0;0;1;0;1;0;0;0;1;0;0;0;1;0;1;0;1;0;2.46
1;1;0;0;1;1;0;0;0;1;0;1;0;0;0;1;1;0;0;1;0;0;0;1;0;1;0;1;0;0;0;1;0;0;0;1;0;1;0;1;0;2.6
1;1;0;0;1;1;0;0;0;1;0;1;0;0;0;1;1;0;0;1;0;0;0;0;1;1;0;1;0;0;0;1;0;0;0;1;0;1;0;1;0;2.58
1;1;0;0;1;1;0;0;0;1;0;1;0;0;0;1;1;0;0;1;1;0;0;0;0;1;0;0;1;0;0;1;0;0;0;1;0;1;0;1;0;2.25
1;1;0;0;1;1;0;0;0;1;0;1;0;0;0;1;1;0;0;1;0;1;0;0;0;1;0;0;1;0;0;1;0;0;0;1;0;1;0;1;0;2.39
1;1;0;0;1;1;0;0;0;1;0;1;0;0;0;1;1;0;0;1;0;0;1;0;0;1;0;0;1;0;0;1;0;0;0;1;0;1;0;1;0;2.41
1;1;0;0;1;1;0;0;0;1;0;1;0;0;0;1;1;0;0;1;0;0;0;1;0;1;0;0;1;0;0;1;0;0;0;1;0;1;0;1;0;2.59
1;1;0;0;1;1;0;0;0;1;0;1;0;0;0;1;1;0;0;1;0;0;0;0;1;1;0;0;1;0;0;1;0;0;0;1;0;1;0;1;0;2.52
1;1;0;0;1;1;0;0;0;1;0;1;0;0;0;1;1;0;0;1;1;0;0;0;0;1;0;0;0;1;0;1;0;0;0;1;0;1;0;1;0;2.26
1;1;0;0;1;1;0;0;0;1;0;1;0;0;0;1;1;0;0;1;0;1;0;0;0;1;0;0;0;1;0;1;0;0;0;1;0;1;0;1;0;2.38
1;1;0;0;1;1;0;0;0;1;0;1;0;0;0;1;1;0;0;1;0;0;1;0;0;1;0;0;0;1;0;1;0;0;0;1;0;1;0;1;0;2.44
1;1;0;0;1;1;0;0;0;1;0;1;0;0;0;1;1;0;0;1;0;0;0;1;0;1;0;0;0;1;0;1;0;0;0;1;0;1;0;1;0;2.52
1;1;0;0;1;1;0;0;0;1;0;1;0;0;0;1;1;0;0;1;0;0;0;0;1;1;0;0;0;1;0;1;0;0;0;1;0;1;0;1;0;2.5
1;1;0;0;1;1;0;0;0;1;0;1;0;0;0;1;1;0;0;1;1;0;0;0;0;1;0;0;0;0;1;1;0;0;0;1;0;1;0;1;0;2.27
1;1;0;0;1;1;0;0;0;1;0;1;0;0;0;1;1;0;0;1;0;1;0;0;0;1;0;0;0;0;1;1;0;0;0;1;0;1;0;1;0;2.38
1;1;0;0;1;1;0;0;0;1;0;1;0;0;0;1;1;0;0;1;0;0;1;0;0;1;0;0;0;0;1;1;0;0;0;1;0;1;0;1;0;2.43
1;1;0;0;1;1;0;0;0;1;0;1;0;0;0;1;1;0;0;1;0;0;0;1;0;1;0;0;0;0;1;1;0;0;0;1;0;1;0;1;0;2.54
1;1;0;0;1;1;0;0;0;1;0;1;0;0;0;1;1;0;0;1;0;0;0;0;1;1;0;0;0;0;1;1;0;0;0;1;0;1;0;1;0;2.47
1;1;0;0;1;1;0;0;0;1;0;1;0;0;0;1;1;0;0;1;1;0;0;0;0;1;1;0;0;0;0;1;0;0;0;0;1;1;0;1;0;2.51
1;1;0;0;1;1;0;0;0;1;0;1;0;0;0;1;1;0;0;1;0;1;0;0;0;1;1;0;0;0;0;1;0;0;0;0;1;1;0;1;0;2.65
1;1;0;0;1;1;0;0;0;1;0;1;0;0;0;1;1;0;0;1;0;0;1;0;0;1;1;0;0;0;0;1;0;0;0;0;1;1;0;1;0;2.81
1;1;0;0;1;1;0;0;0;1;0;1;0;0;0;1;1;0;0;1;0;0;0;1;0;1;1;0;0;0;0;1;0;0;0;0;1;1;0;1;0;2.87
1;1;0;0;1;1;0;0;0;1;0;1;0;0;0;1;1;0;0;1;0;0;0;0;1;1;1;0;0;0;0;1;0;0;0;0;1;1;0;1;0;3.05
1;1;0;0;1;1;0;0;0;1;0;1;0;0;0;1;1;0;0;1;1;0;0;0;0;1;0;1;0;0;0;1;0;0;0;0;1;1;0;1;0;2.26
1;1;0;0;1;1;0;0;0;1;0;1;0;0;0;1;1;0;0;1;0;0;1;0;0;1;0;1;0;0;0;1;0;0;0;0;1;1;0;1;0;2.47
1;1;0;0;1;1;0;0;0;1;0;1;0;0;0;1;1;0;0;1;0;0;0;1;0;1;0;1;0;0;0;1;0;0;0;0;1;1;0;1;0;2.5
1;1;0;0;1;1;0;0;0;1;0;1;0;0;0;1;1;0;0;1;0;0;0;0;1;1;0;1;0;0;0;1;0;0;0;0;1;1;0;1;0;2.57
1;1;0;0;1;1;0;0;0;1;0;1;0;0;0;1;1;0;0;1;1;0;0;0;0;1;0;0;1;0;0;1;0;0;0;0;1;1;0;1;0;2.26
1;1;0;0;1;1;0;0;0;1;0;1;0;0;0;1;1;0;0;1;0;1;0;0;0;1;0;0;1;0;0;1;0;0;0;0;1;1;0;1;0;2.37
1;1;0;0;1;1;0;0;0;1;0;1;0;0;0;1;1;0;0;1;0;0;1;0;0;1;0;0;1;0;0;1;0;0;0;0;1;1;0;1;0;2.51
1;1;0;0;1;1;0;0;0;1;0;1;0;0;0;1;1;0;0;1;0;0;0;1;0;1;0;0;1;0;0;1;0;0;0;0;1;1;0;1;0;2.51
1;1;0;0;1;1;0;0;0;1;0;1;0;0;0;1;1;0;0;1;0;0;0;0;1;1;0;0;1;0;0;1;0;0;0;0;1;1;0;1;0;2.58
1;1;0;0;1;1;0;0;0;1;0;1;0;0;0;1;1;0;0;1;1;0;0;0;0;1;0;0;0;1;0;1;0;0;0;0;1;1;0;1;0;2.28
1;1;0;0;1;1;0;0;0;1;0;1;0;0;0;1;1;0;0;1;0;0;1;0;0;1;0;0;0;1;0;1;0;0;0;0;1;1;0;1;0;2.43
1;1;0;0;1;1;0;0;0;1;0;1;0;0;0;1;1;0;0;1;0;0;0;1;0;1;0;0;0;1;0;1;0;0;0;0;1;1;0;1;0;2.53
1;1;0;0;1;1;0;0;0;1;0;1;0;0;0;1;1;0;0;1;0;0;0;0;1;1;0;0;0;1;0;1;0;0;0;0;1;1;0;1;0;2.55
1;1;0;0;1;1;0;0;0;1;0;1;0;0;0;1;1;0;0;1;1;0;0;0;0;1;0;0;0;0;1;1;0;0;0;0;1;1;0;1;0;2.28
1;1;0;0;1;1;0;0;0;1;0;1;0;0;0;1;1;0;0;1;0;1;0;0;0;1;0;0;0;0;1;1;0;0;0;0;1;1;0;1;0;2.36
1;1;0;0;1;1;0;0;0;1;0;1;0;0;0;1;1;0;0;1;0;0;1;0;0;1;0;0;0;0;1;1;0;0;0;0;1;1;0;1;0;2.42
1;1;0;0;1;1;0;0;0;1;0;1;0;0;0;1;1;0;0;1;0;0;0;1;0;1;0;0;0;0;1;1;0;0;0;0;1;1;0;1;0;2.61
1;1;0;0;1;1;0;0;0;1;0;1;0;0;0;1;1;0;0;1;0;0;0;0;1;1;0;0;0;0;1;1;0;0;0;0;1;1;0;1;0;2.55
1;1;0;0;1;1;0;0;0;1;0;1;0;0;0;1;1;0;0;1;1;0;0;0;0;1;0;0;1;0;0;1;1;0;0;0;0;1;1;0;0;29.7
1;1;0;0;1;1;0;0;0;1;0;1;0;0;0;1;1;0;0;1;1;0;0;0;0;1;1;0;0;0;0;1;1;0;0;0;0;1;0;1;0;20.74
1;1;0;0;1;1;0;0;0;1;0;1;0;0;0;1;1;0;0;1;1;0;0;0;0;1;0;1;0;0;0;1;1;0;0;0;0;1;0;1;0;15.06
1;1;0;0;1;1;0;0;0;1;0;1;0;0;0;1;1;0;0;1;0;1;0;0;0;1;0;1;0;0;0;1;1;0;0;0;0;1;0;1;0;14.28
1;1;0;0;1;1;0;0;0;1;0;1;0;0;0;1;1;0;0;1;0;0;1;0;0;1;0;1;0;0;0;1;1;0;0;0;0;1;0;1;0;15.85
1;1;0;0;1;1;0;0;0;1;0;1;0;0;0;1;1;0;0;1;0;0;0;1;0;1;0;1;0;0;0;1;1;0;0;0;0;1;0;1;0;16.31
1;1;0;0;1;1;0;0;0;1;0;1;0;0;0;1;1;0;0;1;0;0;0;0;1;1;0;1;0;0;0;1;1;0;0;0;0;1;0;1;0;15.93
1;1;0;0;1;1;0;0;0;1;0;1;0;0;0;1;1;0;0;1;1;0;0;0;0;1;0;0;1;0;0;1;1;0;0;0;0;1;0;1;0;14.9
1;1;0;0;1;1;0;0;0;1;0;1;0;0;0;1;0;0;1;1;1;0;0;0;0;1;0;0;1;0;0;1;1;0;0;0;0;1;0;1;0;16.28
1;1;0;0;1;1;0;0;0;1;0;1;0;0;0;1;1;0;0;1;0;0;1;0;0;1;0;0;1;0;0;1;1;0;0;0;0;1;0;1;0;15.82
1;1;0;0;1;1;0;0;0;1;0;1;0;0;0;1;1;0;0;1;0;0;0;1;0;1;0;0;1;0;0;1;1;0;0;0;0;1;0;1;0;16.19
1;1;0;0;1;1;0;0;0;1;0;1;0;0;0;1;1;0;0;1;0;0;0;0;1;1;0;0;1;0;0;1;1;0;0;0;0;1;0;1;0;15.93
1;1;0;0;1;1;0;0;0;1;0;1;0;0;0;1;1;0;0;1;1;0;0;0;0;1;0;0;0;1;0;1;1;0;0;0;0;1;0;1;0;14.96
1;1;0;0;1;1;0;0;0;1;0;1;0;0;0;1;1;0;0;1;0;1;0;0;0;1;0;0;0;1;0;1;1;0;0;0;0;1;0;1;0;14.33
1;1;0;0;1;1;0;0;0;1;0;1;0;0;0;1;1;0;0;1;0;0;0;0;1;1;0;0;0;1;0;1;1;0;0;0;0;1;0;1;0;15.88
1;1;0;0;1;1;0;0;0;1;0;1;0;0;0;1;1;0;0;1;1;0;0;0;0;1;0;0;0;0;1;1;1;0;0;0;0;1;0;1;0;15.03
1;1;0;0;1;1;0;0;0;1;0;1;0;0;0;1;1;0;0;1;0;1;0;0;0;1;0;0;0;0;1;1;1;0;0;0;0;1;0;1;0;14.4
1;1;0;0;1;1;0;0;0;1;0;1;0;0;0;1;1;0;0;1;0;0;0;1;0;1;0;0;0;0;1;1;1;0;0;0;0;1;0;1;0;16.2
1;1;0;0;1;1;0;0;0;1;0;1;0;0;0;1;1;0;0;1;1;0;0;0;0;1;1;0;0;0;0;1;0;1;0;0;0;1;0;1;0;4.9
1;1;0;0;1;1;0;0;0;1;0;1;0;0;0;1;1;0;0;1;0;1;0;0;0;1;1;0;0;0;0;1;0;1;0;0;0;1;0;1;0;5.18
1;1;0;0;1;1;0;0;0;1;0;1;0;0;0;1;1;0;0;1;0;0;1;0;0;1;1;0;0;0;0;1;0;1;0;0;0;1;0;1;0;5.87
1;1;0;0;1;1;0;0;0;1;0;1;0;0;0;1;1;0;0;1;0;0;0;1;0;1;1;0;0;0;0;1;0;1;0;0;0;1;0;1;0;6.52
1;1;0;0;1;1;0;0;0;1;0;1;0;0;0;1;1;0;0;1;0;0;0;0;1;1;1;0;0;0;0;1;0;1;0;0;0;1;0;1;0;6.68
1;1;0;0;1;1;0;0;0;1;0;1;0;0;0;1;1;0;0;1;1;0;0;0;0;1;0;1;0;0;0;1;0;1;0;0;0;1;0;1;0;4.31
1;1;0;0;1;1;0;0;0;1;0;1;0;0;0;1;1;0;0;1;0;1;0;0;0;1;0;1;0;0;0;1;0;1;0;0;0;1;0;1;0;4.73
1;1;0;0;1;1;0;0;0;1;0;1;0;0;0;1;1;0;0;1;0;0;1;0;0;1;0;1;0;0;0;1;0;1;0;0;0;1;0;1;0;4.71
1;1;0;0;1;1;0;0;0;1;0;1;0;0;0;1;1;0;0;1;0;0;0;1;0;1;0;1;0;0;0;1;0;1;0;0;0;1;0;1;0;5.11
1;1;0;0;1;1;0;0;0;1;0;1;0;0;0;1;1;0;0;1;0;0;0;0;1;1;0;1;0;0;0;1;0;1;0;0;0;1;0;1;0;5.24
1;1;0;0;1;1;0;0;0;1;0;1;0;0;0;1;1;0;0;1;1;0;0;0;0;1;0;0;1;0;0;1;0;1;0;0;0;1;0;1;0;4.1
1;1;0;0;1;1;0;0;0;1;0;1;0;0;0;1;1;0;0;1;0;0;1;0;0;1;0;0;1;0;0;1;0;1;0;0;0;1;0;1;0;4.67
1;1;0;0;1;1;0;0;0;1;0;1;0;0;0;1;1;0;0;1;0;0;0;1;0;1;0;0;1;0;0;1;0;1;0;0;0;1;0;1;0;5.11
1;1;0;0;1;1;0;0;0;1;0;1;0;0;0;1;1;0;0;1;0;0;0;0;1;1;0;0;1;0;0;1;0;1;0;0;0;1;0;1;0;5.27
1;1;0;0;1;1;0;0;0;1;0;1;0;0;0;1;1;0;0;1;1;0;0;0;0;1;0;0;0;1;0;1;0;1;0;0;0;1;0;1;0;4.06
1;1;0;1;1;0;0;0;1;1;0;1;0;1;1;1;0;0;1;1;0;1;0;0;0;1;0;0;0;1;0;1;0;1;0;0;0;1;1;0;0;30.03
1;1;0;1;1;0;0;0;1;1;0;1;0;1;1;1;0;1;0;1;0;0;1;0;0;1;0;0;0;1;0;1;0;1;0;0;0;1;1;0;0;29.55
1;1;0;1;1;0;0;0;1;1;0;1;0;1;1;1;0;0;1;1;0;0;1;0;0;1;0;0;0;1;0;1;0;1;0;0;0;1;1;0;0;29.92
1;1;0;1;1;0;0;0;1;1;0;1;0;1;1;1;0;1;0;1;0;0;0;1;0;1;0;0;0;1;0;1;0;1;0;0;0;1;1;0;0;29.97
1;1;0;1;1;0;0;0;1;1;0;1;0;1;1;1;0;0;1;1;0;0;0;1;0;1;0;0;0;1;0;1;0;1;0;0;0;1;1;0;0;29.4
1;1;0;1;1;0;0;0;1;1;0;1;0;1;1;1;0;0;1;1;0;0;0;0;1;1;0;0;0;1;0;1;0;1;0;0;0;1;1;0;0;29.35
1;1;0;1;1;0;0;0;1;1;0;1;0;1;1;1;0;1;0;1;1;0;0;0;0;1;0;0;0;0;1;1;0;1;0;0;0;1;1;0;0;30.68
1;1;0;1;1;0;0;0;1;1;0;1;0;1;1;1;0;0;1;1;1;0;0;0;0;1;0;0;0;0;1;1;0;1;0;0;0;1;1;0;0;29.87
1;1;0;1;1;0;0;0;1;1;0;1;0;1;1;1;0;1;0;1;0;1;0;0;0;1;0;0;0;0;1;1;0;1;0;0;0;1;1;0;0;29.74
1;1;0;1;1;0;0;0;1;1;0;1;0;1;1;1;0;0;1;1;0;1;0;0;0;1;0;0;0;0;1;1;0;1;0;0;0;1;1;0;0;31.76
1;1;0;1;1;0;0;0;1;1;0;1;0;1;1;1;0;1;0;1;0;0;1;0;0;1;0;0;0;0;1;1;0;1;0;0;0;1;1;0;0;29.57
1;1;0;1;1;0;0;0;1;1;0;1;0;1;1;1;0;0;1;1;0;0;1;0;0;1;0;0;0;0;1;1;0;1;0;0;0;1;1;0;0;32.09
1;1;0;1;1;0;0;0;1;1;0;1;0;1;1;1;0;1;0;1;0;0;0;1;0;1;0;0;0;0;1;1;0;1;0;0;0;1;1;0;0;30.84
1;1;0;1;1;0;0;0;1;1;0;1;0;1;1;1;0;0;1;1;0;0;0;1;0;1;0;0;0;0;1;1;0;1;0;0;0;1;1;0;0;29.77
1;1;0;1;1;0;0;0;1;1;0;1;0;1;1;1;0;1;0;1;0;0;0;0;1;1;0;0;0;0;1;1;0;1;0;0;0;1;1;0;0;31.38
1;1;0;1;1;0;0;0;1;1;0;1;0;1;1;1;0;0;1;1;0;0;0;0;1;1;0;0;0;0;1;1;0;1;0;0;0;1;1;0;0;32.52
1;1;0;1;1;0;0;0;1;1;0;1;0;1;1;1;0;1;0;1;1;0;0;0;0;1;1;0;0;0;0;1;0;0;1;0;0;1;1;0;0;18.19
1;1;0;1;1;0;0;0;1;1;0;1;0;1;1;1;0;0;1;1;1;0;0;0;0;1;1;0;0;0;0;1;0;0;1;0;0;1;1;0;0;18.36
1;1;0;1;1;0;0;0;1;1;0;1;0;1;1;1;0;0;1;1;0;1;0;0;0;1;1;0;0;0;0;1;0;0;1;0;0;1;1;0;0;17.51
1;1;0;1;1;0;0;0;1;1;0;1;0;1;1;1;0;1;0;1;0;0;1;0;0;1;1;0;0;0;0;1;0;0;1;0;0;1;1;0;0;19.08
1;1;0;1;1;0;0;0;1;1;0;1;0;1;1;1;0;0;1;1;0;0;1;0;0;1;1;0;0;0;0;1;0;0;1;0;0;1;1;0;0;18.94
1;1;0;1;1;0;0;0;1;1;0;1;0;1;1;1;0;0;1;1;0;0;0;1;0;1;1;0;0;0;0;1;0;0;1;0;0;1;1;0;0;18.6
1;1;0;1;1;0;0;0;1;1;0;1;0;1;1;1;0;0;1;1;0;0;0;0;1;1;1;0;0;0;0;1;0;0;1;0;0;1;1;0;0;19.03
1;1;0;1;1;0;0;0;1;1;0;1;0;1;1;1;0;0;1;1;1;0;0;0;0;1;0;1;0;0;0;1;0;0;1;0;0;1;1;0;0;17.87
1;1;0;1;1;0;0;0;1;1;0;1;0;1;1;1;0;0;1;1;0;1;0;0;0;1;0;1;0;0;0;1;0;0;1;0;0;1;1;0;0;18.49
1;1;0;1;1;0;0;0;1;1;0;1;0;1;1;1;0;1;0;1;0;0;1;0;0;1;0;1;0;0;0;1;0;0;1;0;0;1;1;0;0;18.98
1;1;0;1;1;0;0;0;1;1;0;1;0;1;1;1;0;0;1;1;0;0;1;0;0;1;0;1;0;0;0;1;0;0;1;0;0;1;1;0;0;17.84
1;1;0;1;1;0;0;0;1;1;0;1;0;1;1;1;0;1;0;1;0;0;0;1;0;1;0;1;0;0;0;1;0;0;1;0;0;1;1;0;0;19.01
1;1;0;1;1;0;0;0;1;1;0;1;0;1;1;1;0;0;1;1;0;0;0;1;0;1;0;1;0;0;0;1;0;0;1;0;0;1;1;0;0;17.28
1;1;0;1;1;0;0;0;1;1;0;1;0;1;1;1;0;0;1;1;0;0;0;0;1;1;0;1;0;0;0;1;0;0;1;0;0;1;1;0;0;17.45
1;1;0;1;1;0;0;0;1;1;0;1;0;1;1;1;0;1;0;1;1;0;0;0;0;1;0;0;1;0;0;1;0;0;1;0;0;1;1;0;0;19.95
1;1;0;1;1;0;0;0;1;1;0;1;0;1;1;1;0;1;0;1;0;0;1;0;0;1;0;0;1;0;0;1;0;0;1;0;0;1;1;0;0;18.36
1;1;0;1;1;0;0;0;1;1;0;1;0;1;1;1;0;0;1;1;0;0;1;0;0;1;0;0;1;0;0;1;0;0;1;0;0;1;1;0;0;16.84
1;1;0;1;1;0;0;0;1;1;0;1;0;1;1;1;0;1;0;1;0;0;0;1;0;1;0;0;1;0;0;1;0;0;1;0;0;1;1;0;0;19.78
1;1;0;1;1;0;0;0;1;1;0;1;0;1;1;1;0;1;0;1;1;0;0;0;0;1;0;0;0;1;0;1;0;0;1;0;0;1;1;0;0;19.08
1;1;0;1;1;0;0;0;1;1;0;1;0;1;1;1;0;0;1;1;1;0;0;0;0;1;0;0;0;1;0;1;0;0;1;0;0;1;1;0;0;18.77
1;1;0;1;1;0;0;0;1;1;0;1;0;1;1;1;0;1;0;1;0;1;0;0;0;1;0;0;0;1;0;1;0;0;1;0;0;1;1;0;0;19.8
1;1;0;1;1;0;0;0;1;1;0;1;0;1;1;1;0;0;1;1;0;1;0;0;0;1;0;0;0;1;0;1;0;0;1;0;0;1;1;0;0;18.28
1;1;0;1;1;0;0;0;1;1;0;1;0;1;1;1;0;1;0;1;0;0;1;0;0;1;0;0;0;1;0;1;0;0;1;0;0;1;1;0;0;19.44
1;1;0;1;1;0;0;0;1;1;0;1;0;1;1;1;0;0;1;1;0;0;1;0;0;1;0;0;0;1;0;1;0;0;1;0;0;1;1;0;0;17.96
1;1;0;1;1;0;0;0;1;1;0;1;0;1;1;1;0;1;0;1;0;0;0;1;0;1;0;0;0;1;0;1;0;0;1;0;0;1;1;0;0;19.07
1;1;0;1;1;0;0;0;1;1;0;1;0;1;1;1;0;0;1;1;0;0;0;1;0;1;0;0;0;1;0;1;0;0;1;0;0;1;1;0;0;17.47
1;1;0;1;1;0;0;0;1;1;0;1;0;1;1;1;0;0;1;1;0;0;0;0;1;1;0;0;0;1;0;1;0;0;1;0;0;1;1;0;0;18.32
1;1;0;1;1;0;0;0;1;1;0;1;0;1;1;1;0;1;0;1;1;0;0;0;0;1;0;0;0;0;1;1;0;0;1;0;0;1;1;0;0;19.89
1;1;0;1;1;0;0;0;1;1;0;1;0;1;1;1;0;0;1;1;1;0;0;0;0;1;0;0;0;0;1;1;0;0;1;0;0;1;1;0;0;18.53
1;1;0;1;1;0;0;0;1;1;0;1;0;1;1;1;0;1;0;1;0;1;0;0;0;1;0;0;0;0;1;1;0;0;1;0;0;1;1;0;0;19.27
1;1;0;1;1;0;0;0;1;1;0;1;0;1;1;1;0;0;1;1;0;1;0;0;0;1;0;0;0;0;1;1;0;0;1;0;0;1;1;0;0;18.19
1;1;0;1;1;0;0;0;1;1;0;1;0;1;1;1;0;1;0;1;0;0;1;0;0;1;0;0;0;0;1;1;0;0;1;0;0;1;1;0;0;19.01
1;1;0;1;1;0;0;0;1;1;0;1;0;1;1;1;0;0;1;1;0;0;1;0;0;1;0;0;0;0;1;1;0;0;1;0;0;1;1;0;0;17.99
1;1;0;1;1;0;0;0;1;1;0;1;0;1;1;1;0;1;0;1;0;0;0;1;0;1;0;0;0;0;1;1;0;0;1;0;0;1;1;0;0;19.09
1;1;0;1;1;0;0;0;1;1;0;1;0;1;1;1;0;0;1;1;0;0;0;1;0;1;0;0;0;0;1;1;0;0;1;0;0;1;1;0;0;17.82
1;1;0;1;1;0;0;0;1;1;0;1;0;1;1;1;0;1;0;1;0;0;0;0;1;1;0;0;0;0;1;1;0;0;1;0;0;1;1;0;0;18.87
1;1;0;1;1;0;0;0;1;1;0;1;0;1;1;1;0;0;1;1;0;0;0;0;1;1;0;0;0;0;1;1;0;0;1;0;0;1;1;0;0;17.63
1;1;0;1;1;0;0;0;1;1;0;1;0;1;1;1;0;0;1;1;1;0;0;0;0;1;1;0;0;0;0;1;0;0;0;1;0;1;1;0;0;17.43
1;1;0;1;1;0;0;0;1;1;0;1;0;1;1;1;0;1;0;1;0;1;0;0;0;1;1;0;0;0;0;1;0;0;0;1;0;1;1;0;0;18.16
1;1;0;1;1;0;0;0;1;1;0;1;0;1;1;1;0;0;1;1;0;1;0;0;0;1;1;0;0;0;0;1;0;0;0;1;0;1;1;0;0;17.05
1;1;0;1;1;0;0;0;1;1;0;1;0;1;1;1;0;1;0;1;0;0;1;0;0;1;1;0;0;0;0;1;0;0;0;1;0;1;1;0;0;18.62
1;1;0;1;1;0;0;0;1;1;0;1;0;1;1;1;0;0;1;1;0;0;1;0;0;1;1;0;0;0;0;1;0;0;0;1;0;1;1;0;0;16.27
1;1;0;1;1;0;0;0;1;1;0;1;0;1;1;1;0;0;1;1;0;0;0;1;0;1;1;0;0;0;0;1;0;0;0;1;0;1;1;0;0;17.1
1;1;0;1;1;0;0;0;1;1;0;1;0;1;1;1;0;1;0;1;0;0;0;0;1;1;1;0;0;0;0;1;0;0;0;1;0;1;1;0;0;19.11
1;1;0;1;1;0;0;0;1;1;0;1;0;1;1;1;0;0;1;1;0;0;0;0;1;1;1;0;0;0;0;1;0;0;0;1;0;1;1;0;0;17.53
1;1;0;1;1;0;0;0;1;1;0;1;0;1;1;1;0;0;1;1;1;0;0;0;0;1;0;1;0;0;0;1;0;0;0;1;0;1;1;0;0;17.14
1;1;0;1;1;0;0;0;1;1;0;1;0;1;1;1;0;1;0;1;0;1;0;0;0;1;0;1;0;0;0;1;0;0;0;1;0;1;1;0;0;18.54
1;1;0;1;1;0;0;0;1;1;0;1;0;1;1;1;0;0;1;1;0;1;0;0;0;1;0;1;0;0;0;1;0;0;0;1;0;1;1;0;0;16.84
1;1;0;1;1;0;0;0;1;1;0;1;0;1;1;1;0;1;0;1;0;0;1;0;0;1;0;1;0;0;0;1;0;0;0;1;0;1;1;0;0;19.61
1;1;0;1;1;0;0;0;1;1;0;1;0;1;1;1;0;0;1;1;0;0;1;0;0;1;0;1;0;0;0;1;0;0;0;1;0;1;1;0;0;16.93
1;1;0;1;1;0;0;0;1;1;0;1;0;1;1;1;0;0;1;1;0;0;0;1;0;1;0;1;0;0;0;1;0;0;0;1;0;1;1;0;0;16.59
1;1;0;1;1;0;0;0;1;1;0;1;0;1;1;1;0;1;0;1;0;0;0;0;1;1;0;1;0;0;0;1;0;0;0;1;0;1;1;0;0;18.2
1;1;0;1;1;0;0;0;1;1;0;1;0;1;1;1;0;1;0;1;1;0;0;0;0;1;0;0;1;0;0;1;0;0;0;1;0;1;1;0;0;18.1
1;1;0;1;1;0;0;0;1;1;0;1;0;1;1;1;0;0;1;1;1;0;0;0;0;1;0;0;1;0;0;1;0;0;0;1;0;1;1;0;0;17.42
1;1;0;1;1;0;0;0;1;1;0;1;0;1;1;1;0;1;0;1;0;1;0;0;0;1;0;0;1;0;0;1;0;0;0;1;0;1;1;0;0;18.46
1;1;0;1;1;0;0;0;1;1;0;1;0;1;1;1;0;0;1;1;0;1;0;0;0;1;0;0;1;0;0;1;0;0;0;1;0;1;1;0;0;17.02
1;1;0;1;1;0;0;0;1;1;0;1;0;1;1;1;0;1;0;1;0;0;1;0;0;1;0;0;1;0;0;1;0;0;0;1;0;1;1;0;0;18.68
1;1;0;1;1;0;0;0;1;1;0;1;0;1;1;1;0;0;1;1;0;0;1;0;0;1;0;0;1;0;0;1;0;0;0;1;0;1;1;0;0;17.55
1;1;0;1;1;0;0;0;1;1;0;1;0;1;1;1;0;1;0;1;0;0;0;1;0;1;0;0;1;0;0;1;0;0;0;1;0;1;1;0;0;18.2
1;1;0;1;1;0;0;0;1;1;0;1;0;1;1;1;0;0;1;1;0;0;0;1;0;1;0;0;1;0;0;1;0;0;0;1;0;1;1;0;0;17.45
1;1;0;1;1;0;0;0;1;1;0;1;0;1;1;1;0;1;0;1;0;0;0;0;1;1;0;0;1;0;0;1;0;0;0;1;0;1;1;0;0;19.2
1;1;0;1;1;0;0;0;1;1;0;1;0;1;1;1;0;0;1;1;0;0;0;0;1;1;0;0;1;0;0;1;0;0;0;1;0;1;1;0;0;17.41
1;1;0;1;1;0;0;0;1;1;0;1;0;1;1;1;0;1;0;1;1;0;0;0;0;1;0;0;0;1;0;1;0;0;0;1;0;1;1;0;0;18.71
1;1;0;1;1;0;0;0;1;1;0;1;0;1;1;1;0;0;1;1;1;0;0;0;0;1;0;0;0;1;0;1;0;0;0;1;0;1;1;0;0;17.5
1;1;0;1;1;0;0;0;1;1;0;1;0;1;1;1;0;1;0;1;0;1;0;0;0;1;0;0;0;1;0;1;0;0;0;1;0;1;1;0;0;18.45
1;1;0;1;1;0;0;0;1;1;0;1;0;1;1;1;0;0;1;1;0;1;0;0;0;1;0;0;0;1;0;1;0;0;0;1;0;1;1;0;0;17.66
1;1;0;1;1;0;0;0;1;1;0;1;0;1;1;1;0;1;0;1;0;0;1;0;0;1;0;0;0;1;0;1;0;0;0;1;0;1;1;0;0;18.36
1;1;0;1;1;0;0;0;1;1;0;1;0;1;1;1;0;0;1;1;0;0;1;0;0;1;0;0;0;1;0;1;0;0;0;1;0;1;1;0;0;16.98
1;1;0;1;1;0;0;0;1;1;0;1;0;1;1;1;0;1;0;1;0;0;0;1;0;1;0;0;0;1;0;1;0;0;0;1;0;1;1;0;0;19.29
1;1;0;1;1;0;0;0;1;1;0;1;0;1;1;1;0;0;1;1;0;0;0;1;0;1;0;0;0;1;0;1;0;0;0;1;0;1;1;0;0;16.64
1;1;0;1;1;0;0;0;1;1;0;1;0;1;1;1;0;1;0;1;0;0;0;0;1;1;0;0;0;1;0;1;0;0;0;1;0;1;1;0;0;18.74
1;1;0;1;1;0;0;0;1;1;0;1;0;1;1;1;0;0;1;1;0;0;0;0;1;1;0;0;0;1;0;1;0;0;0;1;0;1;1;0;0;16.5
1;1;0;1;1;0;0;0;1;1;0;1;0;1;1;1;0;1;0;1;1;0;0;0;0;1;0;0;0;0;1;1;0;0;0;1;0;1;1;0;0;19.14
1;1;0;1;1;0;0;0;1;1;0;1;0;1;1;1;0;0;1;1;1;0;0;0;0;1;0;0;0;0;1;1;0;0;0;1;0;1;1;0;0;16.59
1;1;0;1;1;0;0;0;1;1;0;1;0;1;1;1;0;1;0;1;0;1;0;0;0;1;0;0;0;0;1;1;0;0;0;1;0;1;1;0;0;18.62
1;1;0;1;1;0;0;0;1;1;0;1;0;1;1;1;0;0;1;1;0;1;0;0;0;1;0;0;0;0;1;1;0;0;0;1;0;1;1;0;0;16.83
1;1;0;1;1;0;0;0;1;1;0;1;0;1;1;1;0;1;0;1;0;0;1;0;0;1;0;0;0;0;1;1;0;0;0;1;0;1;1;0;0;19.69
1;1;0;1;1;0;0;0;1;1;0;1;0;1;1;1;0;0;1;1;0;0;1;0;0;1;0;0;0;0;1;1;0;0;0;1;0;1;1;0;0;17.42
1;1;0;1;1;0;0;0;1;1;0;1;0;1;1;1;0;1;0;1;0;0;0;1;0;1;0;0;0;0;1;1;0;0;0;1;0;1;1;0;0;19.52
1;1;0;1;1;0;0;0;1;1;0;1;0;1;1;1;0;0;1;1;0;0;0;1;0;1;0;0;0;0;1;1;0;0;0;1;0;1;1;0;0;17.3
1;1;0;1;1;0;0;0;1;1;0;1;0;1;1;1;0;1;0;1;0;0;0;0;1;1;0;0;0;0;1;1;0;0;0;1;0;1;1;0;0;18.85
1;1;0;1;1;0;0;0;1;1;0;1;0;1;1;1;0;0;1;1;0;0;0;0;1;1;0;0;0;0;1;1;0;0;0;1;0;1;1;0;0;16.48
1;1;0;1;1;0;0;0;1;1;0;1;0;1;1;1;0;1;0;1;1;0;0;0;0;1;1;0;0;0;0;1;0;0;0;0;1;1;1;0;0;18.75
1;1;0;1;1;0;0;0;1;1;0;1;0;1;1;1;0;0;1;1;1;0;0;0;0;1;1;0;0;0;0;1;0;0;0;0;1;1;1;0;0;18.11
1;1;0;1;1;0;0;0;1;1;0;1;0;1;1;1;0;1;0;1;0;1;0;0;0;1;1;0;0;0;0;1;0;0;0;0;1;1;1;0;0;19.05
1;1;0;1;1;0;0;0;1;1;0;1;0;1;1;1;0;0;1;1;0;1;0;0;0;1;1;0;0;0;0;1;0;0;0;0;1;1;1;0;0;16.8
1;1;0;1;1;0;0;0;1;1;0;1;0;1;1;1;0;1;0;1;0;0;1;0;0;1;1;0;0;0;0;1;0;0;0;0;1;1;1;0;0;18.16
1;1;0;1;1;0;0;0;1;1;0;1;0;1;1;1;0;0;1;1;0;0;1;0;0;1;1;0;0;0;0;1;0;0;0;0;1;1;1;0;0;17.09
1;1;0;1;1;0;0;0;1;1;0;1;0;1;1;1;0;1;0;1;0;0;0;1;0;1;1;0;0;0;0;1;0;0;0;0;1;1;1;0;0;19.3
1;1;0;1;1;0;0;0;1;1;0;1;0;1;1;1;0;0;1;1;0;0;0;1;0;1;1;0;0;0;0;1;0;0;0;0;1;1;1;0;0;17.13
1;1;0;1;1;0;0;0;1;1;0;1;0;1;1;1;0;1;0;1;0;0;0;0;1;1;1;0;0;0;0;1;0;0;0;0;1;1;1;0;0;18.8
1;1;0;1;1;0;0;0;1;1;0;1;0;1;1;1;0;0;1;1;0;0;0;0;1;1;1;0;0;0;0;1;0;0;0;0;1;1;1;0;0;16.85
1;1;0;1;1;0;0;0;1;1;0;1;0;1;1;1;0;1;0;1;1;0;0;0;0;1;0;1;0;0;0;1;0;0;0;0;1;1;1;0;0;19.36
1;1;0;1;1;0;0;0;1;1;0;1;0;1;1;1;0;0;1;1;1;0;0;0;0;1;0;1;0;0;0;1;0;0;0;0;1;1;1;0;0;17.44
1;1;0;1;1;0;0;0;1;1;0;1;0;1;1;1;0;1;0;1;0;1;0;0;0;1;0;1;0;0;0;1;0;0;0;0;1;1;1;0;0;18.54
1;1;0;1;1;0;0;0;1;1;0;1;0;1;1;1;0;0;1;1;0;1;0;0;0;1;0;1;0;0;0;1;0;0;0;0;1;1;1;0;0;18.29
1;1;0;1;1;0;0;0;1;1;0;1;0;1;1;1;0;1;0;1;0;0;1;0;0;1;0;1;0;0;0;1;0;0;0;0;1;1;1;0;0;19.6
1;1;0;1;1;0;0;0;1;1;0;1;0;1;1;1;0;0;1;1;0;0;1;0;0;1;0;1;0;0;0;1;0;0;0;0;1;1;1;0;0;17.77
1;1;0;1;1;0;0;0;1;1;0;1;0;1;1;1;0;1;0;1;0;0;0;1;0;1;0;1;0;0;0;1;0;0;0;0;1;1;1;0;0;19.04
1;1;0;1;1;0;0;0;1;1;0;1;0;1;1;1;0;1;0;1;1;0;0;0;0;1;0;0;1;0;0;1;0;0;0;0;1;1;1;0;0;18.52
1;1;0;1;1;0;0;0;1;1;0;1;0;1;1;1;0;0;1;1;1;0;0;0;0;1;0;0;1;0;0;1;0;0;0;0;1;1;1;0;0;17.81
1;1;0;1;1;0;0;0;1;1;0;1;0;1;1;1;0;1;0;1;0;1;0;0;0;1;0;0;1;0;0;1;0;0;0;0;1;1;1;0;0;18.88
1;1;0;1;1;0;0;0;1;1;0;1;0;1;1;1;0;0;1;1;0;1;0;0;0;1;0;0;1;0;0;1;0;0;0;0;1;1;1;0;0;16.66
1;1;0;1;1;0;0;0;1;1;0;1;0;1;1;1;0;1;0;1;0;0;1;0;0;1;0;0;1;0;0;1;0;0;0;0;1;1;1;0;0;20.07
1;1;0;1;1;0;0;0;1;1;0;1;0;1;1;1;0;0;1;1;0;0;1;0;0;1;0;0;1;0;0;1;0;0;0;0;1;1;1;0;0;17.42
1;1;0;1;1;0;0;0;1;1;0;1;0;1;1;1;0;1;0;1;0;0;0;1;0;1;0;0;1;0;0;1;0;0;0;0;1;1;1;0;0;19.38
1;1;0;1;1;0;0;0;1;1;0;1;0;1;1;1;0;0;1;1;0;0;0;0;1;1;0;0;1;0;0;1;0;0;0;0;1;1;1;0;0;17.33
1;1;0;1;1;0;0;0;1;1;0;1;0;1;1;1;0;1;0;1;1;0;0;0;0;1;0;0;0;1;0;1;0;0;0;0;1;1;1;0;0;19.11
1;1;0;1;1;0;0;0;1;1;0;1;0;1;1;1;0;0;1;1;1;0;0;0;0;1;0;0;0;1;0;1;0;0;0;0;1;1;1;0;0;16.23
1;1;0;1;1;0;0;0;1;1;0;1;0;1;1;1;0;1;0;1;0;1;0;0;0;1;0;0;0;1;0;1;0;0;0;0;1;1;1;0;0;18.25
1;1;0;1;1;0;0;0;1;1;0;1;0;1;1;1;0;0;1;1;0;1;0;0;0;1;0;0;0;1;0;1;0;0;0;0;1;1;1;0;0;17.13
1;1;0;1;1;0;0;0;1;1;0;1;0;1;1;1;0;1;0;1;0;0;1;0;0;1;0;0;0;1;0;1;0;0;0;0;1;1;1;0;0;18.36
1;1;0;1;1;0;0;0;1;1;0;1;0;1;1;1;0;0;1;1;0;0;1;0;0;1;0;0;0;1;0;1;0;0;0;0;1;1;1;0;0;17.32
1;1;0;1;1;0;0;0;1;1;0;1;0;1;1;1;0;1;0;1;0;0;0;1;0;1;0;0;0;1;0;1;0;0;0;0;1;1;1;0;0;18.66
1;1;0;1;1;0;0;0;1;1;0;1;0;1;1;1;0;0;1;1;0;0;0;1;0;1;0;0;0;1;0;1;0;0;0;0;1;1;1;0;0;17.21
1;1;0;1;1;0;0;0;1;1;0;1;0;1;1;1;0;1;0;1;1;0;0;0;0;1;0;0;0;0;1;1;0;0;0;0;1;1;1;0;0;17.52
1;1;0;1;1;0;0;0;1;1;0;1;0;1;1;1;0;0;1;1;1;0;0;0;0;1;0;0;0;0;1;1;0;0;0;0;1;1;1;0;0;17.74
1;1;0;1;1;0;0;0;1;1;0;1;0;1;1;1;0;1;0;1;0;1;0;0;0;1;0;0;0;0;1;1;0;0;0;0;1;1;1;0;0;17.28
1;1;0;1;1;0;0;0;1;1;0;1;0;1;1;1;0;0;1;1;0;1;0;0;0;1;0;0;0;0;1;1;0;0;0;0;1;1;1;0;0;16.96
1;1;0;1;1;0;0;0;1;1;0;1;0;1;1;1;0;1;0;1;0;0;1;0;0;1;0;0;0;0;1;1;0;0;0;0;1;1;1;0;0;18.11
1;1;0;1;1;0;0;0;1;1;0;1;0;1;1;1;0;0;1;1;0;0;1;0;0;1;0;0;0;0;1;1;0;0;0;0;1;1;1;0;0;17.44
1;1;0;1;1;0;0;0;1;1;0;1;0;1;1;1;0;1;0;1;0;0;0;1;0;1;0;0;0;0;1;1;0;0;0;0;1;1;1;0;0;18.42
1;1;0;1;1;0;0;0;1;1;0;1;0;1;1;1;0;0;1;1;0;0;0;1;0;1;0;0;0;0;1;1;0;0;0;0;1;1;1;0;0;17.29
1;1;0;1;1;0;0;0;1;1;0;1;0;1;1;1;0;1;0;1;0;0;0;0;1;1;0;0;0;0;1;1;0;0;0;0;1;1;1;0;0;18.73
1;1;0;1;1;0;0;0;1;1;0;1;0;1;1;1;0;0;1;1;0;0;0;0;1;1;0;0;0;0;1;1;0;0;0;0;1;1;1;0;0;16.49
1;1;0;0;1;0;0;0;1;1;0;1;0;1;1;1;0;1;0;1;1;0;0;0;0;1;1;0;0;0;0;1;1;0;0;0;0;1;0;0;1;41.36
1;1;0;0;1;0;0;0;1;1;0;1;0;1;1;1;0;1;0;1;0;1;0;0;0;1;1;0;0;0;0;1;1;0;0;0;0;1;0;0;1;41.47
1;1;0;0;1;0;0;0;1;1;0;1;0;1;1;1;0;1;0;1;0;0;1;0;0;1;1;0;0;0;0;1;1;0;0;0;0;1;0;0;1;42.34
1;1;0;0;1;0;0;0;1;1;0;1;0;1;1;1;1;0;0;1;0;0;0;1;0;1;1;0;0;0;0;1;1;0;0;0;0;1;0;0;1;33.88
1;1;0;0;1;0;0;0;1;1;0;1;0;1;1;1;0;1;0;1;0;0;0;1;0;1;1;0;0;0;0;1;1;0;0;0;0;1;0;0;1;41.77
1;1;0;0;1;0;0;0;1;1;0;1;0;1;1;1;1;0;0;1;0;0;0;0;1;1;1;0;0;0;0;1;1;0;0;0;0;1;0;0;1;33.76
1;1;0;0;1;0;0;0;1;1;0;1;0;1;1;1;0;1;0;1;0;0;0;0;1;1;1;0;0;0;0;1;1;0;0;0;0;1;0;0;1;41.68
1;1;0;0;1;0;0;0;1;1;0;1;0;1;1;1;0;1;0;1;1;0;0;0;0;1;0;1;0;0;0;1;1;0;0;0;0;1;0;0;1;25.24
1;1;0;0;1;0;0;0;1;1;0;1;0;1;1;1;0;1;0;1;0;1;0;0;0;1;0;1;0;0;0;1;1;0;0;0;0;1;0;0;1;25.26
1;1;0;0;1;0;0;0;1;1;0;1;0;1;1;1;0;1;0;1;0;0;1;0;0;1;0;1;0;0;0;1;1;0;0;0;0;1;0;0;1;25.17
1;1;0;0;1;0;0;0;1;1;0;1;0;1;1;1;1;0;0;1;0;0;0;1;0;1;0;1;0;0;0;1;1;0;0;0;0;1;0;0;1;21.37
1;1;0;0;1;0;0;0;1;1;0;1;0;1;1;1;0;1;0;1;0;0;0;1;0;1;0;1;0;0;0;1;1;0;0;0;0;1;0;0;1;25.48
1;1;0;0;1;0;0;0;1;1;0;1;0;1;1;1;0;1;0;1;0;0;0;0;1;1;0;1;0;0;0;1;1;0;0;0;0;1;0;0;1;25.09
1;1;0;0;1;0;0;0;1;1;0;1;0;1;1;1;0;1;0;1;1;0;0;0;0;1;0;0;1;0;0;1;1;0;0;0;0;1;0;0;1;24.9
1;1;0;0;1;0;0;0;1;1;0;1;0;1;1;1;1;0;0;1;0;1;0;0;0;1;0;0;1;0;0;1;1;0;0;0;0;1;0;0;1;20.83
1;1;0;0;1;0;0;0;1;1;0;1;0;1;1;1;0;1;0;1;0;1;0;0;0;1;0;0;1;0;0;1;1;0;0;0;0;1;0;0;1;25.08
1;1;0;0;1;0;0;0;1;1;0;1;0;1;1;1;0;1;0;1;0;0;1;0;0;1;0;0;1;0;0;1;1;0;0;0;0;1;0;0;1;25.12
1;1;0;0;1;0;0;0;1;1;0;1;0;1;1;1;0;1;0;1;0;0;0;1;0;1;0;0;1;0;0;1;1;0;0;0;0;1;0;0;1;25.08
1;1;0;0;1;0;0;0;1;1;0;1;0;1;1;1;1;0;0;1;0;0;0;0;1;1;0;0;1;0;0;1;1;0;0;0;0;1;0;0;1;21.55
1;1;0;0;1;0;0;0;1;1;0;1;0;1;1;1;0;1;0;1;0;0;0;0;1;1;0;0;1;0;0;1;1;0;0;0;0;1;0;0;1;25.17
1;1;0;0;1;0;0;0;1;1;0;1;0;1;1;1;1;0;0;1;1;0;0;0;0;1;0;0;0;1;0;1;1;0;0;0;0;1;0;0;1;21.25
1;1;0;0;1;0;0;0;1;1;0;1;0;1;1;1;0;1;0;1;1;0;0;0;0;1;0;0;0;1;0;1;1;0;0;0;0;1;0;0;1;25.2
1;1;0;0;1;0;0;0;1;1;0;1;0;1;1;1;1;0;0;1;0;1;0;0;0;1;0;0;0;1;0;1;1;0;0;0;0;1;0;0;1;21.31
1;1;0;0;1;0;0;0;1;1;0;1;0;1;1;1;0;1;0;1;0;1;0;0;0;1;0;0;0;1;0;1;1;0;0;0;0;1;0;0;1;25.13
1;1;0;0;1;0;0;0;1;1;0;1;0;1;1;1;0;1;0;1;0;0;1;0;0;1;0;0;0;1;0;1;1;0;0;0;0;1;0;0;1;26.12
1;1;0;0;1;0;0;0;1;1;0;1;0;1;1;1;1;0;0;1;0;0;0;1;0;1;0;0;0;1;0;1;1;0;0;0;0;1;0;0;1;21.09
1;1;0;0;1;0;0;0;1;1;0;1;0;1;1;1;0;1;0;1;0;0;0;1;0;1;0;0;0;1;0;1;1;0;0;0;0;1;0;0;1;25.36
1;1;0;0;1;0;0;0;1;1;0;1;0;1;1;1;1;0;0;1;0;0;0;0;1;1;0;0;0;1;0;1;1;0;0;0;0;1;0;0;1;22.08
1;1;0;0;1;0;0;0;1;1;0;1;0;1;1;1;0;1;0;1;0;0;0;0;1;1;0;0;0;1;0;1;1;0;0;0;0;1;0;0;1;25.08
1;1;0;0;1;0;0;0;1;1;0;1;0;1;1;1;0;1;0;1;1;0;0;0;0;1;0;0;0;0;1;1;1;0;0;0;0;1;0;0;1;25.53
1;1;0;0;1;0;0;0;1;1;0;1;0;1;1;1;0;1;0;1;0;1;0;0;0;1;0;0;0;0;1;1;1;0;0;0;0;1;0;0;1;25.19
1;1;0;0;1;0;0;0;1;1;0;1;0;1;1;1;0;1;0;1;0;0;1;0;0;1;0;0;0;0;1;1;1;0;0;0;0;1;0;0;1;25.71
1;1;0;0;1;0;0;0;1;1;0;1;0;1;1;1;0;1;0;1;0;0;0;1;0;1;0;0;0;0;1;1;1;0;0;0;0;1;0;0;1;25.78
1;1;0;0;1;0;0;0;1;1;0;1;0;1;1;1;0;1;0;1;0;0;0;0;1;1;0;0;0;0;1;1;1;0;0;0;0;1;0;0;1;25.97
1;1;0;0;1;0;0;0;1;1;0;1;0;1;1;1;1;0;0;1;1;0;0;0;0;1;1;0;0;0;0;1;0;1;0;0;0;1;0;0;1;14
1;1;0;0;1;0;0;0;1;1;0;1;0;1;1;1;0;1;0;1;1;0;0;0;0;1;1;0;0;0;0;1;0;1;0;0;0;1;0;0;1;17.25
1;1;0;0;1;0;0;0;1;1;0;1;0;1;1;1;1;0;0;1;0;1;0;0;0;1;1;0;0;0;0;1;0;1;0;0;0;1;0;0;1;14.53
1;1;0;0;1;0;0;0;1;1;0;1;0;1;1;1;0;1;0;1;0;1;0;0;0;1;1;0;0;0;0;1;0;1;0;0;0;1;0;0;1;17.06
1;1;0;0;1;0;0;0;1;1;0;1;0;1;1;1;1;0;0;1;0;0;1;0;0;1;1;0;0;0;0;1;0;1;0;0;0;1;0;0;1;14.06
1;1;0;0;1;0;0;0;1;1;0;1;0;1;1;1;0;1;0;1;0;0;1;0;0;1;1;0;0;0;0;1;0;1;0;0;0;1;0;0;1;16.96
1;1;0;0;1;0;0;0;1;1;0;1;0;1;1;1;1;0;0;1;0;0;0;1;0;1;1;0;0;0;0;1;0;1;0;0;0;1;0;0;1;14.06
1;1;0;0;1;0;0;0;1;1;0;1;0;1;1;1;0;1;0;1;0;0;0;1;0;1;1;0;0;0;0;1;0;1;0;0;0;1;0;0;1;17.34
1;1;0;0;1;0;0;0;1;1;0;1;0;1;1;1;1;0;0;1;0;0;0;0;1;1;1;0;0;0;0;1;0;1;0;0;0;1;0;0;1;13.95
1;1;0;0;1;0;0;0;1;1;0;1;0;1;1;1;0;1;0;1;0;0;0;0;1;1;1;0;0;0;0;1;0;1;0;0;0;1;0;0;1;16.97
1;1;0;0;1;0;0;0;1;1;0;1;0;1;1;1;1;0;0;1;1;0;0;0;0;1;0;1;0;0;0;1;0;1;0;0;0;1;0;0;1;9.88
1;1;0;0;1;0;0;0;1;1;0;1;0;1;1;1;0;1;0;1;0;1;0;0;0;1;0;1;0;0;0;1;0;1;0;0;0;1;0;0;1;11.7
1;1;0;0;1;0;0;0;1;1;0;1;0;1;1;1;0;1;0;1;0;0;1;0;0;1;0;1;0;0;0;1;0;1;0;0;0;1;0;0;1;12.13
1;1;0;0;1;0;0;0;1;1;0;1;0;1;1;1;1;0;0;1;0;0;0;1;0;1;0;1;0;0;0;1;0;1;0;0;0;1;0;0;1;9.82
1;1;0;0;1;0;0;0;1;1;0;1;0;1;1;1;0;1;0;1;0;0;0;1;0;1;0;1;0;0;0;1;0;1;0;0;0;1;0;0;1;11.06
1;1;0;0;1;0;0;0;1;1;0;1;0;1;1;1;0;1;0;1;0;0;0;0;1;1;0;1;0;0;0;1;0;1;0;0;0;1;0;0;1;11.19
1;1;0;0;1;0;0;0;1;1;0;1;0;1;1;1;1;0;0;1;1;0;0;0;0;1;0;0;1;0;0;1;0;1;0;0;0;1;0;0;1;9.91
1;1;0;0;1;0;0;0;1;1;0;1;0;1;1;1;0;1;0;1;1;0;0;0;0;1;0;0;1;0;0;1;0;1;0;0;0;1;0;0;1;11.46
1;1;0;0;1;0;0;0;1;1;0;1;0;1;1;1;1;0;0;1;0;1;0;0;0;1;0;0;1;0;0;1;0;1;0;0;0;1;0;0;1;9.99
1;1;0;0;1;0;0;0;1;1;0;1;0;1;1;1;0;1;0;1;0;1;0;0;0;1;0;0;1;0;0;1;0;1;0;0;0;1;0;0;1;12.65
1;1;0;0;1;0;0;0;1;1;0;1;0;1;1;1;1;0;0;1;0;0;1;0;0;1;0;0;1;0;0;1;0;1;0;0;0;1;0;0;1;9.91
1;1;0;0;1;0;0;0;1;1;0;1;0;1;1;1;0;1;0;1;0;0;1;0;0;1;0;0;1;0;0;1;0;1;0;0;0;1;0;0;1;11.47
1;1;0;0;1;0;0;0;1;1;0;1;0;1;1;1;1;0;0;1;0;0;0;1;0;1;0;0;1;0;0;1;0;1;0;0;0;1;0;0;1;9.94
1;1;0;0;1;0;0;0;1;1;0;1;0;1;1;1;0;1;0;1;0;0;0;1;0;1;0;0;1;0;0;1;0;1;0;0;0;1;0;0;1;11.04
1;1;0;0;1;0;0;0;1;1;0;1;0;1;1;1;1;0;0;1;0;0;0;0;1;1;0;0;1;0;0;1;0;1;0;0;0;1;0;0;1;9.67
1;1;0;0;1;0;0;0;1;1;0;1;0;1;1;1;0;1;0;1;0;0;0;0;1;1;0;0;1;0;0;1;0;1;0;0;0;1;0;0;1;11.11
1;1;0;0;1;0;0;0;1;1;0;1;0;1;1;1;1;0;0;1;1;0;0;0;0;1;0;0;0;1;0;1;0;1;0;0;0;1;0;0;1;9.81
1;1;0;0;1;0;0;0;1;1;0;1;0;1;1;1;0;1;0;1;1;0;0;0;0;1;0;0;0;1;0;1;0;1;0;0;0;1;0;0;1;11.07
1;1;0;0;1;0;0;0;1;1;0;1;0;1;1;1;1;0;0;1;0;1;0;0;0;1;0;0;0;1;0;1;0;1;0;0;0;1;0;0;1;10.04
1;1;0;0;1;0;0;0;1;1;0;1;0;1;1;1;0;1;0;1;0;1;0;0;0;1;0;0;0;1;0;1;0;1;0;0;0;1;0;0;1;11.06
1;1;0;0;1;0;0;0;1;1;0;1;0;1;1;1;1;0;0;1;0;0;1;0;0;1;0;0;0;1;0;1;0;1;0;0;0;1;0;0;1;9.92
1;1;0;0;1;0;0;0;1;1;0;1;0;1;1;1;0;1;0;1;0;0;1;0;0;1;0;0;0;1;0;1;0;1;0;0;0;1;0;0;1;11.11
1;1;0;0;1;0;0;0;1;1;0;1;0;1;1;1;1;0;0;1;0;0;0;1;0;1;0;0;0;1;0;1;0;1;0;0;0;1;0;0;1;9.86
1;1;0;0;1;0;0;0;1;1;0;1;0;1;1;1;0;1;0;1;0;0;0;1;0;1;0;0;0;1;0;1;0;1;0;0;0;1;0;0;1;11.03
1;1;0;0;1;0;0;0;1;1;0;1;0;1;1;1;1;0;0;1;0;0;0;0;1;1;0;0;0;1;0;1;0;1;0;0;0;1;0;0;1;9.37
1;1;0;0;1;0;0;0;1;1;0;1;0;1;1;1;0;1;0;1;0;0;0;0;1;1;0;0;0;1;0;1;0;1;0;0;0;1;0;0;1;11.13
1;1;0;0;1;0;0;0;1;1;0;1;0;1;1;1;0;1;0;1;1;0;0;0;0;1;0;0;0;0;1;1;0;1;0;0;0;1;0;0;1;11.01
1;1;0;0;1;0;0;0;1;1;0;1;0;1;1;1;1;0;0;1;0;1;0;0;0;1;0;0;0;0;1;1;0;1;0;0;0;1;0;0;1;9.79
1;1;0;0;1;0;0;0;1;1;0;1;0;1;1;1;0;1;0;1;0;1;0;0;0;1;0;0;0;0;1;1;0;1;0;0;0;1;0;0;1;11.39
1;1;0;0;1;0;0;0;1;1;0;1;0;1;1;1;0;1;0;1;0;0;1;0;0;1;0;0;0;0;1;1;0;1;0;0;0;1;0;0;1;11.12
1;1;0;0;1;0;0;0;1;1;0;1;0;1;1;1;1;0;0;1;0;0;0;1;0;1;0;0;0;0;1;1;0;1;0;0;0;1;0;0;1;10.14
1;1;0;0;1;0;0;0;1;1;0;1;0;1;1;1;0;1;0;1;0;0;0;1;0;1;0;0;0;0;1;1;0;1;0;0;0;1;0;0;1;11.31
1;1;0;0;1;0;0;0;1;1;0;1;0;1;1;1;1;0;0;1;0;0;0;0;1;1;0;0;0;0;1;1;0;1;0;0;0;1;0;0;1;9.99
1;1;0;0;1;0;0;0;1;1;0;1;0;1;1;1;0;1;0;1;0;0;0;0;1;1;0;0;0;0;1;1;0;1;0;0;0;1;0;0;1;11.29
1;1;0;0;1;0;0;0;1;1;0;1;0;1;1;1;1;0;0;1;1;0;0;0;0;1;1;0;0;0;0;1;0;0;1;0;0;1;0;0;1;9.21
1;1;0;0;1;0;0;0;1;1;0;1;0;1;1;1;0;1;0;1;1;0;0;0;0;1;1;0;0;0;0;1;0;0;1;0;0;1;0;0;1;10.92
1;1;0;0;1;0;0;0;1;1;0;1;0;1;1;1;0;1;0;1;0;1;0;0;0;1;1;0;0;0;0;1;0;0;1;0;0;1;0;0;1;10.33
1;1;0;0;1;0;0;0;1;1;0;1;0;1;1;1;1;0;0;1;0;0;1;0;0;1;1;0;0;0;0;1;0;0;1;0;0;1;0;0;1;9.2
1;1;0;0;1;0;0;0;1;1;0;1;0;1;1;1;0;1;0;1;0;0;1;0;0;1;1;0;0;0;0;1;0;0;1;0;0;1;0;0;1;10.32
1;1;0;0;1;0;0;0;1;1;0;1;0;1;1;1;1;0;0;1;0;0;0;1;0;1;1;0;0;0;0;1;0;0;1;0;0;1;0;0;1;9.16
1;1;0;0;1;0;0;0;1;1;0;1;0;1;1;1;0;1;0;1;0;0;0;1;0;1;1;0;0;0;0;1;0;0;1;0;0;1;0;0;1;10.76
1;1;0;0;1;0;0;0;1;1;0;1;0;1;1;1;0;1;0;1;0;0;0;0;1;1;1;0;0;0;0;1;0;0;1;0;0;1;0;0;1;10.33
1;1;0;0;1;0;0;0;1;1;0;1;0;1;1;1;0;1;0;1;1;0;0;0;0;1;0;1;0;0;0;1;0;0;1;0;0;1;0;0;1;7.49
1;1;0;0;1;0;0;0;1;1;0;1;0;1;1;1;0;1;0;1;0;1;0;0;0;1;0;1;0;0;0;1;0;0;1;0;0;1;0;0;1;7.25
1;1;0;0;1;0;0;0;1;1;0;1;0;1;1;1;0;1;0;1;0;0;1;0;0;1;0;1;0;0;0;1;0;0;1;0;0;1;0;0;1;7.28
1;1;0;0;1;0;0;0;1;1;0;1;0;1;1;1;0;1;0;1;0;0;0;1;0;1;0;1;0;0;0;1;0;0;1;0;0;1;0;0;1;7.51
1;1;0;0;1;0;0;0;1;1;0;1;0;1;1;1;1;0;0;1;0;0;0;0;1;1;0;1;0;0;0;1;0;0;1;0;0;1;0;0;1;7.11
1;1;0;0;1;0;0;0;1;1;0;1;0;1;1;1;0;1;0;1;0;0;0;0;1;1;0;1;0;0;0;1;0;0;1;0;0;1;0;0;1;7.62
1;1;0;0;1;0;0;0;1;1;0;1;0;1;1;1;1;0;0;1;1;0;0;0;0;1;0;0;1;0;0;1;0;0;1;0;0;1;0;0;1;7.06
1;1;0;0;1;0;0;0;1;1;0;1;0;1;1;1;0;1;0;1;0;1;0;0;0;1;0;0;1;0;0;1;0;0;1;0;0;1;0;0;1;7.45
1;1;0;0;1;0;0;0;1;1;0;1;0;1;1;1;1;0;0;1;0;0;1;0;0;1;0;0;1;0;0;1;0;0;1;0;0;1;0;0;1;6.98
1;1;0;0;1;0;0;0;1;1;0;1;0;1;1;1;0;1;0;1;0;0;1;0;0;1;0;0;1;0;0;1;0;0;1;0;0;1;0;0;1;7.56
1;1;0;0;1;0;0;0;1;1;0;1;0;1;1;1;1;0;0;1;0;0;0;1;0;1;0;0;1;0;0;1;0;0;1;0;0;1;0;0;1;7.12
1;1;0;0;1;0;0;0;1;1;0;1;0;1;1;1;0;1;0;1;0;0;0;1;0;1;0;0;1;0;0;1;0;0;1;0;0;1;0;0;1;7.58
1;1;0;0;1;0;0;0;1;1;0;1;0;1;1;1;1;0;0;1;0;0;0;0;1;1;0;0;1;0;0;1;0;0;1;0;0;1;0;0;1;7.08
1;1;0;0;1;0;0;0;1;1;0;1;0;1;1;1;0;1;0;1;0;0;0;0;1;1;0;0;1;0;0;1;0;0;1;0;0;1;0;0;1;7.18
1;1;0;0;1;0;0;0;1;1;0;1;0;1;1;1;1;0;0;1;1;0;0;0;0;1;0;0;0;1;0;1;0;0;1;0;0;1;0;0;1;7.12
1;1;0;0;1;0;0;0;1;1;0;1;0;1;1;1;0;1;0;1;1;0;0;0;0;1;0;0;0;1;0;1;0;0;1;0;0;1;0;0;1;7.55
1;1;0;0;1;0;0;0;1;1;0;1;0;1;1;1;0;1;0;1;0;1;0;0;0;1;0;0;0;1;0;1;0;0;1;0;0;1;0;0;1;7.36
1;1;0;0;1;0;0;0;1;1;0;1;0;1;1;1;1;0;0;1;0;0;1;0;0;1;0;0;0;1;0;1;0;0;1;0;0;1;0;0;1;6.97
1;1;0;0;1;0;0;0;1;1;0;1;0;1;1;1;1;0;0;1;0;0;0;1;0;1;0;0;0;1;0;1;0;0;1;0;0;1;0;0;1;7.14
1;1;0;0;1;0;0;0;1;1;0;1;0;1;1;1;0;1;0;1;0;0;0;1;0;1;0;0;0;1;0;1;0;0;1;0;0;1;0;0;1;7.47
1;1;0;0;1;0;0;0;1;1;0;1;0;1;1;1;1;0;0;1;0;0;0;0;1;1;0;0;0;1;0;1;0;0;1;0;0;1;0;0;1;7.16
1;1;0;0;1;0;0;0;1;1;0;1;0;1;1;1;1;0;0;1;1;0;0;0;0;1;0;0;0;0;1;1;0;0;1;0;0;1;0;0;1;6.98
1;1;0;0;1;0;0;0;1;1;0;1;0;1;1;1;1;0;0;1;0;1;0;0;0;1;0;0;0;0;1;1;0;0;1;0;0;1;0;0;1;7.23
1;1;0;0;1;0;0;0;1;1;0;1;0;1;1;1;0;1;0;1;0;1;0;0;0;1;0;0;0;0;1;1;0;0;1;0;0;1;0;0;1;7.43
1;1;0;0;1;0;0;0;1;1;0;1;0;1;1;1;0;1;0;1;0;0;1;0;0;1;0;0;0;0;1;1;0;0;1;0;0;1;0;0;1;7.41
1;1;0;0;1;0;0;0;1;1;0;1;0;1;1;1;1;0;0;1;0;0;0;1;0;1;0;0;0;0;1;1;0;0;1;0;0;1;0;0;1;7.04
1;1;0;0;1;0;0;0;1;1;0;1;0;1;1;1;0;1;0;1;0;0;0;1;0;1;0;0;0;0;1;1;0;0;1;0;0;1;0;0;1;7.44
1;1;0;0;1;0;0;0;1;1;0;1;0;1;1;1;1;0;0;1;0;0;0;0;1;1;0;0;0;0;1;1;0;0;1;0;0;1;0;0;1;7.14
1;1;0;0;1;0;0;0;1;1;0;1;0;1;1;1;0;1;0;1;0;0;0;0;1;1;0;0;0;0;1;1;0;0;1;0;0;1;0;0;1;7.41
1;1;0;0;1;0;0;0;1;1;0;1;0;1;1;1;1;0;0;1;1;0;0;0;0;1;1;0;0;0;0;1;0;0;0;1;0;1;0;0;1;7.62
1;1;0;0;1;0;0;0;1;1;0;1;0;1;1;1;0;1;0;1;1;0;0;0;0;1;1;0;0;0;0;1;0;0;0;1;0;1;0;0;1;10.13
1;1;0;0;1;0;0;0;1;1;0;1;0;1;1;1;1;0;0;1;0;1;0;0;0;1;1;0;0;0;0;1;0;0;0;1;0;1;0;0;1;7.4
1;1;0;0;1;0;0;0;1;1;0;1;0;1;1;1;0;1;0;1;0;1;0;0;0;1;1;0;0;0;0;1;0;0;0;1;0;1;0;0;1;10.13
1;1;0;0;1;0;0;0;1;1;0;1;0;1;1;1;1;0;0;1;0;0;1;0;0;1;1;0;0;0;0;1;0;0;0;1;0;1;0;0;1;7.44
1;1;0;0;1;0;0;0;1;1;0;1;0;1;1;1;0;1;0;1;0;0;1;0;0;1;1;0;0;0;0;1;0;0;0;1;0;1;0;0;1;10.1
1;1;0;0;1;0;0;0;1;1;0;1;0;1;1;1;1;0;0;1;0;0;0;1;0;1;1;0;0;0;0;1;0;0;0;1;0;1;0;0;1;7.47
1;1;0;0;1;0;0;0;1;1;0;1;0;1;1;1;0;1;0;1;0;0;0;1;0;1;1;0;0;0;0;1;0;0;0;1;0;1;0;0;1;10.11
1;1;0;0;1;0;0;0;1;1;0;1;0;1;1;1;1;0;0;1;0;0;0;0;1;1;1;0;0;0;0;1;0;0;0;1;0;1;0;0;1;7.45
1;1;0;0;1;0;0;0;1;1;0;1;0;1;1;1;0;1;0;1;1;0;0;0;0;1;0;1;0;0;0;1;0;0;0;1;0;1;0;0;1;6.63
1;1;0;0;1;0;0;0;1;1;0;1;0;1;1;1;1;0;0;1;0;1;0;0;0;1;0;1;0;0;0;1;0;0;0;1;0;1;0;0;1;5.47
1;1;0;0;1;0;0;0;1;1;0;1;0;1;1;1;0;1;0;1;0;1;0;0;0;1;0;1;0;0;0;1;0;0;0;1;0;1;0;0;1;6.64
1;1;0;0;1;0;0;0;1;1;0;1;0;1;1;1;0;1;0;1;0;0;1;0;0;1;0;1;0;0;0;1;0;0;0;1;0;1;0;0;1;6.81
1;1;0;0;1;0;0;0;1;1;0;1;0;1;1;1;1;0;0;1;0;0;0;1;0;1;0;1;0;0;0;1;0;0;0;1;0;1;0;0;1;5.06
1;1;0;0;1;0;0;0;1;1;0;1;0;1;1;1;0;1;0;1;0;0;0;1;0;1;0;1;0;0;0;1;0;0;0;1;0;1;0;0;1;6.55
1;1;0;0;1;0;0;0;1;1;0;1;0;1;1;1;0;1;0;1;0;0;0;0;1;1;0;1;0;0;0;1;0;0;0;1;0;1;0;0;1;6.83
1;1;0;0;1;0;0;0;1;1;0;1;0;1;1;1;1;0;0;1;1;0;0;0;0;1;0;0;1;0;0;1;0;0;0;1;0;1;0;0;1;5.06
1;1;0;0;1;0;0;0;1;1;0;1;0;1;1;1;0;1;0;1;1;0;0;0;0;1;0;0;1;0;0;1;0;0;0;1;0;1;0;0;1;6.78
1;1;0;0;1;0;0;0;1;1;0;1;0;1;1;1;0;1;0;1;0;1;0;0;0;1;0;0;1;0;0;1;0;0;0;1;0;1;0;0;1;6.59
1;1;0;0;1;0;0;0;1;1;0;1;0;1;1;1;0;1;0;1;0;0;1;0;0;1;0;0;1;0;0;1;0;0;0;1;0;1;0;0;1;6.86
1;1;0;0;1;0;0;0;1;1;0;1;0;1;1;1;1;0;0;1;0;0;0;1;0;1;0;0;1;0;0;1;0;0;0;1;0;1;0;0;1;5.31
1;1;0;0;1;0;0;0;1;1;0;1;0;1;1;1;0;1;0;1;0;0;0;1;0;1;0;0;1;0;0;1;0;0;0;1;0;1;0;0;1;6.62
1;1;0;0;1;0;0;0;1;1;0;1;0;1;1;1;0;1;0;1;0;0;0;0;1;1;0;0;1;0;0;1;0;0;0;1;0;1;0;0;1;6.94
1;1;0;0;1;0;0;0;1;1;0;1;0;1;1;1;1;0;0;1;1;0;0;0;0;1;0;0;0;1;0;1;0;0;0;1;0;1;0;0;1;5.11
1;1;0;0;1;0;0;0;1;1;0;1;0;1;1;1;0;1;0;1;1;0;0;0;0;1;0;0;0;1;0;1;0;0;0;1;0;1;0;0;1;7.24
1;1;0;0;1;0;0;0;1;1;0;1;0;1;1;1;1;0;0;1;0;1;0;0;0;1;0;0;0;1;0;1;0;0;0;1;0;1;0;0;1;5.37
1;1;0;0;1;0;0;0;1;1;0;1;0;1;1;1;0;1;0;1;0;1;0;0;0;1;0;0;0;1;0;1;0;0;0;1;0;1;0;0;1;6.76
1;1;0;0;1;0;0;0;1;1;0;1;0;1;1;1;0;1;0;1;0;0;1;0;0;1;0;0;0;1;0;1;0;0;0;1;0;1;0;0;1;6.64
1;1;0;0;1;0;0;0;1;1;0;1;0;1;1;1;1;0;0;1;0;0;0;1;0;1;0;0;0;1;0;1;0;0;0;1;0;1;0;0;1;5.31
1;1;0;0;1;0;0;0;1;1;0;1;0;1;1;1;0;1;0;1;0;0;0;1;0;1;0;0;0;1;0;1;0;0;0;1;0;1;0;0;1;6.67
1;1;0;0;1;0;0;0;1;1;0;1;0;1;1;1;1;0;0;1;0;0;0;0;1;1;0;0;0;1;0;1;0;0;0;1;0;1;0;0;1;5.42
1;1;0;0;1;0;0;0;1;1;0;1;0;1;1;1;0;1;0;1;0;0;0;0;1;1;0;0;0;1;0;1;0;0;0;1;0;1;0;0;1;6.77
1;1;0;0;1;0;0;0;1;1;0;1;0;1;1;1;1;0;0;1;1;0;0;0;0;1;0;0;0;0;1;1;0;0;0;1;0;1;0;0;1;5.11
1;1;0;0;1;0;0;0;1;1;0;1;0;1;1;1;0;1;0;1;1;0;0;0;0;1;0;0;0;0;1;1;0;0;0;1;0;1;0;0;1;6.63
1;1;0;0;1;0;0;0;1;1;0;1;0;1;1;1;1;0;0;1;0;1;0;0;0;1;0;0;0;0;1;1;0;0;0;1;0;1;0;0;1;5.07
1;1;0;0;1;0;0;0;1;1;0;1;0;1;1;1;0;1;0;1;0;1;0;0;0;1;0;0;0;0;1;1;0;0;0;1;0;1;0;0;1;6.76
1;1;0;0;1;0;0;0;1;1;0;1;0;1;1;1;1;0;0;1;0;0;1;0;0;1;0;0;0;0;1;1;0;0;0;1;0;1;0;0;1;5.08
1;1;0;0;1;0;0;0;1;1;0;1;0;1;1;1;0;1;0;1;0;0;1;0;0;1;0;0;0;0;1;1;0;0;0;1;0;1;0;0;1;6.59
1;1;0;0;1;0;0;0;1;1;0;1;0;1;1;1;1;0;0;1;0;0;0;1;0;1;0;0;0;0;1;1;0;0;0;1;0;1;0;0;1;5.22
1;1;0;0;1;0;0;0;1;1;0;1;0;1;1;1;0;1;0;1;0;0;0;1;0;1;0;0;0;0;1;1;0;0;0;1;0;1;0;0;1;6.93
1;1;0;0;1;0;0;0;1;1;0;1;0;1;1;1;0;1;0;1;0;0;0;0;1;1;0;0;0;0;1;1;0;0;0;1;0;1;0;0;1;6.63
1;1;0;0;1;0;0;0;1;1;0;1;0;1;1;1;1;0;0;1;1;0;0;0;0;1;1;0;0;0;0;1;0;0;0;0;1;1;0;0;1;7.48
1;1;0;0;1;0;0;0;1;1;0;1;0;1;1;1;0;1;0;1;1;0;0;0;0;1;1;0;0;0;0;1;0;0;0;0;1;1;0;0;1;10.2
1;1;0;0;1;0;0;0;1;1;0;1;0;1;1;1;1;0;0;1;0;1;0;0;0;1;1;0;0;0;0;1;0;0;0;0;1;1;0;0;1;7.65
1;1;0;0;1;0;0;0;1;1;0;1;0;1;1;1;0;1;0;1;0;1;0;0;0;1;1;0;0;0;0;1;0;0;0;0;1;1;0;0;1;10.05
1;1;0;0;1;0;0;0;1;1;0;1;0;1;1;1;1;0;0;1;0;0;1;0;0;1;1;0;0;0;0;1;0;0;0;0;1;1;0;0;1;7.44
1;1;0;0;1;0;0;0;1;1;0;1;0;1;1;1;0;1;0;1;0;0;1;0;0;1;1;0;0;0;0;1;0;0;0;0;1;1;0;0;1;10.16
1;1;0;0;1;0;0;0;1;1;0;1;0;1;1;1;1;0;0;1;0;0;0;1;0;1;1;0;0;0;0;1;0;0;0;0;1;1;0;0;1;7.42
1;1;0;0;1;0;0;0;1;1;0;1;0;1;1;1;0;1;0;1;0;0;0;1;0;1;1;0;0;0;0;1;0;0;0;0;1;1;0;0;1;10.13
1;1;0;0;1;0;0;0;1;1;0;1;0;1;1;1;1;0;0;1;0;0;0;0;1;1;1;0;0;0;0;1;0;0;0;0;1;1;0;0;1;7.42
1;1;0;0;1;0;0;0;1;1;0;1;0;1;1;1;0;1;0;1;0;0;0;0;1;1;1;0;0;0;0;1;0;0;0;0;1;1;0;0;1;10.13
1;1;0;0;1;0;0;0;1;1;0;1;0;1;1;1;0;1;0;1;1;0;0;0;0;1;0;1;0;0;0;1;0;0;0;0;1;1;0;0;1;6.62
1;1;0;0;1;0;0;0;1;1;0;1;0;1;1;1;1;0;0;1;0;1;0;0;0;1;0;1;0;0;0;1;0;0;0;0;1;1;0;0;1;5.29
1;1;0;0;1;0;0;0;1;1;0;1;0;1;1;1;0;1;0;1;0;1;0;0;0;1;0;1;0;0;0;1;0;0;0;0;1;1;0;0;1;6.76
1;1;0;0;1;0;0;0;1;1;0;1;0;1;1;1;0;1;0;1;0;0;1;0;0;1;0;1;0;0;0;1;0;0;0;0;1;1;0;0;1;6.64
1;1;0;0;1;0;0;0;1;1;0;1;0;1;1;1;1;0;0;1;0;0;0;1;0;1;0;1;0;0;0;1;0;0;0;0;1;1;0;0;1;5.58
1;1;0;0;1;0;0;0;1;1;0;1;0;1;1;1;0;1;0;1;0;0;0;1;0;1;0;1;0;0;0;1;0;0;0;0;1;1;0;0;1;6.68
1;1;0;0;1;0;0;0;1;1;0;1;0;1;1;1;0;1;0;1;0;0;0;0;1;1;0;1;0;0;0;1;0;0;0;0;1;1;0;0;1;6.58
1;1;0;0;1;0;0;0;1;1;0;1;0;1;1;1;1;0;0;1;1;0;0;0;0;1;0;0;1;0;0;1;0;0;0;0;1;1;0;0;1;5.11
1;1;0;0;1;0;0;0;1;1;0;1;0;1;1;1;0;1;0;1;1;0;0;0;0;1;0;0;1;0;0;1;0;0;0;0;1;1;0;0;1;6.87
1;1;0;0;1;0;0;0;1;1;0;1;0;1;1;1;1;0;0;1;0;1;0;0;0;1;0;0;1;0;0;1;0;0;0;0;1;1;0;0;1;5.1
1;1;0;0;1;0;0;0;1;1;0;1;0;1;1;1;0;1;0;1;0;1;0;0;0;1;0;0;1;0;0;1;0;0;0;0;1;1;0;0;1;6.8
1;1;0;0;1;0;0;0;1;1;0;1;0;1;1;1;0;1;0;1;0;0;1;0;0;1;0;0;1;0;0;1;0;0;0;0;1;1;0;0;1;6.65
1;1;0;0;1;0;0;0;1;1;0;1;0;1;1;1;1;0;0;1;0;0;0;1;0;1;0;0;1;0;0;1;0;0;0;0;1;1;0;0;1;5.5
1;1;0;0;1;0;0;0;1;1;0;1;0;1;1;1;0;1;0;1;0;0;0;1;0;1;0;0;1;0;0;1;0;0;0;0;1;1;0;0;1;6.53
1;1;0;0;1;0;0;0;1;1;0;1;0;1;1;1;1;0;0;1;0;0;0;0;1;1;0;0;1;0;0;1;0;0;0;0;1;1;0;0;1;5.31
1;1;0;0;1;0;0;0;1;1;0;1;0;1;1;1;0;1;0;1;0;0;0;0;1;1;0;0;1;0;0;1;0;0;0;0;1;1;0;0;1;6.62
1;1;0;0;1;0;0;0;1;1;0;1;0;1;1;1;1;0;0;1;1;0;0;0;0;1;0;0;0;1;0;1;0;0;0;0;1;1;0;0;1;5.14
1;1;0;0;1;0;0;0;1;1;0;1;0;1;1;1;0;1;0;1;1;0;0;0;0;1;0;0;0;1;0;1;0;0;0;0;1;1;0;0;1;6.78
1;1;0;0;1;0;0;0;1;1;0;1;0;1;1;1;1;0;0;1;0;1;0;0;0;1;0;0;0;1;0;1;0;0;0;0;1;1;0;0;1;5.35
1;1;0;0;1;0;0;0;1;1;0;1;0;1;1;1;0;1;0;1;0;1;0;0;0;1;0;0;0;1;0;1;0;0;0;0;1;1;0;0;1;6.65
1;1;0;0;1;0;0;0;1;1;0;1;0;1;1;1;1;0;0;1;0;0;1;0;0;1;0;0;0;1;0;1;0;0;0;0;1;1;0;0;1;5.31
1;1;0;0;1;0;0;0;1;1;0;1;0;1;1;1;0;1;0;1;0;0;1;0;0;1;0;0;0;1;0;1;0;0;0;0;1;1;0;0;1;6.93
1;1;0;0;1;0;0;0;1;1;0;1;0;1;1;1;0;1;0;1;0;0;0;1;0;1;0;0;0;1;0;1;0;0;0;0;1;1;0;0;1;6.61
1;1;0;0;1;0;0;0;1;1;0;1;0;1;1;1;1;0;0;1;0;0;0;0;1;1;0;0;0;1;0;1;0;0;0;0;1;1;0;0;1;5.49
1;1;0;0;1;0;0;0;1;1;0;1;0;1;1;1;0;1;0;1;0;0;0;0;1;1;0;0;0;1;0;1;0;0;0;0;1;1;0;0;1;6.65
1;1;0;0;1;0;0;0;1;1;0;1;0;1;1;1;1;0;0;1;1;0;0;0;0;1;0;0;0;0;1;1;0;0;0;0;1;1;0;0;1;5.1
1;1;0;0;1;0;0;0;1;1;0;1;0;1;1;1;0;1;0;1;1;0;0;0;0;1;0;0;0;0;1;1;0;0;0;0;1;1;0;0;1;6.78
1;1;0;0;1;0;0;0;1;1;0;1;0;1;1;1;1;0;0;1;0;1;0;0;0;1;0;0;0;0;1;1;0;0;0;0;1;1;0;0;1;5.12
1;1;0;0;1;0;0;0;1;1;0;1;0;1;1;1;0;1;0;1;0;1;0;0;0;1;0;0;0;0;1;1;0;0;0;0;1;1;0;0;1;6.63
1;1;0;0;1;0;0;0;1;1;0;1;0;1;1;1;1;0;0;1;0;0;1;0;0;1;0;0;0;0;1;1;0;0;0;0;1;1;0;0;1;5.15
1;1;0;0;1;0;0;0;1;1;0;1;0;1;1;1;0;1;0;1;0;0;1;0;0;1;0;0;0;0;1;1;0;0;0;0;1;1;0;0;1;6.65
1;1;0;0;1;0;0;0;1;1;0;1;0;1;1;1;1;0;0;1;0;0;0;1;0;1;0;0;0;0;1;1;0;0;0;0;1;1;0;0;1;5.11
1;1;0;0;1;0;0;0;1;1;0;1;0;1;1;1;0;1;0;1;0;0;0;1;0;1;0;0;0;0;1;1;0;0;0;0;1;1;0;0;1;6.7
1;1;0;0;1;0;0;0;1;1;0;1;0;1;1;1;1;0;0;1;0;0;0;0;1;1;0;0;0;0;1;1;0;0;0;0;1;1;0;0;1;5.53
1;1;0;0;1;0;0;0;1;1;0;1;0;1;1;1;0;1;0;1;0;0;0;0;1;1;0;0;0;0;1;1;0;0;0;0;1;1;0;0;1;6.67
1;1;0;1;1;0;0;0;1;1;0;1;0;1;1;1;0;1;0;1;1;0;0;0;0;1;1;0;0;0;0;1;1;0;0;0;0;1;1;0;0;77.78
1;1;0;1;1;0;0;0;1;1;0;1;0;1;1;1;0;0;1;1;1;0;0;0;0;1;1;0;0;0;0;1;1;0;0;0;0;1;1;0;0;76.19
1;1;0;1;1;0;0;0;1;1;0;1;0;1;1;1;0;1;0;1;0;1;0;0;0;1;1;0;0;0;0;1;1;0;0;0;0;1;1;0;0;76.57
1;1;0;1;1;0;0;0;1;1;0;1;0;1;1;1;0;0;1;1;0;1;0;0;0;1;1;0;0;0;0;1;1;0;0;0;0;1;1;0;0;77.16
1;1;0;1;1;0;0;0;1;1;0;1;0;1;1;1;0;1;0;1;0;0;1;0;0;1;1;0;0;0;0;1;1;0;0;0;0;1;1;0;0;78.69
1;1;0;1;1;0;0;0;1;1;0;1;0;1;1;1;0;0;1;1;0;0;1;0;0;1;1;0;0;0;0;1;1;0;0;0;0;1;1;0;0;76.85
1;1;0;1;1;0;0;0;1;1;0;1;0;1;1;1;0;1;0;1;0;0;0;1;0;1;1;0;0;0;0;1;1;0;0;0;0;1;1;0;0;77.86
1;1;0;1;1;0;0;0;1;1;0;1;0;1;1;1;0;0;1;1;0;0;0;1;0;1;1;0;0;0;0;1;1;0;0;0;0;1;1;0;0;77.06
1;1;0;1;1;0;0;0;1;1;0;1;0;1;1;1;0;0;1;1;0;0;0;0;1;1;1;0;0;0;0;1;1;0;0;0;0;1;1;0;0;76.34
1;1;0;1;1;0;0;0;1;1;0;1;0;1;1;1;0;1;0;1;1;0;0;0;0;1;0;1;0;0;0;1;1;0;0;0;0;1;1;0;0;76.87
1;1;0;1;1;0;0;0;1;1;0;1;0;1;1;1;0;0;1;1;1;0;0;0;0;1;0;1;0;0;0;1;1;0;0;0;0;1;1;0;0;76.89
1;1;0;1;1;0;0;0;1;1;0;1;0;1;1;1;0;1;0;1;0;1;0;0;0;1;0;1;0;0;0;1;1;0;0;0;0;1;1;0;0;76.55
1;1;0;1;1;0;0;0;1;1;0;1;0;1;1;1;0;0;1;1;0;1;0;0;0;1;0;1;0;0;0;1;1;0;0;0;0;1;1;0;0;76.85
1;1;0;1;1;0;0;0;1;1;0;1;0;1;1;1;0;1;0;1;0;0;1;0;0;1;0;1;0;0;0;1;1;0;0;0;0;1;1;0;0;77.3
1;1;0;1;1;0;0;0;1;1;0;1;0;1;1;1;0;0;1;1;0;0;1;0;0;1;0;1;0;0;0;1;1;0;0;0;0;1;1;0;0;76.3
1;1;0;1;1;0;0;0;1;1;0;1;0;1;1;1;0;1;0;1;0;0;0;1;0;1;0;1;0;0;0;1;1;0;0;0;0;1;1;0;0;76.83
1;1;0;1;1;0;0;0;1;1;0;1;0;1;1;1;0;0;1;1;0;0;0;1;0;1;0;1;0;0;0;1;1;0;0;0;0;1;1;0;0;76.73
1;1;0;1;1;0;0;0;1;1;0;1;0;1;1;1;0;1;0;1;0;0;0;0;1;1;0;1;0;0;0;1;1;0;0;0;0;1;1;0;0;77.27
1;1;0;1;1;0;0;0;1;1;0;1;0;1;1;1;0;0;1;1;0;0;0;0;1;1;0;1;0;0;0;1;1;0;0;0;0;1;1;0;0;76.95
1;1;0;1;1;0;0;0;1;1;0;1;0;1;1;1;0;1;0;1;1;0;0;0;0;1;0;0;1;0;0;1;1;0;0;0;0;1;1;0;0;76.95
1;1;0;1;1;0;0;0;1;1;0;1;0;1;1;1;0;1;0;1;0;1;0;0;0;1;0;0;1;0;0;1;1;0;0;0;0;1;1;0;0;77.44
1;1;0;1;1;0;0;0;1;1;0;1;0;1;1;1;0;0;1;1;0;1;0;0;0;1;0;0;1;0;0;1;1;0;0;0;0;1;1;0;0;77.91
1;1;0;1;1;0;0;0;1;1;0;1;0;1;1;1;0;1;0;1;0;0;1;0;0;1;0;0;1;0;0;1;1;0;0;0;0;1;1;0;0;76.8
1;1;0;1;1;0;0;0;1;1;0;1;0;1;1;1;0;0;1;1;0;0;1;0;0;1;0;0;1;0;0;1;1;0;0;0;0;1;1;0;0;77.19
1;1;0;1;1;0;0;0;1;1;0;1;0;1;1;1;0;0;1;1;0;0;0;1;0;1;0;0;1;0;0;1;1;0;0;0;0;1;1;0;0;76.36
1;1;0;1;1;0;0;0;1;1;0;1;0;1;1;1;0;0;1;1;0;0;0;0;1;1;0;0;1;0;0;1;1;0;0;0;0;1;1;0;0;76.82
1;1;0;1;1;0;0;0;1;1;0;1;0;1;1;1;0;1;0;1;1;0;0;0;0;1;0;0;0;1;0;1;1;0;0;0;0;1;1;0;0;77.18
1;1;0;1;1;0;0;0;1;1;0;1;0;1;1;1;0;0;1;1;1;0;0;0;0;1;0;0;0;1;0;1;1;0;0;0;0;1;1;0;0;76.28
1;1;0;1;1;0;0;0;1;1;0;1;0;1;1;1;0;1;0;1;0;1;0;0;0;1;0;0;0;1;0;1;1;0;0;0;0;1;1;0;0;76.77
1;1;0;1;1;0;0;0;1;1;0;1;0;1;1;1;0;0;1;1;0;1;0;0;0;1;0;0;0;1;0;1;1;0;0;0;0;1;1;0;0;76.93
1;1;0;1;1;0;0;0;1;1;0;1;0;1;1;1;0;1;0;1;0;0;1;0;0;1;0;0;0;1;0;1;1;0;0;0;0;1;1;0;0;76.65
1;1;0;1;1;0;0;0;1;1;0;1;0;1;1;1;0;0;1;1;0;0;1;0;0;1;0;0;0;1;0;1;1;0;0;0;0;1;1;0;0;76.39
1;1;0;1;1;0;0;0;1;1;0;1;0;1;1;1;0;1;0;1;0;0;0;1;0;1;0;0;0;1;0;1;1;0;0;0;0;1;1;0;0;77.94
1;1;0;1;1;0;0;0;1;1;0;1;0;1;1;1;0;0;1;1;0;0;0;1;0;1;0;0;0;1;0;1;1;0;0;0;0;1;1;0;0;76.29
1;1;0;1;1;0;0;0;1;1;0;1;0;1;1;1;0;1;0;1;0;0;0;0;1;1;0;0;0;1;0;1;1;0;0;0;0;1;1;0;0;76.5
1;1;0;1;1;0;0;0;1;1;0;1;0;1;1;1;0;0;1;1;0;0;0;0;1;1;0;0;0;1;0;1;1;0;0;0;0;1;1;0;0;76.37
1;1;0;1;1;0;0;0;1;1;0;1;0;1;1;1;0;1;0;1;1;0;0;0;0;1;0;0;0;0;1;1;1;0;0;0;0;1;1;0;0;76.82
1;1;0;1;1;0;0;0;1;1;0;1;0;1;1;1;0;0;1;1;1;0;0;0;0;1;0;0;0;0;1;1;1;0;0;0;0;1;1;0;0;76.35
1;1;0;1;1;0;0;0;1;1;0;1;0;1;1;1;0;1;0;1;0;1;0;0;0;1;0;0;0;0;1;1;1;0;0;0;0;1;1;0;0;76.84
1;1;0;1;1;0;0;0;1;1;0;1;0;1;1;1;0;0;1;1;0;1;0;0;0;1;0;0;0;0;1;1;1;0;0;0;0;1;1;0;0;76.5
1;1;0;1;1;0;0;0;1;1;0;1;0;1;1;1;0;1;0;1;0;0;1;0;0;1;0;0;0;0;1;1;1;0;0;0;0;1;1;0;0;76.73
1;1;0;1;1;0;0;0;1;1;0;1;0;1;1;1;0;0;1;1;0;0;1;0;0;1;0;0;0;0;1;1;1;0;0;0;0;1;1;0;0;78.78
1;1;0;1;1;0;0;0;1;1;0;1;0;1;1;1;0;1;0;1;0;0;0;1;0;1;0;0;0;0;1;1;1;0;0;0;0;1;1;0;0;77.63
1;1;0;1;1;0;0;0;1;1;0;1;0;1;1;1;0;0;1;1;0;0;0;1;0;1;0;0;0;0;1;1;1;0;0;0;0;1;1;0;0;76.18
1;1;0;1;1;0;0;0;1;1;0;1;0;1;1;1;0;1;0;1;0;0;0;0;1;1;0;0;0;0;1;1;1;0;0;0;0;1;1;0;0;76.63
1;1;0;1;1;0;0;0;1;1;0;1;0;1;1;1;0;0;1;1;0;0;0;0;1;1;0;0;0;0;1;1;1;0;0;0;0;1;1;0;0;77.6
1;1;0;1;1;0;0;0;1;1;0;1;0;1;1;1;0;1;0;1;1;0;0;0;0;1;1;0;0;0;0;1;0;1;0;0;0;1;1;0;0;29.66
1;1;0;1;1;0;0;0;1;1;0;1;0;1;1;1;0;0;1;1;1;0;0;0;0;1;1;0;0;0;0;1;0;1;0;0;0;1;1;0;0;29.34
1;1;0;1;1;0;0;0;1;1;0;1;0;1;1;1;0;1;0;1;0;1;0;0;0;1;1;0;0;0;0;1;0;1;0;0;0;1;1;0;0;29.52
1;1;0;1;1;0;0;0;1;1;0;1;0;1;1;1;0;0;1;1;0;1;0;0;0;1;1;0;0;0;0;1;0;1;0;0;0;1;1;0;0;29.89
1;1;0;1;1;0;0;0;1;1;0;1;0;1;1;1;0;1;0;1;0;0;1;0;0;1;1;0;0;0;0;1;0;1;0;0;0;1;1;0;0;29.39
1;1;0;1;1;0;0;0;1;1;0;1;0;1;1;1;0;0;1;1;0;0;1;0;0;1;1;0;0;0;0;1;0;1;0;0;0;1;1;0;0;29.18
1;1;0;1;1;0;0;0;1;1;0;1;0;1;1;1;0;1;0;1;0;0;0;1;0;1;1;0;0;0;0;1;0;1;0;0;0;1;1;0;0;29.56
1;1;0;1;1;0;0;0;1;1;0;1;0;1;1;1;0;0;1;1;0;0;0;1;0;1;1;0;0;0;0;1;0;1;0;0;0;1;1;0;0;29.67
1;1;0;1;1;0;0;0;1;1;0;1;0;1;1;1;0;1;0;1;0;0;0;0;1;1;1;0;0;0;0;1;0;1;0;0;0;1;1;0;0;29.52
1;1;0;1;1;0;0;0;1;1;0;1;0;1;1;1;0;0;1;1;0;0;0;0;1;1;1;0;0;0;0;1;0;1;0;0;0;1;1;0;0;29.37
1;1;0;1;1;0;0;0;1;1;0;1;0;1;1;1;0;0;1;1;1;0;0;0;0;1;0;1;0;0;0;1;0;1;0;0;0;1;1;0;0;29.71
1;1;0;1;1;0;0;0;1;1;0;1;0;1;1;1;0;1;0;1;0;1;0;0;0;1;0;1;0;0;0;1;0;1;0;0;0;1;1;0;0;29.6
1;1;0;1;1;0;0;0;1;1;0;1;0;1;1;1;0;0;1;1;0;1;0;0;0;1;0;1;0;0;0;1;0;1;0;0;0;1;1;0;0;29.56
1;1;0;1;1;0;0;0;1;1;0;1;0;1;1;1;0;1;0;1;0;0;1;0;0;1;0;1;0;0;0;1;0;1;0;0;0;1;1;0;0;30.08
1;1;0;1;1;0;0;0;1;1;0;1;0;1;1;1;0;0;1;1;0;0;1;0;0;1;0;1;0;0;0;1;0;1;0;0;0;1;1;0;0;29.35
1;1;0;1;1;0;0;0;1;1;0;1;0;1;1;1;0;1;0;1;0;0;0;1;0;1;0;1;0;0;0;1;0;1;0;0;0;1;1;0;0;29.43
1;1;0;1;1;0;0;0;1;1;0;1;0;1;1;1;0;0;1;1;0;0;0;1;0;1;0;1;0;0;0;1;0;1;0;0;0;1;1;0;0;29.83
1;1;0;1;1;0;0;0;1;1;0;1;0;1;1;1;0;1;0;1;0;0;0;0;1;1;0;1;0;0;0;1;0;1;0;0;0;1;1;0;0;29.69
1;1;0;1;1;0;0;0;1;1;0;1;0;1;1;1;0;0;1;1;0;0;0;0;1;1;0;1;0;0;0;1;0;1;0;0;0;1;1;0;0;30.01
1;1;0;1;1;0;0;0;1;1;0;1;0;1;1;1;0;1;0;1;1;0;0;0;0;1;0;0;1;0;0;1;0;1;0;0;0;1;1;0;0;29.65
1;1;0;1;1;0;0;0;1;1;0;1;0;1;1;1;0;0;1;1;1;0;0;0;0;1;0;0;1;0;0;1;0;1;0;0;0;1;1;0;0;30.11
1;1;0;1;1;0;0;0;1;1;0;1;0;1;1;1;0;1;0;1;0;1;0;0;0;1;0;0;1;0;0;1;0;1;0;0;0;1;1;0;0;29.66
1;1;0;1;1;0;0;0;1;1;0;1;0;1;1;1;0;0;1;1;0;1;0;0;0;1;0;0;1;0;0;1;0;1;0;0;0;1;1;0;0;29.86
1;1;0;1;1;0;0;0;1;1;0;1;0;1;1;1;0;1;0;1;0;0;1;0;0;1;0;0;1;0;0;1;0;1;0;0;0;1;1;0;0;29.43
1;1;0;1;1;0;0;0;1;1;0;1;0;1;1;1;0;0;1;1;0;0;1;0;0;1;0;0;1;0;0;1;0;1;0;0;0;1;1;0;0;29.19
1;1;0;1;1;0;0;0;1;1;0;1;0;1;1;1;0;1;0;1;0;0;0;1;0;1;0;0;1;0;0;1;0;1;0;0;0;1;1;0;0;29.4
1;1;0;1;1;0;0;0;1;1;0;1;0;1;1;1;0;0;1;1;0;0;0;1;0;1;0;0;1;0;0;1;0;1;0;0;0;1;1;0;0;29.24
1;1;0;1;1;0;0;0;1;1;0;1;0;1;1;1;0;0;1;1;0;0;0;0;1;1;0;0;1;0;0;1;0;1;0;0;0;1;1;0;0;29.94
1;1;0;1;1;0;0;0;1;1;0;1;0;1;1;1;0;1;0;1;1;0;0;0;0;1;0;0;0;1;0;1;0;1;0;0;0;1;1;0;0;29.65
1;1;0;1;1;0;0;0;1;1;0;1;0;1;1;1;0;0;1;1;1;0;0;0;0;1;0;0;0;1;0;1;0;1;0;0;0;1;1;0;0;29.14
1;1;0;1;1;0;0;0;1;1;0;1;0;1;1;1;0;1;0;1;0;1;0;0;0;1;0;0;0;1;0;1;0;1;0;0;0;1;1;0;0;29.51
1;1;0;0;1;0;0;0;1;1;0;1;0;1;1;1;0;1;0;1;0;0;0;1;0;1;0;1;0;0;0;1;0;0;0;1;0;1;1;0;0;17.36
1;1;0;0;1;0;0;0;1;1;0;1;0;1;1;1;0;1;0;1;0;0;0;0;1;1;0;1;0;0;0;1;0;0;0;1;0;1;1;0;0;17.14
1;1;0;0;1;0;0;0;1;1;0;1;0;1;1;1;0;1;0;1;1;0;0;0;0;1;0;0;1;0;0;1;0;0;0;1;0;1;1;0;0;17.34
1;1;0;0;1;0;0;0;1;1;0;1;0;1;1;1;0;1;0;1;0;1;0;0;0;1;0;0;1;0;0;1;0;0;0;1;0;1;1;0;0;17.19
1;1;0;0;1;0;0;0;1;1;0;1;0;1;1;1;0;1;0;1;0;0;1;0;0;1;0;0;1;0;0;1;0;0;0;1;0;1;1;0;0;17.21
1;1;0;0;1;0;0;0;1;1;0;1;0;1;1;1;0;1;0;1;0;0;0;1;0;1;0;0;1;0;0;1;0;0;0;1;0;1;1;0;0;17.74
1;1;0;0;1;0;0;0;1;1;0;1;0;1;1;1;0;1;0;1;0;0;0;0;1;1;0;0;1;0;0;1;0;0;0;1;0;1;1;0;0;17.19
1;1;0;0;1;0;0;0;1;1;0;1;0;1;1;1;0;1;0;1;1;0;0;0;0;1;0;0;0;1;0;1;0;0;0;1;0;1;1;0;0;17.27
1;1;0;0;1;0;0;0;1;1;0;1;0;1;1;1;0;1;0;1;0;0;1;0;0;1;0;0;0;1;0;1;0;0;0;1;0;1;1;0;0;17.25
1;1;0;0;1;0;0;0;1;1;0;1;0;1;1;1;0;1;0;1;0;0;0;1;0;1;0;0;0;1;0;1;0;0;0;1;0;1;1;0;0;17.22
1;1;0;0;1;0;0;0;1;1;0;1;0;1;1;1;0;1;0;1;0;0;0;0;1;1;0;0;0;1;0;1;0;0;0;1;0;1;1;0;0;18.26
1;1;0;0;1;0;0;0;1;1;0;1;0;1;1;1;0;1;0;1;1;0;0;0;0;1;0;0;0;0;1;1;0;0;0;1;0;1;1;0;0;17.23
1;1;0;0;1;0;0;0;1;1;0;1;0;1;1;1;0;1;0;1;0;0;1;0;0;1;0;0;0;0;1;1;0;0;0;1;0;1;1;0;0;17.54
1;1;0;0;1;0;0;0;1;1;0;1;0;1;1;1;0;1;0;1;0;0;0;1;0;1;0;0;0;0;1;1;0;0;0;1;0;1;1;0;0;18.84
1;1;0;0;1;0;0;0;1;1;0;1;0;1;1;1;0;1;0;1;1;0;0;0;0;1;1;0;0;0;0;1;0;0;0;0;1;1;1;0;0;17.3
1;1;0;0;1;0;0;0;1;1;0;1;0;1;1;1;0;1;0;1;0;1;0;0;0;1;1;0;0;0;0;1;0;0;0;0;1;1;1;0;0;17.2
1;1;0;0;1;0;0;0;1;1;0;1;0;1;1;1;0;1;0;1;0;0;1;0;0;1;1;0;0;0;0;1;0;0;0;0;1;1;1;0;0;17.34
1;1;0;0;1;0;0;0;1;1;0;1;0;1;1;1;0;1;0;1;0;0;0;1;0;1;1;0;0;0;0;1;0;0;0;0;1;1;1;0;0;17.23
1;1;0;0;1;0;0;0;1;1;0;1;0;1;1;1;0;1;0;1;0;0;0;0;1;1;1;0;0;0;0;1;0;0;0;0;1;1;1;0;0;17.13
1;1;0;0;1;0;0;0;1;1;0;1;0;1;1;1;0;1;0;1;1;0;0;0;0;1;0;1;0;0;0;1;0;0;0;0;1;1;1;0;0;18.03
1;1;0;0;1;0;0;0;1;1;0;1;0;1;1;1;0;1;0;1;0;1;0;0;0;1;0;1;0;0;0;1;0;0;0;0;1;1;1;0;0;17.23
1;1;0;0;1;0;0;0;1;1;0;1;0;1;1;1;0;1;0;1;0;0;1;0;0;1;0;1;0;0;0;1;0;0;0;0;1;1;1;0;0;17.22
1;1;0;0;1;0;0;0;1;1;0;1;0;1;1;1;0;1;0;1;0;0;0;1;0;1;0;1;0;0;0;1;0;0;0;0;1;1;1;0;0;17.67
1;1;0;0;1;0;0;0;1;1;0;1;0;1;1;1;0;1;0;1;0;0;0;0;1;1;0;1;0;0;0;1;0;0;0;0;1;1;1;0;0;18.12
1;1;0;0;1;0;0;0;1;1;0;1;0;1;1;1;0;1;0;1;1;0;0;0;0;1;0;0;1;0;0;1;0;0;0;0;1;1;1;0;0;17.19
1;1;0;0;1;0;0;0;1;1;0;1;0;1;1;1;0;1;0;1;0;1;0;0;0;1;0;0;1;0;0;1;0;0;0;0;1;1;1;0;0;17.71
1;1;0;0;1;0;0;0;1;1;0;1;0;1;1;1;0;1;0;1;0;0;1;0;0;1;0;0;1;0;0;1;0;0;0;0;1;1;1;0;0;17.93
1;1;0;0;1;0;0;0;1;1;0;1;0;1;1;1;0;1;0;1;0;0;0;1;0;1;0;0;1;0;0;1;0;0;0;0;1;1;1;0;0;17.31
1;1;0;0;1;0;0;0;1;1;0;1;0;1;1;1;0;1;0;1;0;0;0;0;1;1;0;0;1;0;0;1;0;0;0;0;1;1;1;0;0;17.28
1;1;0;0;1;0;0;0;1;1;0;1;0;1;1;1;0;1;0;1;1;0;0;0;0;1;0;0;0;1;0;1;0;0;0;0;1;1;1;0;0;17.25
1;1;0;0;1;0;0;0;1;1;0;1;0;1;1;1;0;1;0;1;0;1;0;0;0;1;0;0;0;1;0;1;0;0;0;0;1;1;1;0;0;17.61
1;1;0;0;1;0;0;0;1;1;0;1;0;1;1;1;0;1;0;1;0;0;1;0;0;1;0;0;0;1;0;1;0;0;0;0;1;1;1;0;0;18.16
1;1;0;0;1;0;0;0;1;1;0;1;0;1;1;1;0;1;0;1;0;0;0;1;0;1;0;0;0;1;0;1;0;0;0;0;1;1;1;0;0;17.18
1;1;0;0;1;0;0;0;1;1;0;1;0;1;1;1;0;1;0;1;0;0;0;0;1;1;0;0;0;1;0;1;0;0;0;0;1;1;1;0;0;17.23
1;1;0;0;1;0;0;0;1;1;0;1;0;1;1;1;0;1;0;1;1;0;0;0;0;1;0;0;0;0;1;1;0;0;0;0;1;1;1;0;0;17.84
1;1;0;0;1;0;0;0;1;1;0;1;0;1;1;1;0;1;0;1;0;1;0;0;0;1;0;0;0;0;1;1;0;0;0;0;1;1;1;0;0;17.3
1;1;0;0;1;0;0;0;1;1;0;1;0;1;1;1;0;1;0;1;0;0;1;0;0;1;0;0;0;0;1;1;0;0;0;0;1;1;1;0;0;17.6
1;1;0;0;1;0;0;0;1;1;0;1;0;1;1;1;0;1;0;1;0;0;0;1;0;1;0;0;0;0;1;1;0;0;0;0;1;1;1;0;0;17.23
1;1;0;0;1;0;0;0;1;1;0;1;0;1;1;1;0;1;0;1;0;0;0;0;1;1;0;0;0;0;1;1;0;0;0;0;1;1;1;0;0;17.2
1;1;0;0;1;0;0;0;1;1;0;1;0;1;1;1;0;1;0;1;1;0;0;0;0;1;1;0;0;0;0;1;1;0;0;0;0;1;1;0;0;76.56
1;1;0;0;1;0;0;0;1;1;0;1;0;1;1;1;0;1;0;1;0;1;0;0;0;1;1;0;0;0;0;1;1;0;0;0;0;1;1;0;0;76.52
1;1;0;0;1;0;0;0;1;1;0;1;0;1;1;1;0;1;0;1;0;0;1;0;0;1;1;0;0;0;0;1;1;0;0;0;0;1;1;0;0;76.28
1;1;0;0;1;0;0;0;1;1;0;1;0;1;1;1;0;1;0;1;0;0;0;1;0;1;1;0;0;0;0;1;1;0;0;0;0;1;1;0;0;76.62
1;1;0;0;1;0;0;0;1;1;0;1;0;1;1;1;0;1;0;1;0;0;0;0;1;1;1;0;0;0;0;1;1;0;0;0;0;1;1;0;0;76.42
1;1;0;0;1;0;0;0;1;1;0;1;0;1;1;1;0;1;0;1;1;0;0;0;0;1;0;1;0;0;0;1;1;0;0;0;0;1;1;0;0;76.84
1;1;0;0;1;0;0;0;1;1;0;1;0;1;1;1;0;1;0;1;0;1;0;0;0;1;0;1;0;0;0;1;1;0;0;0;0;1;1;0;0;76.46
1;1;0;0;1;0;0;0;1;1;0;1;0;1;1;1;0;1;0;1;0;0;1;0;0;1;0;1;0;0;0;1;1;0;0;0;0;1;1;0;0;76.98
1;1;0;0;1;0;0;0;1;1;0;1;0;1;1;1;0;1;0;1;0;0;0;1;0;1;0;1;0;0;0;1;1;0;0;0;0;1;1;0;0;76.5
1;1;0;0;1;0;0;0;1;1;0;1;0;1;1;1;0;1;0;1;0;0;0;0;1;1;0;1;0;0;0;1;1;0;0;0;0;1;1;0;0;76.28
1;1;0;0;1;0;0;0;1;1;0;1;0;1;1;1;0;1;0;1;1;0;0;0;0;1;0;0;1;0;0;1;1;0;0;0;0;1;1;0;0;76.65
1;1;0;0;1;0;0;0;1;1;0;1;0;1;1;1;0;1;0;1;0;1;0;0;0;1;0;0;1;0;0;1;1;0;0;0;0;1;1;0;0;76.19
1;1;0;0;1;0;0;0;1;1;0;1;0;1;1;1;0;1;0;1;0;0;1;0;0;1;0;0;1;0;0;1;1;0;0;0;0;1;1;0;0;76.42
1;1;0;0;1;0;0;0;1;1;0;1;0;1;1;1;0;1;0;1;0;0;0;1;0;1;0;0;1;0;0;1;1;0;0;0;0;1;1;0;0;76.52
1;1;0;0;1;0;0;0;1;1;0;1;0;1;1;1;0;1;0;1;0;0;0;0;1;1;0;0;1;0;0;1;1;0;0;0;0;1;1;0;0;76.68
1;1;0;0;1;0;0;0;1;1;0;1;0;1;1;1;0;1;0;1;1;0;0;0;0;1;0;0;0;1;0;1;1;0;0;0;0;1;1;0;0;76.56
1;1;0;0;1;0;0;0;1;1;0;1;0;1;1;1;0;1;0;1;0;1;0;0;0;1;0;0;0;1;0;1;1;0;0;0;0;1;1;0;0;76.32
1;1;0;0;1;0;0;0;1;1;0;1;0;1;1;1;0;1;0;1;0;0;1;0;0;1;0;0;0;1;0;1;1;0;0;0;0;1;1;0;0;76.54
1;1;0;0;1;0;0;0;1;1;0;1;0;1;1;1;0;1;0;1;0;0;0;1;0;1;0;0;0;1;0;1;1;0;0;0;0;1;1;0;0;76.44
1;1;0;0;1;0;0;0;1;1;0;1;0;1;1;1;0;1;0;1;0;0;0;0;1;1;0;0;0;1;0;1;1;0;0;0;0;1;1;0;0;76.38
1;1;0;0;1;0;0;0;1;1;0;1;0;1;1;1;0;1;0;1;1;0;0;0;0;1;0;0;0;0;1;1;1;0;0;0;0;1;1;0;0;76.44
1;1;0;0;1;0;0;0;1;1;0;1;0;1;1;1;0;1;0;1;0;1;0;0;0;1;0;0;0;0;1;1;1;0;0;0;0;1;1;0;0;76.97
1;1;0;0;1;0;0;0;1;1;0;1;0;1;1;1;0;1;0;1;0;0;1;0;0;1;0;0;0;0;1;1;1;0;0;0;0;1;1;0;0;76.6
1;1;0;0;1;0;0;0;1;1;0;1;0;1;1;1;0;1;0;1;0;0;0;1;0;1;0;0;0;0;1;1;1;0;0;0;0;1;1;0;0;76.55
1;1;0;0;1;0;0;0;1;1;0;1;0;1;1;1;0;1;0;1;0;0;0;0;1;1;0;0;0;0;1;1;1;0;0;0;0;1;1;0;0;76.38
1;1;0;0;1;0;0;0;1;1;0;1;0;1;1;1;0;1;0;1;1;0;0;0;0;1;1;0;0;0;0;1;0;1;0;0;0;1;1;0;0;29.54
1;1;0;0;1;0;0;0;1;1;0;1;0;1;1;1;0;1;0;1;0;1;0;0;0;1;1;0;0;0;0;1;0;1;0;0;0;1;1;0;0;29.39
1;1;0;0;1;0;0;0;1;1;0;1;0;1;1;1;0;1;0;1;0;0;1;0;0;1;1;0;0;0;0;1;0;1;0;0;0;1;1;0;0;29.7
1;1;0;0;1;0;0;0;1;1;0;1;0;1;1;1;0;1;0;1;0;0;0;1;0;1;1;0;0;0;0;1;0;1;0;0;0;1;1;0;0;29.49
1;1;0;0;1;0;0;0;1;1;0;1;0;1;1;1;0;1;0;1;0;0;0;0;1;1;1;0;0;0;0;1;0;1;0;0;0;1;1;0;0;29.53
1;1;0;0;1;0;0;0;1;1;0;1;0;1;1;1;0;1;0;1;1;0;0;0;0;1;0;1;0;0;0;1;0;1;0;0;0;1;1;0;0;29.5
1;1;0;0;1;0;0;0;1;1;0;1;0;1;1;1;0;1;0;1;0;1;0;0;0;1;0;1;0;0;0;1;0;1;0;0;0;1;1;0;0;29.5
1;1;0;0;1;0;0;0;1;1;0;1;0;1;1;1;0;1;0;1;0;0;1;0;0;1;0;1;0;0;0;1;0;1;0;0;0;1;1;0;0;29.76
1;1;0;0;1;0;0;0;1;1;0;1;0;1;1;1;0;1;0;1;0;0;0;1;0;1;0;1;0;0;0;1;0;1;0;0;0;1;1;0;0;29.51
1;1;0;0;1;0;0;0;1;1;0;1;0;1;1;1;0;1;0;1;0;0;0;0;1;1;0;1;0;0;0;1;0;1;0;0;0;1;1;0;0;29.62
1;1;0;0;1;0;0;0;1;1;0;1;0;1;1;1;0;1;0;1;1;0;0;0;0;1;0;0;1;0;0;1;0;1;0;0;0;1;1;0;0;29.58
1;1;0;0;1;0;0;0;1;1;0;1;0;1;1;1;0;1;0;1;0;1;0;0;0;1;0;0;1;0;0;1;0;1;0;0;0;1;1;0;0;29.55
1;1;0;0;1;0;0;0;1;1;0;1;0;1;1;1;0;1;0;1;0;0;1;0;0;1;0;0;1;0;0;1;0;1;0;0;0;1;1;0;0;29.44
1;1;0;0;1;0;0;0;1;1;0;1;0;1;1;1;0;1;0;1;0;0;0;1;0;1;0;0;1;0;0;1;0;1;0;0;0;1;1;0;0;29.54
1;1;0;0;1;0;0;0;1;1;0;1;0;1;1;1;0;1;0;1;0;0;0;0;1;1;0;0;1;0;0;1;0;1;0;0;0;1;1;0;0;29.63
1;1;0;0;1;0;0;0;1;1;0;1;0;1;1;1;0;1;0;1;1;0;0;0;0;1;0;0;0;1;0;1;0;1;0;0;0;1;1;0;0;29.46
1;1;0;0;1;0;0;0;1;1;0;1;0;1;1;1;0;1;0;1;0;1;0;0;0;1;0;0;0;1;0;1;0;1;0;0;0;1;1;0;0;29.49
1;1;0;0;1;0;0;0;1;1;0;1;0;1;1;1;0;1;0;1;0;0;1;0;0;1;0;0;0;1;0;1;0;1;0;0;0;1;1;0;0;29.49
1;1;0;0;1;0;0;0;1;1;0;1;0;1;1;1;0;1;0;1;0;0;0;1;0;1;0;0;0;1;0;1;0;1;0;0;0;1;1;0;0;29.32
1;1;0;0;1;0;0;0;1;1;0;1;0;1;1;1;0;1;0;1;0;0;0;0;1;1;0;0;0;1;0;1;0;1;0;0;0;1;1;0;0;29.52
1;1;0;0;1;0;0;0;1;1;0;1;0;1;1;1;0;1;0;1;1;0;0;0;0;1;0;0;0;0;1;1;0;1;0;0;0;1;1;0;0;29.57
1;1;0;0;1;0;0;0;1;1;0;1;0;1;1;1;0;1;0;1;0;1;0;0;0;1;0;0;0;0;1;1;0;1;0;0;0;1;1;0;0;29.6
1;1;0;0;1;0;0;0;1;1;0;1;0;1;1;1;0;1;0;1;0;0;1;0;0;1;0;0;0;0;1;1;0;1;0;0;0;1;1;0;0;29.54
1;1;0;0;1;0;0;0;1;1;0;1;0;1;1;1;0;1;0;1;0;0;0;1;0;1;0;0;0;0;1;1;0;1;0;0;0;1;1;0;0;29.71
1;1;0;0;1;0;0;0;1;1;0;1;0;1;1;1;0;1;0;1;0;0;0;0;1;1;0;0;0;0;1;1;0;1;0;0;0;1;1;0;0;29.5
1;1;0;0;1;0;0;0;1;1;0;1;0;1;1;1;0;1;0;1;1;0;0;0;0;1;1;0;0;0;0;1;0;0;1;0;0;1;1;0;0;17.56
1;1;0;0;1;0;0;0;1;1;0;1;0;1;1;1;0;1;0;1;0;1;0;0;0;1;1;0;0;0;0;1;0;0;1;0;0;1;1;0;0;17.55
1;1;0;0;1;0;0;0;1;1;0;1;0;1;1;1;0;1;0;1;0;0;1;0;0;1;1;0;0;0;0;1;0;0;1;0;0;1;1;0;0;17.68
1;1;0;0;1;0;0;0;1;1;0;1;0;1;1;1;0;1;0;1;0;0;0;1;0;1;1;0;0;0;0;1;0;0;1;0;0;1;1;0;0;17.65
1;1;0;0;1;0;0;0;1;1;0;1;0;1;1;1;0;1;0;1;0;0;0;0;1;1;1;0;0;0;0;1;0;0;1;0;0;1;1;0;0;17.62
1;1;0;0;1;0;0;0;1;1;0;1;0;1;1;1;0;1;0;1;1;0;0;0;0;1;0;1;0;0;0;1;0;0;1;0;0;1;1;0;0;17.61
1;1;0;0;1;0;0;0;1;1;0;1;0;1;1;1;0;1;0;1;0;1;0;0;0;1;0;1;0;0;0;1;0;0;1;0;0;1;1;0;0;17.63
1;1;0;0;1;0;0;0;1;1;0;1;0;1;1;1;0;1;0;1;0;0;1;0;0;1;0;1;0;0;0;1;0;0;1;0;0;1;1;0;0;17.75
1;1;0;0;1;0;0;0;1;1;0;1;0;1;1;1;0;1;0;1;0;0;0;1;0;1;0;1;0;0;0;1;0;0;1;0;0;1;1;0;0;17.6
1;1;0;0;1;0;0;0;1;1;0;1;0;1;1;1;0;1;0;1;0;0;0;0;1;1;0;1;0;0;0;1;0;0;1;0;0;1;1;0;0;17.55
1;1;0;0;1;0;0;0;1;1;0;1;0;1;1;1;0;1;0;1;1;0;0;0;0;1;0;0;1;0;0;1;0;0;1;0;0;1;1;0;0;17.7
1;1;0;0;1;0;0;0;1;1;0;1;0;1;1;1;0;1;0;1;0;1;0;0;0;1;0;0;1;0;0;1;0;0;1;0;0;1;1;0;0;17.55
1;1;0;0;1;0;0;0;1;1;0;1;0;1;1;1;0;1;0;1;0;0;1;0;0;1;0;0;1;0;0;1;0;0;1;0;0;1;1;0;0;17.56
1;1;0;0;1;0;0;0;1;1;0;1;0;1;1;1;0;1;0;1;0;0;0;1;0;1;0;0;1;0;0;1;0;0;1;0;0;1;1;0;0;17.61
1;1;0;0;1;0;0;0;1;1;0;1;0;1;1;1;0;1;0;1;0;0;0;0;1;1;0;0;1;0;0;1;0;0;1;0;0;1;1;0;0;17.63
1;1;0;0;1;0;0;0;1;1;0;1;0;1;1;1;0;1;0;1;1;0;0;0;0;1;0;0;0;1;0;1;0;0;1;0;0;1;1;0;0;17.75
1;1;0;0;1;0;0;0;1;1;0;1;0;1;1;1;0;1;0;1;0;1;0;0;0;1;0;0;0;1;0;1;0;0;1;0;0;1;1;0;0;17.7
1;1;0;0;1;0;0;0;1;1;0;1;0;1;1;1;0;1;0;1;0;0;1;0;0;1;0;0;0;1;0;1;0;0;1;0;0;1;1;0;0;17.7
1;1;0;0;1;0;0;0;1;1;0;1;0;1;1;1;0;1;0;1;0;0;0;1;0;1;0;0;0;1;0;1;0;0;1;0;0;1;1;0;0;17.64
1;1;0;0;1;0;0;0;1;1;0;1;0;1;1;1;0;1;0;1;0;0;0;0;1;1;0;0;0;1;0;1;0;0;1;0;0;1;1;0;0;17.64
1;1;0;0;1;0;0;0;1;1;0;1;0;1;1;1;0;1;0;1;1;0;0;0;0;1;0;0;0;0;1;1;0;0;1;0;0;1;1;0;0;17.58
1;1;0;0;1;0;0;0;1;1;0;1;0;1;1;1;0;1;0;1;0;1;0;0;0;1;0;0;0;0;1;1;0;0;1;0;0;1;1;0;0;17.67
1;1;0;0;1;0;0;0;1;1;0;1;0;1;1;1;0;1;0;1;0;0;1;0;0;1;0;0;0;0;1;1;0;0;1;0;0;1;1;0;0;17.64
1;1;0;0;1;0;0;0;1;1;0;1;0;1;1;1;0;1;0;1;0;0;0;1;0;1;0;0;0;0;1;1;0;0;1;0;0;1;1;0;0;17.64
1;1;0;0;1;0;0;0;1;1;0;1;0;1;1;1;0;1;0;1;0;0;0;0;1;1;0;0;0;0;1;1;0;0;1;0;0;1;1;0;0;17.56
1;1;0;0;1;0;0;0;1;1;0;1;0;1;1;1;0;1;0;1;1;0;0;0;0;1;1;0;0;0;0;1;0;0;0;1;0;1;1;0;0;17.3
1;1;0;0;1;0;0;0;1;1;0;1;0;1;1;1;0;1;0;1;0;1;0;0;0;1;1;0;0;0;0;1;0;0;0;1;0;1;1;0;0;17.31
1;1;0;0;1;0;0;0;1;1;0;1;0;1;1;1;0;1;0;1;0;0;1;0;0;1;1;0;0;0;0;1;0;0;0;1;0;1;1;0;0;17.21
1;1;0;0;1;0;0;0;1;1;0;1;0;1;1;1;0;1;0;1;0;0;0;1;0;1;1;0;0;0;0;1;0;0;0;1;0;1;1;0;0;17.21
1;1;0;0;1;0;0;0;1;1;0;1;0;1;1;1;0;1;0;1;0;0;0;0;1;1;1;0;0;0;0;1;0;0;0;1;0;1;1;0;0;17.2
1;1;0;0;1;0;0;0;1;1;0;1;0;1;1;1;0;1;0;1;1;0;0;0;0;1;0;1;0;0;0;1;0;0;0;1;0;1;1;0;0;17.17
1;1;0;0;1;0;0;0;1;1;0;1;0;1;1;1;0;1;0;1;0;1;0;0;0;1;0;1;0;0;0;1;0;0;0;1;0;1;1;0;0;17.33
1;1;0;0;1;0;0;0;1;1;0;1;0;1;1;1;0;1;0;1;0;0;1;0;0;1;0;1;0;0;0;1;0;0;0;1;0;1;1;0;0;17.19
1;1;0;0;1;1;0;0;0;1;0;1;0;1;1;1;0;1;0;1;1;0;0;0;0;1;1;0;0;0;0;1;1;0;0;0;0;1;1;0;0;77.06
1;1;0;0;1;1;0;0;0;1;0;1;0;1;1;1;1;0;0;1;0;1;0;0;0;1;1;0;0;0;0;1;1;0;0;0;0;1;1;0;0;60.64
1;1;0;0;1;1;0;0;0;1;0;1;0;1;1;1;0;1;0;1;0;1;0;0;0;1;1;0;0;0;0;1;1;0;0;0;0;1;1;0;0;76.36
1;1;0;0;1;1;0;0;0;1;0;1;0;1;1;1;0;1;0;1;0;0;1;0;0;1;1;0;0;0;0;1;1;0;0;0;0;1;1;0;0;76.77
1;1;0;0;1;1;0;0;0;1;0;1;0;1;1;1;0;1;0;1;0;0;0;1;0;1;1;0;0;0;0;1;1;0;0;0;0;1;1;0;0;76.98
1;1;0;0;1;1;0;0;0;1;0;1;0;1;1;1;0;1;0;1;0;0;0;0;1;1;1;0;0;0;0;1;1;0;0;0;0;1;1;0;0;76.1
1;1;0;0;1;1;0;0;0;1;0;1;0;1;1;1;0;1;0;1;1;0;0;0;0;1;0;1;0;0;0;1;1;0;0;0;0;1;1;0;0;77
1;1;0;0;1;1;0;0;0;1;0;1;0;1;1;1;0;1;0;1;0;1;0;0;0;1;0;1;0;0;0;1;1;0;0;0;0;1;1;0;0;76.75
1;1;0;0;1;1;0;0;0;1;0;1;0;1;1;1;0;1;0;1;0;0;1;0;0;1;0;1;0;0;0;1;1;0;0;0;0;1;1;0;0;76.25
1;1;0;0;1;1;0;0;0;1;0;1;0;1;1;1;0;1;0;1;0;0;0;1;0;1;0;1;0;0;0;1;1;0;0;0;0;1;1;0;0;76.39
1;1;0;0;1;1;0;0;0;1;0;1;0;1;1;1;0;1;0;1;0;0;0;0;1;1;0;1;0;0;0;1;1;0;0;0;0;1;1;0;0;77.26
1;1;0;0;1;1;0;0;0;1;0;1;0;1;1;1;0;1;0;1;1;0;0;0;0;1;0;0;1;0;0;1;1;0;0;0;0;1;1;0;0;76.55
1;1;0;0;1;1;0;0;0;1;0;1;0;1;1;1;0;1;0;1;0;1;0;0;0;1;0;0;1;0;0;1;1;0;0;0;0;1;1;0;0;76.41
1;1;0;0;1;1;0;0;0;1;0;1;0;1;1;1;0;1;0;1;0;0;1;0;0;1;0;0;1;0;0;1;1;0;0;0;0;1;1;0;0;77.1
1;1;0;0;1;1;0;0;0;1;0;1;0;1;1;1;0;1;0;1;0;0;0;1;0;1;0;0;1;0;0;1;1;0;0;0;0;1;1;0;0;76.65
1;1;0;0;1;1;0;0;0;1;0;1;0;1;1;1;0;1;0;1;0;0;0;0;1;1;0;0;1;0;0;1;1;0;0;0;0;1;1;0;0;77.31
1;1;0;0;1;1;0;0;0;1;0;1;0;1;1;1;0;1;0;1;1;0;0;0;0;1;0;0;0;1;0;1;1;0;0;0;0;1;1;0;0;77.09
1;1;0;0;1;1;0;0;0;1;0;1;0;1;1;1;0;1;0;1;0;1;0;0;0;1;0;0;0;1;0;1;1;0;0;0;0;1;1;0;0;76.1
1;1;0;0;1;1;0;0;0;1;0;1;0;1;1;1;0;1;0;1;0;0;1;0;0;1;0;0;0;1;0;1;1;0;0;0;0;1;1;0;0;76.28
1;1;0;0;1;1;0;0;0;1;0;1;0;1;1;1;0;1;0;1;0;0;0;1;0;1;0;0;0;1;0;1;1;0;0;0;0;1;1;0;0;76.15
1;1;0;0;1;1;0;0;0;1;0;1;0;1;1;1;0;1;0;1;0;0;0;0;1;1;0;0;0;1;0;1;1;0;0;0;0;1;1;0;0;76.67
1;1;0;0;1;1;0;0;0;1;0;1;0;1;1;1;0;1;0;1;1;0;0;0;0;1;0;0;0;0;1;1;1;0;0;0;0;1;1;0;0;76.65
1;1;0;0;1;1;0;0;0;1;0;1;0;1;1;1;0;1;0;1;0;1;0;0;0;1;0;0;0;0;1;1;1;0;0;0;0;1;1;0;0;76.33
1;1;0;0;1;1;0;0;0;1;0;1;0;1;1;1;0;1;0;1;0;0;1;0;0;1;0;0;0;0;1;1;1;0;0;0;0;1;1;0;0;76.44
1;1;0;0;1;1;0;0;0;1;0;1;0;1;1;1;0;1;0;1;0;0;0;1;0;1;0;0;0;0;1;1;1;0;0;0;0;1;1;0;0;76.15
1;1;0;0;1;1;0;0;0;1;0;1;0;1;1;1;0;1;0;1;0;0;0;0;1;1;0;0;0;0;1;1;1;0;0;0;0;1;1;0;0;76.61
1;1;0;0;1;1;0;0;0;1;0;1;0;1;1;1;0;1;0;1;0;1;0;0;0;1;1;0;0;0;0;1;0;1;0;0;0;1;1;0;0;29.16
1;1;0;0;1;1;0;0;0;1;0;1;0;1;1;1;0;1;0;1;0;0;1;0;0;1;1;0;0;0;0;1;0;1;0;0;0;1;1;0;0;29.09
1;1;0;0;1;1;0;0;0;1;0;1;0;1;1;1;0;1;0;1;0;0;0;1;0;1;1;0;0;0;0;1;0;1;0;0;0;1;1;0;0;29.28
1;1;0;0;1;1;0;0;0;1;0;1;0;1;1;1;0;1;0;1;1;0;0;0;0;1;0;1;0;0;0;1;0;1;0;0;0;1;1;0;0;29.27
1;1;0;0;1;1;0;0;0;1;0;1;0;1;1;1;0;1;0;1;0;1;0;0;0;1;0;1;0;0;0;1;0;1;0;0;0;1;1;0;0;29.24
1;1;0;0;1;1;0;0;0;1;0;1;0;1;1;1;0;1;0;1;0;0;1;0;0;1;0;1;0;0;0;1;0;1;0;0;0;1;1;0;0;29.1
1;1;0;0;1;1;0;0;0;1;0;1;0;1;1;1;0;1;0;1;0;0;0;1;0;1;0;1;0;0;0;1;0;1;0;0;0;1;1;0;0;29.02
1;1;0;0;1;1;0;0;0;1;0;1;0;1;1;1;0;1;0;1;0;0;0;0;1;1;0;1;0;0;0;1;0;1;0;0;0;1;1;0;0;28.99
1;1;0;0;1;1;0;0;0;1;0;1;0;1;1;1;0;1;0;1;1;0;0;0;0;1;0;0;1;0;0;1;0;1;0;0;0;1;1;0;0;29.51
1;1;0;0;1;1;0;0;0;1;0;1;0;1;1;1;0;1;0;1;0;1;0;0;0;1;0;0;1;0;0;1;0;1;0;0;0;1;1;0;0;29.17
1;1;0;0;1;1;0;0;0;1;0;1;0;1;1;1;0;1;0;1;0;0;1;0;0;1;0;0;1;0;0;1;0;1;0;0;0;1;1;0;0;29.1
1;1;0;0;1;1;0;0;0;1;0;1;0;1;1;1;0;1;0;1;0;0;0;1;0;1;0;0;1;0;0;1;0;1;0;0;0;1;1;0;0;29.03
1;1;0;0;1;1;0;0;0;1;0;1;0;1;1;1;0;1;0;1;0;0;0;0;1;1;0;0;1;0;0;1;0;1;0;0;0;1;1;0;0;29.24
1;1;0;0;1;1;0;0;0;1;0;1;0;1;1;1;0;1;0;1;1;0;0;0;0;1;0;0;0;1;0;1;0;1;0;0;0;1;1;0;0;29.06
1;1;0;0;1;1;0;0;0;1;0;1;0;1;1;1;0;1;0;1;0;1;0;0;0;1;0;0;0;1;0;1;0;1;0;0;0;1;1;0;0;29.13
1;1;0;1;1;0;0;0;1;1;0;1;0;0;0;1;1;0;0;1;1;0;0;0;0;1;0;1;0;0;0;1;1;0;0;0;0;1;0;0;1;14.97
1;1;0;1;1;0;0;0;1;1;0;1;0;0;0;1;1;0;0;1;1;0;0;0;0;1;0;0;1;0;0;1;1;0;0;0;0;1;0;0;1;15.08
1;1;0;1;1;0;0;0;1;1;0;1;0;0;0;1;1;0;0;1;1;0;0;0;0;1;0;0;0;1;0;1;0;1;0;0;0;1;0;0;1;3.95
1;1;0;1;1;0;0;0;1;1;0;1;0;0;0;1;1;0;0;1;0;0;0;1;0;1;0;0;0;1;0;1;0;0;1;0;0;1;0;0;1;2.73
1;1;0;1;1;0;0;0;1;1;0;1;0;0;0;1;1;0;0;1;0;0;0;0;1;1;0;0;0;0;1;1;0;0;1;0;0;1;0;0;1;2.77
1;1;0;1;1;0;0;0;1;1;0;1;0;0;0;1;1;0;0;1;1;0;0;0;0;1;0;1;0;0;0;1;0;0;0;0;1;1;0;0;1;2.34
1;1;0;1;1;0;0;0;1;1;0;1;0;0;0;1;1;0;0;1;0;0;0;1;0;1;0;0;0;0;1;1;0;0;0;0;1;1;0;0;1;2.54
1;1;0;0;1;0;0;0;1;1;0;1;0;1;0;1;0;0;1;1;1;0;0;0;0;1;0;1;0;0;0;1;1;0;0;0;0;1;0;1;0;25.17
1;1;0;0;1;0;0;0;1;1;0;1;0;1;0;1;0;0;1;1;0;1;0;0;0;1;0;1;0;0;0;1;1;0;0;0;0;1;0;1;0;25.2
1;1;0;0;1;0;0;0;1;1;0;1;0;1;0;1;0;0;1;1;0;0;0;1;0;1;0;1;0;0;0;1;1;0;0;0;0;1;0;1;0;25.29
1;1;0;0;1;0;0;0;1;1;0;1;0;1;0;1;0;0;1;1;0;0;1;0;0;1;0;1;0;0;0;1;0;1;0;0;0;1;0;1;0;11.63
1;1;0;0;1;0;0;0;1;1;0;1;0;1;0;1;0;0;1;1;0;0;0;1;0;1;0;1;0;0;0;1;0;1;0;0;0;1;0;1;0;11.01
1;1;0;0;1;0;0;0;1;1;0;1;0;1;0;1;0;0;1;1;1;0;0;0;0;1;0;0;0;1;0;1;0;1;0;0;0;1;0;1;0;10.96
1;1;0;0;1;0;0;0;1;1;0;1;0;1;0;1;0;0;1;1;0;1;0;0;0;1;0;1;0;0;0;1;0;0;1;0;0;1;0;1;0;7.18
1;1;0;0;1;0;0;0;1;1;0;1;0;1;0;1;0;0;1;1;0;0;0;1;0;1;0;1;0;0;0;1;0;0;1;0;0;1;0;1;0;7.11
1;1;0;0;1;0;0;0;1;1;0;1;0;1;0;1;0;0;1;1;0;0;0;1;0;1;0;1;0;0;0;1;0;0;0;1;0;1;0;1;0;6.24
1;1;0;0;1;0;0;0;1;1;0;1;0;1;0;1;1;0;0;1;0;1;0;0;0;1;0;0;1;0;0;1;0;0;0;1;0;1;0;1;0;5.11
1;1;0;0;1;0;0;0;1;1;0;1;0;1;0;1;1;0;0;1;0;1;0;0;0;1;0;0;0;1;0;1;0;0;0;1;0;1;0;1;0;5.15
1;1;0;0;1;0;0;0;1;1;0;1;0;1;0;1;0;0;1;1;1;0;0;0;0;1;1;0;0;0;0;1;0;0;0;0;1;1;0;1;0;9.55
1;1;0;0;1;0;0;0;1;1;0;1;0;1;0;1;0;0;1;1;1;0;0;0;0;1;0;0;1;0;0;1;0;0;0;0;1;1;0;1;0;6.32
1;1;0;0;1;0;0;0;1;1;0;1;0;1;0;1;0;0;1;1;0;1;0;0;0;1;0;0;1;0;0;1;0;0;0;0;1;1;0;1;0;6.35
1;1;0;0;1;0;0;0;1;1;0;1;0;1;0;1;1;0;0;1;0;1;0;0;0;1;0;0;0;1;0;1;0;0;0;0;1;1;0;1;0;5.09
1;1;0;0;1;0;0;0;1;1;0;1;0;1;0;1;1;0;0;1;0;1;0;0;0;1;0;0;0;0;1;1;0;0;0;0;1;1;0;1;0;5.1
1;1;0;0;1;1;0;0;0;1;1;0;0;0;0;1;0;0;1;1;1;0;0;0;0;1;0;0;0;0;1;1;0;1;0;0;0;1;0;1;0;4.46
1;1;0;0;1;1;0;0;0;1;1;0;0;0;0;1;0;0;1;1;0;0;1;0;0;1;0;0;0;0;1;1;0;1;0;0;0;1;0;1;0;5.72
1;1;0;0;1;1;0;0;0;1;1;0;0;0;0;1;0;0;1;1;0;0;0;1;0;1;0;0;0;0;1;1;0;1;0;0;0;1;0;1;0;5.97
1;1;0;0;1;1;0;0;0;1;1;0;0;0;0;1;0;0;1;1;0;0;0;0;1;1;0;0;0;0;1;1;0;1;0;0;0;1;0;1;0;6.49
1;1;0;0;1;1;0;0;0;1;1;0;0;0;0;1;0;0;1;1;1;0;0;0;0;1;1;0;0;0;0;1;0;0;1;0;0;1;0;1;0;3.09
1;1;0;0;1;1;0;0;0;1;1;0;0;0;0;1;0;0;1;1;0;1;0;0;0;1;1;0;0;0;0;1;0;0;1;0;0;1;0;1;0;3.51
1;1;0;0;1;1;0;0;0;1;1;0;0;0;0;1;0;0;1;1;0;0;1;0;0;1;1;0;0;0;0;1;0;0;1;0;0;1;0;1;0;3.64
1;1;0;0;1;1;0;0;0;1;1;0;0;0;0;1;0;0;1;1;0;0;0;1;0;1;1;0;0;0;0;1;0;0;1;0;0;1;0;1;0;4.2
1;1;0;0;1;1;0;0;0;1;1;0;0;0;0;1;0;0;1;1;0;0;0;0;1;1;1;0;0;0;0;1;0;0;1;0;0;1;0;1;0;4.14
1;1;0;0;1;1;0;0;0;1;1;0;0;0;0;1;0;0;1;1;1;0;0;0;0;1;0;1;0;0;0;1;0;0;1;0;0;1;0;1;0;2.75
1;1;0;0;1;1;0;0;0;1;1;0;0;0;0;1;0;0;1;1;0;0;1;0;0;1;0;1;0;0;0;1;0;0;1;0;0;1;0;1;0;3.06
1;1;0;0;1;1;0;0;0;1;1;0;0;0;0;1;0;0;1;1;0;0;0;0;1;1;0;1;0;0;0;1;0;0;1;0;0;1;0;1;0;3.32
1;1;0;0;1;1;0;0;0;1;1;0;0;0;0;1;0;0;1;1;1;0;0;0;0;1;0;0;1;0;0;1;0;0;1;0;0;1;0;1;0;2.72
1;1;0;0;1;1;0;0;0;1;1;0;0;0;0;1;0;0;1;1;0;1;0;0;0;1;0;0;1;0;0;1;0;0;1;0;0;1;0;1;0;3.23
1;1;0;0;1;1;0;0;0;1;1;0;0;0;0;1;0;0;1;1;0;0;1;0;0;1;0;0;1;0;0;1;0;0;1;0;0;1;0;1;0;3.14
1;1;0;0;1;1;0;0;0;1;1;0;0;0;0;1;0;0;1;1;0;0;0;1;0;1;0;0;1;0;0;1;0;0;1;0;0;1;0;1;0;3.33
1;1;0;0;1;1;0;0;0;1;1;0;0;0;0;1;0;0;1;1;0;0;0;0;1;1;0;0;1;0;0;1;0;0;1;0;0;1;0;1;0;3.34
1;1;0;0;1;1;0;0;0;1;1;0;0;0;0;1;0;0;1;1;0;0;0;1;0;1;0;0;0;1;0;1;0;0;1;0;0;1;0;1;0;3.26
1;1;0;0;1;1;0;0;0;1;1;0;0;0;0;1;0;0;1;1;0;0;0;0;1;1;0;0;0;1;0;1;0;0;1;0;0;1;0;1;0;3.4
1;1;0;0;1;1;0;0;0;1;1;0;0;0;0;1;0;0;1;1;1;0;0;0;0;1;0;0;0;0;1;1;0;0;1;0;0;1;0;1;0;2.8
1;1;0;0;1;1;0;0;0;1;1;0;0;0;0;1;0;0;1;1;0;1;0;0;0;1;0;0;0;0;1;1;0;0;1;0;0;1;0;1;0;3
1;1;0;0;1;1;0;0;0;1;1;0;0;0;0;1;0;0;1;1;0;0;1;0;0;1;0;0;0;0;1;1;0;0;1;0;0;1;0;1;0;3.39
1;1;0;0;1;1;0;0;0;1;1;0;0;0;0;1;0;0;1;1;0;0;0;1;0;1;0;0;0;0;1;1;0;0;1;0;0;1;0;1;0;3.58
1;1;0;0;1;1;0;0;0;1;1;0;0;0;0;1;0;0;1;1;0;0;0;0;1;1;0;0;0;0;1;1;0;0;1;0;0;1;0;1;0;3.38
1;1;0;0;1;1;0;0;0;1;1;0;0;0;0;1;0;0;1;1;1;0;0;0;0;1;1;0;0;0;0;1;0;0;0;1;0;1;0;1;0;3.07
1;1;0;0;1;1;0;0;0;1;1;0;0;0;0;1;0;0;1;1;0;0;1;0;0;1;1;0;0;0;0;1;0;0;0;1;0;1;0;1;0;3.5
1;1;0;0;1;1;0;0;0;1;1;0;0;0;0;1;0;0;1;1;0;0;0;1;0;1;1;0;0;0;0;1;0;0;0;1;0;1;0;1;0;3.78
1;1;0;0;1;1;0;0;0;1;1;0;0;0;0;1;0;0;1;1;0;0;0;0;1;1;1;0;0;0;0;1;0;0;0;1;0;1;0;1;0;4.37
1;1;0;0;1;1;0;0;0;1;1;0;0;0;0;1;0;0;1;1;1;0;0;0;0;1;0;1;0;0;0;1;0;0;0;1;0;1;0;1;0;2.78
1;1;0;0;1;1;0;0;0;1;1;0;0;0;0;1;0;0;1;1;0;0;1;0;0;1;0;1;0;0;0;1;0;0;0;1;0;1;0;1;0;3
1;1;0;0;1;1;0;0;0;1;1;0;0;0;0;1;0;0;1;1;0;0;0;1;0;1;0;1;0;0;0;1;0;0;0;1;0;1;0;1;0;3.36
1;1;0;0;1;1;0;0;0;1;1;0;0;0;0;1;0;0;1;1;1;0;0;0;0;1;0;0;0;1;0;1;0;0;0;1;0;1;0;1;0;2.71
1;1;0;0;1;1;0;0;0;1;1;0;0;0;0;1;0;0;1;1;0;0;1;0;0;1;0;0;0;1;0;1;0;0;0;1;0;1;0;1;0;2.98
1;1;0;0;1;1;0;0;0;1;1;0;0;0;0;1;0;0;1;1;0;0;0;1;0;1;0;0;0;1;0;1;0;0;0;1;0;1;0;1;0;3.45
1;1;0;0;1;1;0;0;0;1;1;0;0;0;0;1;0;0;1;1;1;0;0;0;0;1;1;0;0;0;0;1;0;0;0;0;1;1;0;1;0;3.04
1;1;0;0;1;1;0;0;0;1;1;0;0;0;0;1;0;0;1;1;0;0;1;0;0;1;1;0;0;0;0;1;0;0;0;0;1;1;0;1;0;3.56
1;1;0;0;1;1;0;0;0;1;1;0;0;0;0;1;0;0;1;1;0;0;0;1;0;1;1;0;0;0;0;1;0;0;0;0;1;1;0;1;0;3.73
1;1;0;0;1;1;0;0;0;1;1;0;0;0;0;1;0;0;1;1;0;0;0;0;1;1;1;0;0;0;0;1;0;0;0;0;1;1;0;1;0;3.96
1;1;0;0;1;1;0;0;0;1;1;0;0;0;0;1;0;0;1;1;0;0;1;0;0;1;0;1;0;0;0;1;0;0;0;0;1;1;0;1;0;2.9
1;1;0;0;1;1;0;0;0;1;1;0;0;0;0;1;0;0;1;1;1;0;0;0;0;1;0;0;1;0;0;1;0;0;0;0;1;1;0;1;0;2.64
1;1;0;0;1;1;0;0;0;1;1;0;0;0;0;1;0;0;1;1;0;1;0;0;0;1;0;0;1;0;0;1;0;0;0;0;1;1;0;1;0;2.93
1;1;0;0;1;1;0;0;0;1;1;0;0;0;0;1;0;0;1;1;0;0;1;0;0;1;0;0;1;0;0;1;0;0;0;0;1;1;0;1;0;2.94
1;1;0;0;1;1;0;0;0;1;1;0;0;0;0;1;0;0;1;1;0;0;0;1;0;1;0;0;1;0;0;1;0;0;0;0;1;1;0;1;0;3.37
1;1;0;0;1;1;0;0;0;1;1;0;0;0;0;1;0;0;1;1;1;0;0;0;0;1;0;0;0;1;0;1;0;0;0;0;1;1;0;1;0;2.84
1;1;0;0;1;1;0;0;0;1;1;0;0;0;0;1;0;0;1;1;0;1;0;0;0;1;0;0;0;1;0;1;0;0;0;0;1;1;0;1;0;2.9
1;1;0;0;1;1;0;0;0;1;1;0;0;0;0;1;0;0;1;1;0;0;1;0;0;1;0;0;0;1;0;1;0;0;0;0;1;1;0;1;0;3.2
1;1;0;0;1;1;0;0;0;1;1;0;0;0;0;1;0;0;1;1;0;0;0;0;1;1;0;0;0;1;0;1;0;0;0;0;1;1;0;1;0;3.36
1;1;0;0;1;1;0;0;0;1;1;0;0;0;0;1;0;0;1;1;1;0;0;0;0;1;0;0;0;0;1;1;0;0;0;0;1;1;0;1;0;2.56
1;1;0;0;1;1;0;0;0;1;1;0;0;0;0;1;0;0;1;1;0;1;0;0;0;1;0;0;0;0;1;1;0;0;0;0;1;1;0;1;0;2.94
1;1;0;0;1;1;0;0;0;1;1;0;0;0;0;1;0;0;1;1;0;0;1;0;0;1;0;0;0;0;1;1;0;0;0;0;1;1;0;1;0;3.04
1;1;0;0;1;1;0;0;0;1;1;0;0;0;0;1;0;0;1;1;0;0;0;1;0;1;0;0;0;0;1;1;0;0;0;0;1;1;0;1;0;3.13
1;1;0;0;1;1;0;0;0;1;1;0;0;0;0;1;0;0;1;1;0;0;0;0;1;1;0;0;0;0;1;1;0;0;0;0;1;1;0;1;0;3.76
1;1;0;1;1;1;0;0;0;1;1;0;0;0;0;1;1;0;0;1;0;0;1;0;0;1;1;0;0;0;0;1;1;0;0;0;0;1;0;1;0;22.12
1;1;0;1;1;1;0;0;0;1;1;0;0;0;0;1;1;0;0;1;0;0;0;0;1;1;1;0;0;0;0;1;1;0;0;0;0;1;0;1;0;24.91
1;1;0;1;1;1;0;0;0;1;1;0;0;0;0;1;1;0;0;1;0;0;0;0;1;1;0;1;0;0;0;1;1;0;0;0;0;1;0;1;0;15.64
1;1;0;1;1;1;0;0;0;1;1;0;0;0;0;1;1;0;0;1;0;0;0;1;0;1;0;0;0;0;1;1;0;0;0;1;0;1;0;1;0;2.63
1;1;0;1;1;1;0;0;0;1;1;0;0;0;0;1;1;0;0;1;0;0;0;0;1;1;1;0;0;0;0;1;0;0;0;0;1;1;0;1;0;3.01
1;1;0;1;1;1;0;0;0;1;1;0;0;0;0;1;1;0;0;1;0;0;0;1;0;1;0;0;0;1;0;1;0;0;0;0;1;1;0;1;0;2.54
1;1;0;1;1;1;0;0;0;1;0;1;0;0;0;1;1;0;0;1;1;0;0;0;0;1;1;0;0;0;0;1;0;0;0;1;0;1;0;1;0;2.5
1;1;0;1;1;1;0;0;0;1;0;1;0;0;0;1;1;0;0;1;0;0;0;1;0;1;1;0;0;0;0;1;0;0;0;1;0;1;0;1;0;3.06
1;1;0;1;1;1;0;0;0;1;0;1;0;0;0;1;1;0;0;1;1;0;0;0;0;1;1;0;0;0;0;1;0;0;0;0;1;1;0;1;0;2.5
1;1;0;1;1;1;0;0;0;1;0;1;0;0;0;1;1;0;0;1;0;0;1;0;0;1;1;0;0;0;0;1;0;0;0;0;1;1;0;1;0;2.84
1;1;0;1;1;1;0;0;0;1;0;1;0;0;0;1;1;0;0;1;0;0;1;0;0;1;0;1;0;0;0;1;0;0;0;0;1;1;0;1;0;2.48
1;1;0;1;1;1;0;0;0;1;0;1;0;0;0;1;1;0;0;1;0;1;0;0;0;1;0;0;0;0;1;1;0;0;0;0;1;1;0;1;0;2.39
1;1;0;1;1;1;0;0;0;1;0;1;0;0;0;1;1;0;0;1;0;0;1;0;0;1;0;1;0;0;0;1;0;1;0;0;0;1;0;0;1;4.73
1;1;0;1;1;1;0;0;0;1;0;1;0;0;0;1;1;0;0;1;1;0;0;0;0;1;0;1;0;0;0;1;0;0;1;0;0;1;0;0;1;2.45
1;1;0;0;1;1;0;0;0;1;1;0;0;0;1;1;0;1;0;1;0;0;1;0;0;1;1;0;0;0;0;1;1;0;0;0;0;1;0;1;0;23.61
1;1;0;0;1;1;0;0;0;1;1;0;0;0;1;1;0;1;0;1;0;0;0;1;0;1;1;0;0;0;0;1;1;0;0;0;0;1;0;1;0;26.68
1;1;0;0;1;1;0;0;0;1;1;0;0;0;1;1;0;1;0;1;0;1;0;0;0;1;0;1;0;0;0;1;1;0;0;0;0;1;0;1;0;13.84
1;1;0;0;1;1;0;0;0;1;1;0;0;0;1;1;0;1;0;1;0;0;0;1;0;1;0;1;0;0;0;1;1;0;0;0;0;1;0;1;0;16.91
1;1;0;0;1;1;0;0;0;1;1;0;0;0;1;1;0;1;0;1;0;0;0;0;1;1;0;1;0;0;0;1;1;0;0;0;0;1;0;1;0;18.42
1;1;0;0;1;1;0;0;0;1;1;0;0;0;1;1;0;1;0;1;1;0;0;0;0;1;0;0;1;0;0;1;1;0;0;0;0;1;0;1;0;14.93
1;1;0;0;1;1;0;0;0;1;1;0;0;0;1;1;0;1;0;1;0;0;0;1;0;1;0;0;1;0;0;1;1;0;0;0;0;1;0;1;0;16.97
1;1;0;0;1;1;0;0;0;1;1;0;0;0;1;1;0;1;0;1;0;1;0;0;0;1;0;0;0;1;0;1;1;0;0;0;0;1;0;1;0;13.86
1;1;0;0;1;1;0;0;0;1;1;0;0;0;1;1;0;1;0;1;0;0;0;1;0;1;0;0;0;1;0;1;1;0;0;0;0;1;0;1;0;16.89
1;1;0;0;1;1;0;0;0;1;1;0;0;0;1;1;0;1;0;1;0;0;1;0;0;1;0;0;0;0;1;1;1;0;0;0;0;1;0;1;0;15.64
1;1;0;0;1;1;0;0;0;1;1;0;0;0;1;1;0;1;0;1;0;0;0;0;1;1;0;0;0;0;1;1;1;0;0;0;0;1;0;1;0;18.83
1;1;0;0;1;1;0;0;0;1;1;0;0;0;1;1;0;1;0;1;1;0;0;0;0;1;1;0;0;0;0;1;0;1;0;0;0;1;0;1;0;5.46
1;1;0;0;1;1;0;0;0;1;1;0;0;0;1;1;0;1;0;1;0;0;0;1;0;1;1;0;0;0;0;1;0;1;0;0;0;1;0;1;0;8.48
1;1;0;0;1;1;0;0;0;1;1;0;0;0;1;1;0;1;0;1;0;0;1;0;0;1;0;1;0;0;0;1;0;1;0;0;0;1;0;1;0;5.64
1;1;0;0;1;1;0;0;0;1;1;0;0;0;1;1;0;1;0;1;0;0;0;1;0;1;0;1;0;0;0;1;0;1;0;0;0;1;0;1;0;6.32
1;1;0;0;1;1;0;0;0;1;1;0;0;0;1;1;0;1;0;1;0;0;0;0;1;1;0;1;0;0;0;1;0;1;0;0;0;1;0;1;0;6.7
1;1;0;0;1;1;0;0;0;1;1;0;0;0;1;1;0;1;0;1;1;0;0;0;0;1;0;0;1;0;0;1;0;1;0;0;0;1;0;1;0;4.69
1;1;0;0;1;1;0;0;0;1;1;0;0;0;1;1;0;1;0;1;0;1;0;0;0;1;0;0;1;0;0;1;0;1;0;0;0;1;0;1;0;4.78
1;1;0;0;1;1;0;0;0;1;1;0;0;0;1;1;0;1;0;1;0;0;1;0;0;1;0;0;1;0;0;1;0;1;0;0;0;1;0;1;0;5.54
1;1;0;0;1;1;0;0;0;1;1;0;0;0;1;1;0;1;0;1;0;0;0;1;0;1;0;0;1;0;0;1;0;1;0;0;0;1;0;1;0;6.23
1;1;0;0;1;1;0;0;0;1;1;0;0;0;1;1;0;1;0;1;0;1;0;0;0;1;0;0;0;1;0;1;0;1;0;0;0;1;0;1;0;4.84
1;1;0;0;1;1;0;0;0;1;1;0;0;0;1;1;0;1;0;1;0;0;0;1;0;1;0;0;0;1;0;1;0;1;0;0;0;1;0;1;0;6.27
1;1;0;0;1;1;0;0;0;1;1;0;0;0;1;1;0;1;0;1;0;0;0;1;0;1;0;0;0;0;1;1;0;1;0;0;0;1;0;1;0;6.25
1;1;0;0;1;1;0;0;0;1;1;0;0;0;1;1;0;1;0;1;0;0;0;0;1;1;0;0;0;0;1;1;0;1;0;0;0;1;0;1;0;7.04
1;1;0;0;1;1;0;0;0;1;1;0;0;0;1;1;0;1;0;1;0;0;1;0;0;1;1;0;0;0;0;1;0;0;1;0;0;1;0;1;0;3.73
1;1;0;0;1;1;0;0;0;1;1;0;0;0;1;1;0;1;0;1;0;0;0;1;0;1;1;0;0;0;0;1;0;0;1;0;0;1;0;1;0;4.12
1;1;0;0;1;1;0;0;0;1;1;0;0;0;1;1;0;1;0;1;0;1;0;0;0;1;0;1;0;0;0;1;0;0;1;0;0;1;0;1;0;2.97
1;1;0;0;1;1;0;0;0;1;1;0;0;0;1;1;0;1;0;1;0;0;1;0;0;1;0;1;0;0;0;1;0;0;1;0;0;1;0;1;0;3.16
1;1;0;0;1;1;0;0;0;1;1;0;0;0;1;1;0;0;1;1;0;0;1;0;0;1;0;1;0;0;0;1;0;0;1;0;0;1;0;1;0;3.42
1;1;0;0;1;1;0;0;0;1;1;0;0;0;1;1;0;1;0;1;0;0;1;0;0;1;0;0;1;0;0;1;0;0;1;0;0;1;0;1;0;3.48
1;1;0;0;1;1;0;0;0;1;1;0;0;0;1;1;0;1;0;1;0;0;0;1;0;1;0;0;1;0;0;1;0;0;1;0;0;1;0;1;0;3.86
1;1;0;0;1;1;0;0;0;1;1;0;0;0;1;1;0;1;0;1;1;0;0;0;0;1;0;0;0;1;0;1;0;0;1;0;0;1;0;1;0;2.6
1;1;0;0;1;1;0;0;0;1;1;0;0;0;1;1;0;1;0;1;0;0;0;1;0;1;0;0;0;1;0;1;0;0;1;0;0;1;0;1;0;3.31
1;1;0;0;1;1;0;0;0;1;1;0;0;0;1;1;0;1;0;1;0;0;0;1;0;1;0;0;0;0;1;1;0;0;1;0;0;1;0;1;0;3.27
1;1;0;0;1;1;0;0;0;1;1;0;0;0;1;1;0;1;0;1;0;0;0;0;1;1;0;0;0;0;1;1;0;0;1;0;0;1;0;1;0;3.36
1;1;0;0;1;1;0;0;0;1;1;0;0;0;1;1;0;1;0;1;0;0;0;1;0;1;1;0;0;0;0;1;0;0;0;1;0;1;0;1;0;3.75
1;1;0;0;1;1;0;0;0;1;1;0;0;0;1;1;0;1;0;1;0;1;0;0;0;1;0;1;0;0;0;1;0;0;0;1;0;1;0;1;0;2.82
1;1;0;0;1;1;0;0;0;1;1;0;0;0;1;1;0;1;0;1;0;0;1;0;0;1;0;1;0;0;0;1;0;0;0;1;0;1;0;1;0;2.99
1;1;0;0;1;1;0;0;0;1;1;0;0;0;1;1;0;1;0;1;0;0;1;0;0;1;0;0;1;0;0;1;0;0;0;1;0;1;0;1;0;3.45
1;1;0;0;1;1;0;0;0;1;1;0;0;0;1;1;0;1;0;1;0;0;0;1;0;1;0;0;1;0;0;1;0;0;0;1;0;1;0;1;0;3.19
1;1;0;0;1;1;0;0;0;1;1;0;0;0;1;1;0;1;0;1;0;1;0;0;0;1;0;0;0;1;0;1;0;0;0;1;0;1;0;1;0;3.07
1;1;0;0;1;1;0;0;0;1;1;0;0;0;1;1;0;1;0;1;0;0;0;1;0;1;0;0;0;1;0;1;0;0;0;1;0;1;0;1;0;3.14
1;1;0;0;1;1;0;0;0;1;1;0;0;0;1;1;0;1;0;1;0;0;0;1;0;1;0;0;0;0;1;1;0;0;0;1;0;1;0;1;0;3.57
1;1;0;0;1;1;0;0;0;1;1;0;0;0;1;1;0;1;0;1;0;0;0;0;1;1;0;0;0;0;1;1;0;0;0;1;0;1;0;1;0;3.32
1;1;0;0;1;1;0;0;0;1;1;0;0;0;1;1;0;1;0;1;0;0;1;0;0;1;1;0;0;0;0;1;0;0;0;0;1;1;0;1;0;3.57
1;1;0;0;1;1;0;0;0;1;1;0;0;0;1;1;0;1;0;1;0;0;0;1;0;1;1;0;0;0;0;1;0;0;0;0;1;1;0;1;0;3.77
1;1;0;0;1;1;0;0;0;1;1;0;0;0;1;1;0;1;0;1;0;0;0;0;1;1;1;0;0;0;0;1;0;0;0;0;1;1;0;1;0;4.01
1;1;0;0;1;1;0;0;0;1;1;0;0;0;1;1;0;1;0;1;0;0;1;0;0;1;0;1;0;0;0;1;0;0;0;0;1;1;0;1;0;2.99
1;1;0;0;1;1;0;0;0;1;1;0;0;0;1;1;0;1;0;1;0;0;0;1;0;1;0;1;0;0;0;1;0;0;0;0;1;1;0;1;0;3.13
1;1;0;0;1;1;0;0;0;1;1;0;0;0;1;1;0;0;1;1;0;0;0;0;1;1;0;1;0;0;0;1;0;0;0;0;1;1;0;1;0;3.24
1;1;0;0;1;1;0;0;0;1;1;0;0;0;1;1;0;1;0;1;0;0;0;1;0;1;0;0;1;0;0;1;0;0;0;0;1;1;0;1;0;3.07
1;1;0;0;1;1;0;0;0;1;1;0;0;0;1;1;0;1;0;1;0;0;0;0;1;1;0;0;1;0;0;1;0;0;0;0;1;1;0;1;0;3.25
1;1;0;0;1;1;0;0;0;1;1;0;0;0;1;1;0;1;0;1;0;0;0;1;0;1;0;0;0;1;0;1;0;0;0;0;1;1;0;1;0;3.43
1;1;0;0;1;1;0;0;0;1;1;0;0;0;1;1;0;1;0;1;0;0;0;0;1;1;0;0;0;1;0;1;0;0;0;0;1;1;0;1;0;3.56
1;1;0;0;1;1;0;0;0;1;1;0;0;0;1;1;0;1;0;1;0;0;0;1;0;1;0;0;0;0;1;1;0;0;0;0;1;1;0;1;0;3.24
1;1;0;0;1;1;0;0;0;1;1;0;0;0;1;1;0;1;0;1;0;0;0;0;1;1;0;0;0;0;1;1;0;0;0;0;1;1;0;1;0;3.49
1;1;0;0;1;1;0;0;0;1;1;0;0;0;0;1;1;0;0;1;1;0;0;0;0;1;1;0;0;0;0;1;1;0;0;0;0;1;1;0;0;30.4
1;1;0;0;1;1;0;0;0;1;1;0;0;0;0;1;0;0;1;1;1;0;0;0;0;1;1;0;0;0;0;1;1;0;0;0;0;1;0;1;0;20.48
1;1;0;0;1;1;0;0;0;1;1;0;0;0;0;1;0;0;1;1;0;1;0;0;0;1;1;0;0;0;0;1;1;0;0;0;0;1;0;1;0;19.55
1;1;0;0;1;1;0;0;0;1;1;0;0;0;0;1;0;0;1;1;0;0;1;0;0;1;1;0;0;0;0;1;1;0;0;0;0;1;0;1;0;22.96
1;1;0;0;1;1;0;0;0;1;1;0;0;0;0;1;0;0;1;1;0;0;0;1;0;1;1;0;0;0;0;1;1;0;0;0;0;1;0;1;0;26.04
1;1;0;0;1;1;0;0;0;1;1;0;0;0;0;1;0;0;1;1;0;0;0;0;1;1;1;0;0;0;0;1;1;0;0;0;0;1;0;1;0;29.47
1;1;0;0;1;1;0;0;0;1;1;0;0;0;0;1;0;0;1;1;1;0;0;0;0;1;0;1;0;0;0;1;1;0;0;0;0;1;0;1;0;15.15
1;1;0;0;1;1;0;0;0;1;1;0;0;0;0;1;0;0;1;1;0;1;0;0;0;1;0;1;0;0;0;1;1;0;0;0;0;1;0;1;0;14.87
1;1;0;0;1;1;0;0;0;1;1;0;0;0;0;1;0;0;1;1;0;0;0;0;1;1;0;1;0;0;0;1;1;0;0;0;0;1;0;1;0;18.52
1;1;0;0;1;1;0;0;0;1;1;0;0;0;0;1;0;0;1;1;1;0;0;0;0;1;0;0;1;0;0;1;1;0;0;0;0;1;0;1;0;15.41
1;1;0;0;1;1;0;0;0;1;1;0;0;0;0;1;0;0;1;1;0;1;0;0;0;1;0;0;1;0;0;1;1;0;0;0;0;1;0;1;0;13.71
1;1;0;0;1;1;0;0;0;1;1;0;0;0;0;1;0;0;1;1;0;0;1;0;0;1;0;0;1;0;0;1;1;0;0;0;0;1;0;1;0;15.57
1;1;0;0;1;1;0;0;0;1;1;0;0;0;0;1;0;0;1;1;0;0;0;1;0;1;0;0;1;0;0;1;1;0;0;0;0;1;0;1;0;17.02
1;1;0;0;1;1;0;0;0;1;1;0;0;0;0;1;0;0;1;1;0;0;0;0;1;1;0;0;1;0;0;1;1;0;0;0;0;1;0;1;0;18.69
1;1;0;0;1;1;0;0;0;1;1;0;0;0;0;1;0;0;1;1;1;0;0;0;0;1;0;0;0;1;0;1;1;0;0;0;0;1;0;1;0;15.21
1;1;0;0;1;1;0;0;0;1;1;0;0;0;0;1;0;0;1;1;0;1;0;0;0;1;0;0;0;1;0;1;1;0;0;0;0;1;0;1;0;13.73
1;1;0;0;1;1;0;0;0;1;1;0;0;0;0;1;0;0;1;1;0;0;1;0;0;1;0;0;0;1;0;1;1;0;0;0;0;1;0;1;0;15.23
1;1;0;0;1;1;0;0;0;1;1;0;0;0;0;1;0;0;1;1;0;0;0;1;0;1;0;0;0;1;0;1;1;0;0;0;0;1;0;1;0;16.91
1;1;0;0;1;1;0;0;0;1;1;0;0;0;0;1;0;0;1;1;0;0;0;0;1;1;0;0;0;1;0;1;1;0;0;0;0;1;0;1;0;18.57
1;1;0;0;1;1;0;0;0;1;1;0;0;0;0;1;0;0;1;1;1;0;0;0;0;1;0;0;0;0;1;1;1;0;0;0;0;1;0;1;0;15.49
1;1;0;0;1;1;0;0;0;1;1;0;0;0;0;1;0;0;1;1;0;1;0;0;0;1;0;0;0;0;1;1;1;0;0;0;0;1;0;1;0;13.65
1;1;0;0;1;1;0;0;0;1;1;0;0;0;0;1;0;0;1;1;0;0;1;0;0;1;0;0;0;0;1;1;1;0;0;0;0;1;0;1;0;16.7
1;1;0;0;1;1;0;0;0;1;1;0;0;0;0;1;0;0;1;1;0;0;0;1;0;1;0;0;0;0;1;1;1;0;0;0;0;1;0;1;0;16.91
1;1;0;0;1;1;0;0;0;1;1;0;0;0;0;1;0;0;1;1;0;0;0;0;1;1;0;0;0;0;1;1;1;0;0;0;0;1;0;1;0;18.59
1;1;0;0;1;1;0;0;0;1;1;0;0;0;0;1;0;0;1;1;1;0;0;0;0;1;1;0;0;0;0;1;0;1;0;0;0;1;0;1;0;5.61
1;1;0;0;1;1;0;0;0;1;1;0;0;0;0;1;0;0;1;1;0;1;0;0;0;1;1;0;0;0;0;1;0;1;0;0;0;1;0;1;0;6.33
1;1;0;0;1;1;0;0;0;1;1;0;0;0;0;1;0;0;1;1;0;0;1;0;0;1;1;0;0;0;0;1;0;1;0;0;0;1;0;1;0;7.41
1;1;0;0;1;1;0;0;0;1;1;0;0;0;0;1;0;0;1;1;0;0;0;1;0;1;1;0;0;0;0;1;0;1;0;0;0;1;0;1;0;9.48
1;1;0;0;1;1;0;0;0;1;1;0;0;0;0;1;0;0;1;1;1;0;0;0;0;1;0;1;0;0;0;1;0;1;0;0;0;1;0;1;0;4.54
1;1;0;0;1;1;0;0;0;1;1;0;0;0;0;1;0;0;1;1;0;0;1;0;0;1;0;1;0;0;0;1;0;1;0;0;0;1;0;1;0;5.62
1;1;0;0;1;1;0;0;0;1;1;0;0;0;0;1;0;0;1;1;0;0;0;1;0;1;0;1;0;0;0;1;0;1;0;0;0;1;0;1;0;6.05
1;1;0;0;1;1;0;0;0;1;1;0;0;0;0;1;0;0;1;1;1;0;0;0;0;1;0;0;1;0;0;1;0;1;0;0;0;1;0;1;0;5.02
1;1;0;0;1;1;0;0;0;1;1;0;0;0;0;1;0;0;1;1;0;0;1;0;0;1;0;0;1;0;0;1;0;1;0;0;0;1;0;1;0;5.61
1;1;0;0;1;1;0;0;0;1;1;0;0;0;0;1;0;0;1;1;0;0;0;0;1;1;0;0;1;0;0;1;0;1;0;0;0;1;0;1;0;6.67
1;1;0;0;1;1;0;0;0;1;1;0;0;0;0;1;0;0;1;1;1;0;0;0;0;1;0;0;0;1;0;1;0;1;0;0;0;1;0;1;0;4.51
1;0;1;0;1;0;0;0;1;1;0;0;1;0;0;1;0;0;1;1;0;0;1;0;0;1;1;0;0;0;0;1;1;0;0;0;0;1;1;0;0;53.18
1;0;1;0;1;0;0;0;1;1;0;0;1;0;0;1;0;0;1;1;0;1;0;0;0;1;0;1;0;0;0;1;1;0;0;0;0;1;1;0;0;48.61
1;0;1;0;1;0;0;0;1;1;0;0;1;0;0;1;0;0;1;1;0;0;1;0;0;1;0;1;0;0;0;1;1;0;0;0;0;1;1;0;0;53.01
1;0;1;0;1;0;0;0;1;1;0;0;1;0;0;1;0;0;1;1;0;0;0;1;0;1;0;1;0;0;0;1;1;0;0;0;0;1;1;0;0;56.69
1;0;1;0;1;0;0;0;1;1;0;0;1;0;0;1;0;0;1;1;0;0;0;0;1;1;0;1;0;0;0;1;1;0;0;0;0;1;1;0;0;58.34
1;0;1;0;1;0;0;0;1;1;0;0;1;0;0;1;0;0;1;1;0;1;0;0;0;1;0;0;1;0;0;1;1;0;0;0;0;1;1;0;0;48.62
1;0;1;0;1;0;0;0;1;1;0;0;1;0;0;1;0;0;1;1;1;0;0;0;0;1;0;0;0;1;0;1;1;0;0;0;0;1;1;0;0;43.3
1;0;1;0;1;0;0;0;1;1;0;0;1;0;0;1;0;0;1;1;1;0;0;0;0;1;0;0;0;0;1;1;1;0;0;0;0;1;1;0;0;43.51
1;0;1;0;1;0;0;0;1;1;0;0;1;0;0;1;0;0;1;1;1;0;0;0;0;1;0;1;0;0;0;1;0;1;0;0;0;1;1;0;0;14.51
1;0;1;0;1;0;0;0;1;1;0;0;1;0;0;1;0;0;1;1;0;1;0;0;0;1;0;1;0;0;0;1;0;1;0;0;0;1;1;0;0;16.01
1;0;1;0;1;0;0;0;1;1;0;0;1;0;0;1;0;0;1;1;1;0;0;0;0;1;0;0;1;0;0;1;0;1;0;0;0;1;1;0;0;14.48
1;0;1;0;1;0;0;0;1;1;0;0;1;0;0;1;0;0;1;1;0;0;1;0;0;1;0;0;1;0;0;1;0;1;0;0;0;1;1;0;0;17.5
1;0;1;0;1;0;0;0;1;1;0;0;1;0;0;1;0;0;1;1;0;1;0;0;0;1;0;0;0;1;0;1;0;1;0;0;0;1;1;0;0;16.01
1;0;1;0;1;0;0;0;1;1;0;0;1;0;0;1;0;0;1;1;1;0;0;0;0;1;0;0;0;0;1;1;0;1;0;0;0;1;1;0;0;14.48
1;0;1;0;1;0;0;0;1;1;0;0;1;0;0;1;0;0;1;1;0;0;0;0;1;1;0;0;0;0;1;1;0;1;0;0;0;1;1;0;0;18.82
1;0;1;0;1;0;0;0;1;1;0;0;1;0;0;1;0;0;1;1;0;1;0;0;0;1;1;0;0;0;0;1;0;0;1;0;0;1;1;0;0;8.44
1;0;1;0;1;0;0;0;1;1;0;0;1;0;0;1;0;0;1;1;0;0;0;1;0;1;1;0;0;0;0;1;0;0;1;0;0;1;1;0;0;9.46
1;0;1;0;1;0;0;0;1;1;0;0;1;0;0;1;0;0;1;1;1;0;0;0;0;1;0;1;0;0;0;1;0;0;1;0;0;1;1;0;0;7.67
1;0;1;0;1;0;0;0;1;1;0;0;1;0;0;1;0;0;1;1;0;1;0;0;0;1;0;1;0;0;0;1;0;0;1;0;0;1;1;0;0;8.39
1;0;1;0;1;0;0;0;1;1;0;0;1;0;0;1;0;0;1;1;0;0;1;0;0;1;0;1;0;0;0;1;0;0;1;0;0;1;1;0;0;8.88
1;0;1;0;1;0;0;0;1;1;0;0;1;0;0;1;0;0;1;1;0;0;0;1;0;1;0;1;0;0;0;1;0;0;1;0;0;1;1;0;0;9.41
1;0;1;0;1;0;0;0;1;1;0;0;1;0;0;1;0;0;1;1;0;0;0;0;1;1;0;1;0;0;0;1;0;0;1;0;0;1;1;0;0;9.68
1;0;1;0;1;0;0;0;1;1;0;0;1;0;0;1;0;0;1;1;0;1;0;0;0;1;0;0;1;0;0;1;0;0;1;0;0;1;1;0;0;8.41
1;0;1;0;1;0;0;0;1;1;0;0;1;0;0;1;0;0;1;1;0;0;0;1;0;1;0;0;1;0;0;1;0;0;1;0;0;1;1;0;0;9.45
1;0;1;0;1;0;0;0;1;1;0;0;1;0;0;1;0;0;1;1;0;0;0;0;1;1;0;0;1;0;0;1;0;0;1;0;0;1;1;0;0;9.62
1;0;1;0;1;0;0;0;1;1;0;0;1;0;0;1;0;0;1;1;1;0;0;0;0;1;0;0;0;0;1;1;0;0;1;0;0;1;1;0;0;7.7
1;0;1;0;1;0;0;0;1;1;0;0;1;0;0;1;0;0;1;1;0;0;1;0;0;1;0;0;0;0;1;1;0;0;1;0;0;1;1;0;0;8.84
1;0;1;0;1;0;0;0;1;1;0;0;1;0;0;1;0;0;1;1;0;0;1;0;0;1;1;0;0;0;0;1;0;0;0;1;0;1;1;0;0;0.76
1;0;1;0;1;0;0;0;1;1;0;0;1;0;0;1;0;0;1;1;1;0;0;0;0;1;0;1;0;0;0;1;0;0;0;1;0;1;1;0;0;0.59
1;0;1;0;1;0;0;0;1;1;0;0;1;0;0;1;0;0;1;1;1;0;0;0;0;1;0;0;0;1;0;1;0;0;0;1;0;1;1;0;0;0.55
1;0;1;0;1;0;0;0;1;1;0;0;1;0;0;1;0;0;1;1;0;0;0;1;0;1;0;0;0;0;1;1;0;0;0;1;0;1;1;0;0;0.82
1;0;1;0;1;0;0;0;1;1;0;0;1;0;0;1;0;0;1;1;0;1;0;0;0;1;0;0;1;0;0;1;0;0;0;0;1;1;1;0;0;0.57
1;0;1;0;1;0;0;0;1;1;0;0;1;0;0;1;0;0;1;1;0;0;0;0;1;1;0;0;1;0;0;1;0;0;0;0;1;1;1;0;0;0.72
1;0;1;0;1;0;0;0;1;1;0;0;1;0;0;1;0;0;1;1;1;0;0;0;0;1;0;0;0;0;1;1;0;0;0;0;1;1;1;0;0;0.5
1;0;1;0;1;0;0;0;1;1;0;0;1;0;0;1;0;0;1;1;0;0;0;1;0;1;0;0;0;0;1;1;0;0;0;0;1;1;1;0;0;0.65
1;1;0;0;1;1;0;0;0;1;1;0;0;1;1;1;0;1;0;1;0;0;0;0;1;1;0;1;0;0;0;1;0;1;0;0;0;1;1;0;0;29.06
1;0;1;0;1;0;0;1;0;1;0;0;1;0;0;1;0;1;0;1;1;0;0;0;0;1;1;0;0;0;0;1;1;0;0;0;0;1;1;0;0;46.05
1;0;1;0;1;0;0;1;0;1;0;0;1;0;0;1;0;1;0;1;0;1;0;0;0;1;1;0;0;0;0;1;1;0;0;0;0;1;1;0;0;53.52
1;0;1;0;1;0;0;1;0;1;0;0;1;0;0;1;0;1;0;1;0;0;0;1;0;1;1;0;0;0;0;1;1;0;0;0;0;1;1;0;0;61.54
1;0;1;0;1;0;0;1;0;1;0;0;1;0;0;1;0;1;0;1;0;0;0;0;1;1;1;0;0;0;0;1;1;0;0;0;0;1;1;0;0;63.27
1;0;1;0;1;0;0;1;0;1;0;0;1;0;0;1;0;1;0;1;0;0;0;1;0;1;0;0;1;0;0;1;1;0;0;0;0;1;1;0;0;61.65
1;0;1;0;1;0;0;1;0;1;0;0;1;0;0;1;0;1;0;1;0;0;0;0;1;1;0;0;1;0;0;1;1;0;0;0;0;1;1;0;0;63.41
1;0;1;0;1;0;0;1;0;1;0;0;1;0;0;1;0;1;0;1;0;0;1;0;0;1;0;0;0;1;0;1;1;0;0;0;0;1;1;0;0;57.99
1;0;1;0;1;0;0;1;0;1;0;0;1;0;0;1;0;1;0;1;0;0;0;1;0;1;0;0;0;1;0;1;1;0;0;0;0;1;1;0;0;61.33
1;0;1;0;1;0;0;1;0;1;0;0;1;0;0;1;0;1;0;1;1;0;0;0;0;1;0;0;0;0;1;1;1;0;0;0;0;1;1;0;0;46.05
1;0;1;0;1;0;0;1;0;1;0;0;1;0;0;1;0;1;0;1;0;1;0;0;0;1;0;0;0;0;1;1;1;0;0;0;0;1;1;0;0;53.58
1;0;1;0;1;0;0;1;0;1;0;0;1;0;0;1;0;1;0;1;0;0;0;1;0;1;0;0;0;0;1;1;1;0;0;0;0;1;1;0;0;61.56
1;0;1;0;1;0;0;1;0;1;0;0;1;0;0;1;0;1;0;1;0;0;0;1;0;1;1;0;0;0;0;1;0;1;0;0;0;1;1;0;0;18.85
1;0;1;0;1;0;0;1;0;1;0;0;1;0;0;1;0;1;0;1;0;0;0;0;1;1;1;0;0;0;0;1;0;1;0;0;0;1;1;0;0;19.18
1;0;1;0;1;0;0;1;0;1;0;0;1;0;0;1;0;1;0;1;0;0;0;0;1;1;0;1;0;0;0;1;0;1;0;0;0;1;1;0;0;19.05
1;0;1;0;1;0;0;1;0;1;0;0;1;0;0;1;0;1;0;1;0;0;0;1;0;1;0;0;1;0;0;1;0;1;0;0;0;1;1;0;0;18.91
1;0;1;0;1;0;0;1;0;1;0;0;1;0;0;1;0;1;0;1;1;0;0;0;0;1;0;0;0;0;1;1;0;1;0;0;0;1;1;0;0;15.24
1;0;1;0;1;0;0;1;0;1;0;0;1;0;0;1;0;1;0;1;0;1;0;0;0;1;0;0;0;0;1;1;0;1;0;0;0;1;1;0;0;16.76
1;0;1;0;1;0;0;1;0;1;0;0;1;0;0;1;0;1;0;1;0;1;0;0;0;1;1;0;0;0;0;1;0;0;1;0;0;1;1;0;0;8.62
1;0;1;0;1;0;0;1;0;1;0;0;1;0;0;1;0;1;0;1;0;0;0;0;1;1;1;0;0;0;0;1;0;0;1;0;0;1;1;0;0;9.57
1;0;1;0;1;0;0;1;0;1;0;0;1;0;0;1;0;1;0;1;0;0;1;0;0;1;0;1;0;0;0;1;0;0;1;0;0;1;1;0;0;9.03
1;0;1;0;1;0;0;1;0;1;0;0;1;0;0;1;0;1;0;1;0;0;0;1;0;1;0;1;0;0;0;1;0;0;1;0;0;1;1;0;0;9.23
1;0;1;0;1;0;0;1;0;1;0;0;1;0;0;1;0;1;0;1;0;1;0;0;0;1;0;0;1;0;0;1;0;0;1;0;0;1;1;0;0;8.55
1;0;1;0;1;0;0;1;0;1;0;0;1;0;0;1;0;1;0;1;0;0;0;0;1;1;0;0;1;0;0;1;0;0;1;0;0;1;1;0;0;9.53
1;0;1;0;1;0;0;1;0;1;0;0;1;0;0;1;0;1;0;1;0;1;0;0;0;1;0;0;0;0;1;1;0;0;1;0;0;1;1;0;0;8.58
1;0;1;0;1;0;0;1;0;1;0;0;1;0;0;1;0;1;0;1;0;0;1;0;0;1;0;0;0;0;1;1;0;0;1;0;0;1;1;0;0;8.9
1;0;1;0;1;0;0;1;0;1;0;0;1;0;0;1;0;1;0;1;1;0;0;0;0;1;1;0;0;0;0;1;0;0;0;1;0;1;1;0;0;0.59
1;0;1;0;1;0;0;1;0;1;0;0;1;0;0;1;0;1;0;1;0;1;0;0;0;1;0;0;1;0;0;1;0;0;0;1;0;1;1;0;0;0.74
1;0;1;0;1;0;0;1;0;1;0;0;1;0;0;1;0;1;0;1;0;1;0;0;0;1;0;0;0;1;0;1;0;0;0;1;0;1;1;0;0;0.73
1;0;1;0;1;0;0;1;0;1;0;0;1;0;0;1;0;1;0;1;1;0;0;0;0;1;0;0;0;0;1;1;0;0;0;1;0;1;1;0;0;0.57
1;0;1;0;1;0;0;1;0;1;0;0;1;0;0;1;0;1;0;1;0;1;0;0;0;1;0;0;0;0;1;1;0;0;0;1;0;1;1;0;0;0.73
1;0;1;0;1;0;0;1;0;1;0;0;1;0;0;1;0;1;0;1;0;0;0;0;1;1;1;0;0;0;0;1;0;0;0;0;1;1;1;0;0;0.7
1;0;1;0;1;0;0;1;0;1;0;0;1;0;0;1;0;1;0;1;1;0;0;0;0;1;0;1;0;0;0;1;0;0;0;0;1;1;1;0;0;0.5
1;0;1;0;1;0;0;1;0;1;0;0;1;0;0;1;0;1;0;1;0;0;1;0;0;1;0;1;0;0;0;1;0;0;0;0;1;1;1;0;0;0.65
1;0;1;0;1;0;0;1;0;1;0;0;1;0;0;1;0;1;0;1;0;0;0;1;0;1;0;1;0;0;0;1;0;0;0;0;1;1;1;0;0;0.64
1;0;1;0;1;0;0;1;0;1;0;0;1;0;0;1;0;1;0;1;1;0;0;0;0;1;0;0;1;0;0;1;0;0;0;0;1;1;1;0;0;0.5
1;0;1;0;1;0;0;1;0;1;0;0;1;0;0;1;0;1;0;1;1;0;0;0;0;1;0;0;0;0;1;1;0;0;0;0;1;1;1;0;0;0.49
1;0;1;0;1;0;0;1;0;1;0;0;1;0;0;1;0;0;1;1;0;0;0;1;0;1;0;1;0;0;0;1;1;0;0;0;0;1;0;1;0;20.46
1;0;1;0;1;0;0;1;0;1;0;0;1;0;0;1;0;0;1;1;1;0;0;0;0;1;0;0;1;0;0;1;1;0;0;0;0;1;0;1;0;15.78
1;0;1;0;1;0;0;1;0;1;0;0;1;0;0;1;0;0;1;1;0;1;0;0;0;1;0;0;1;0;0;1;1;0;0;0;0;1;0;1;0;18.32
1;0;1;0;1;0;0;1;0;1;0;0;1;0;0;1;0;0;1;1;0;1;0;0;0;1;0;0;0;0;1;1;1;0;0;0;0;1;0;1;0;18.22
1;0;1;0;1;0;0;1;0;1;0;0;1;0;0;1;0;0;1;1;0;0;0;1;0;1;0;0;1;0;0;1;0;1;0;0;0;1;0;1;0;5.82
1;0;1;0;1;0;0;1;0;1;0;0;1;1;0;1;0;0;1;1;1;0;0;0;0;1;0;1;0;0;0;1;0;1;0;0;0;1;0;1;0;13.92
1;0;1;0;1;0;0;1;0;1;0;0;1;1;0;1;0;0;1;1;0;0;0;1;0;1;0;1;0;0;0;1;0;1;0;0;0;1;0;1;0;14.11
1;0;1;0;1;0;0;1;0;1;0;0;1;1;0;1;0;0;1;1;0;0;0;1;0;1;0;0;1;0;0;1;0;1;0;0;0;1;0;1;0;13.2
1;0;1;0;1;0;0;1;0;1;0;0;1;1;0;1;0;0;1;1;0;0;0;1;0;1;0;0;1;0;0;1;0;0;1;0;0;1;0;1;0;5.93
1;0;1;0;1;0;0;1;0;1;0;0;1;1;0;1;0;0;1;1;0;0;0;1;0;1;0;0;0;1;0;1;0;0;1;0;0;1;0;1;0;6.08
1;0;1;0;1;0;0;1;0;1;0;0;1;0;0;1;0;0;1;1;0;1;0;0;0;1;0;0;1;0;0;1;0;0;1;0;0;1;0;1;0;3.02
1;0;1;0;1;0;0;1;0;1;0;0;1;0;0;1;0;0;1;1;0;0;0;1;0;1;0;0;1;0;0;1;0;0;1;0;0;1;0;1;0;3.26
1;0;1;0;1;0;0;1;0;1;0;0;1;0;0;1;0;0;1;1;0;0;0;1;0;1;0;0;0;1;0;1;0;0;1;0;0;1;0;1;0;3.37
1;0;1;0;1;0;0;1;0;1;0;0;1;0;0;1;0;0;1;1;0;0;0;0;1;1;0;0;0;0;1;1;0;0;1;0;0;1;0;1;0;3.31
1;0;1;0;1;0;0;1;0;1;0;0;1;0;0;1;0;0;1;1;1;0;0;0;0;1;0;0;1;0;0;1;0;0;0;1;0;1;0;1;0;0.22
1;0;1;0;1;0;0;1;0;1;0;0;1;0;0;1;0;0;1;1;0;0;0;1;0;1;0;1;0;0;0;1;0;0;0;0;1;1;0;1;0;0.25
1;0;1;0;1;0;0;1;0;1;0;0;1;0;0;1;0;0;1;1;0;0;0;0;1;1;0;0;0;0;1;1;0;0;1;0;0;1;0;0;1;3.31
1;0;1;1;1;0;0;0;1;1;0;0;1;1;1;1;0;0;1;1;0;0;0;0;1;1;0;0;1;0;0;1;0;0;1;0;0;1;0;0;1;6.04
1;0;1;0;1;0;0;0;1;1;0;0;1;1;0;1;0;0;1;1;0;0;0;1;0;1;0;0;0;1;0;1;0;1;0;0;0;1;0;1;0;13.78
1;0;1;0;1;0;0;0;1;1;0;0;1;1;0;1;0;0;1;1;0;0;0;1;0;1;1;0;0;0;0;1;0;0;0;0;1;1;0;1;0;1.96
1;0;1;0;1;1;0;0;0;1;0;0;1;0;0;1;0;0;1;1;0;0;0;0;1;1;1;0;0;0;0;1;1;0;0;0;0;1;1;0;0;59.29
1;0;1;0;1;1;0;0;0;1;0;0;1;0;0;1;1;0;0;1;1;0;0;0;0;1;0;1;0;0;0;1;1;0;0;0;0;1;1;0;0;43.4
1;0;1;0;1;1;0;0;0;1;0;0;1;0;0;1;0;0;1;1;0;0;0;0;1;1;0;1;0;0;0;1;1;0;0;0;0;1;1;0;0;59.26
1;0;1;0;1;1;0;0;0;1;0;0;1;0;0;1;0;0;1;1;1;0;0;0;0;1;0;0;1;0;0;1;1;0;0;0;0;1;1;0;0;43.23
1;0;1;0;1;1;0;0;0;1;0;0;1;0;0;1;1;0;0;1;0;0;1;0;0;1;0;0;1;0;0;1;1;0;0;0;0;1;1;0;0;53.35
1;0;1;0;1;1;0;0;0;1;0;0;1;0;0;1;0;1;0;1;0;0;1;0;0;1;0;0;1;0;0;1;1;0;0;0;0;1;1;0;0;52.99
1;0;1;0;1;1;0;0;0;1;0;0;1;0;0;1;0;0;1;1;0;0;1;0;0;1;0;0;1;0;0;1;1;0;0;0;0;1;1;0;0;54.06
1;0;1;0;1;1;0;0;0;1;0;0;1;0;0;1;0;0;1;1;0;0;0;0;1;1;0;0;1;0;0;1;1;0;0;0;0;1;1;0;0;58.94
1;0;1;0;1;1;0;0;0;1;0;0;1;0;0;1;0;0;1;1;0;1;0;0;0;1;0;0;0;1;0;1;1;0;0;0;0;1;1;0;0;48.18
1;0;1;0;1;1;0;0;0;1;0;0;1;0;0;1;0;0;1;1;0;0;1;0;0;1;0;0;0;1;0;1;1;0;0;0;0;1;1;0;0;53.4
1;0;1;0;1;1;0;0;0;1;0;0;1;0;0;1;0;0;1;1;0;0;1;0;0;1;0;0;0;0;1;1;1;0;0;0;0;1;1;0;0;53.29
1;0;1;0;1;1;0;0;0;1;0;0;1;0;0;1;0;0;1;1;0;0;0;0;1;1;0;0;0;0;1;1;1;0;0;0;0;1;1;0;0;58.94
1;0;1;0;1;1;0;0;0;1;0;0;1;0;0;1;0;0;1;1;0;0;0;0;1;1;1;0;0;0;0;1;0;1;0;0;0;1;1;0;0;18.3
1;0;1;0;1;1;0;0;0;1;0;0;1;0;0;1;0;0;1;1;0;1;0;0;0;1;0;1;0;0;0;1;0;1;0;0;0;1;1;0;0;15.78
1;0;1;0;1;1;0;0;0;1;0;0;1;0;0;1;0;0;1;1;0;0;0;0;1;1;0;1;0;0;0;1;0;1;0;0;0;1;1;0;0;18.44
1;0;1;0;1;1;0;0;0;1;0;0;1;0;0;1;0;0;1;1;1;0;0;0;0;1;0;0;1;0;0;1;0;1;0;0;0;1;1;0;0;14.46
1;0;1;0;1;1;0;0;0;1;0;0;1;0;0;1;0;0;1;1;0;0;0;0;1;1;0;0;1;0;0;1;0;1;0;0;0;1;1;0;0;18.99
1;0;1;0;1;1;0;0;0;1;0;0;1;0;0;1;0;0;1;1;0;0;0;0;1;1;0;0;0;1;0;1;0;1;0;0;0;1;1;0;0;19.17
1;0;1;0;1;1;0;0;0;1;0;0;1;0;0;1;0;1;0;1;0;0;1;0;0;1;0;0;0;0;1;1;0;1;0;0;0;1;1;0;0;17.2
1;0;1;0;1;1;0;0;0;1;0;0;1;0;0;1;0;0;1;1;0;0;1;0;0;1;0;0;0;0;1;1;0;1;0;0;0;1;1;0;0;17.45
1;0;1;0;1;1;0;0;0;1;0;0;1;0;0;1;0;0;1;1;0;1;0;0;0;1;0;1;0;0;0;1;0;0;1;0;0;1;1;0;0;7.87
1;0;1;0;1;1;0;0;0;1;0;0;1;0;0;1;0;0;1;1;0;0;0;0;1;1;0;1;0;0;0;1;0;0;1;0;0;1;1;0;0;9
1;0;1;0;1;1;0;0;0;1;0;0;1;0;0;1;0;0;1;1;1;0;0;0;0;1;0;0;1;0;0;1;0;0;1;0;0;1;1;0;0;6.97
1;0;1;0;1;1;0;0;0;1;0;0;1;0;0;1;0;0;1;1;0;1;0;0;0;1;0;0;1;0;0;1;0;0;1;0;0;1;1;0;0;7.86
1;0;1;0;1;1;0;0;0;1;0;0;1;0;0;1;0;0;1;1;0;0;1;0;0;1;0;0;1;0;0;1;0;0;1;0;0;1;1;0;0;8.18
1;0;1;0;1;1;0;0;0;1;0;0;1;0;0;1;0;0;1;1;0;0;0;0;1;1;0;0;1;0;0;1;0;0;1;0;0;1;1;0;0;8.92
1;0;1;0;1;1;0;0;0;1;0;0;1;0;0;1;0;0;1;1;1;0;0;0;0;1;0;0;0;1;0;1;0;0;1;0;0;1;1;0;0;7.1
1;0;1;0;1;1;0;0;0;1;0;0;1;0;0;1;0;0;1;1;0;1;0;0;0;1;0;0;0;1;0;1;0;0;1;0;0;1;1;0;0;7.85
1;0;1;0;1;1;0;0;0;1;0;0;1;0;0;1;0;0;1;1;0;0;1;0;0;1;0;0;0;1;0;1;0;0;1;0;0;1;1;0;0;8.14
1;0;1;0;1;1;0;0;0;1;0;0;1;0;0;1;0;1;0;1;0;0;1;0;0;1;0;0;0;0;1;1;0;0;1;0;0;1;1;0;0;8.16
1;0;1;0;1;1;0;0;0;1;0;0;1;0;0;1;0;0;1;1;0;0;0;1;0;1;0;0;0;0;1;1;0;0;1;0;0;1;1;0;0;8.6
1;0;1;0;1;1;0;0;0;1;0;0;1;0;0;1;0;0;1;1;0;0;0;0;1;1;0;0;0;0;1;1;0;0;1;0;0;1;1;0;0;8.83
1;0;1;0;1;1;0;0;0;1;0;0;1;0;0;1;0;0;1;1;0;0;1;0;0;1;0;1;0;0;0;1;0;0;0;1;0;1;1;0;0;0.77
1;0;1;0;1;1;0;0;0;1;0;0;1;0;0;1;0;0;1;1;0;0;0;0;1;1;0;1;0;0;0;1;0;0;0;1;0;1;1;0;0;0.82
1;0;1;0;1;1;0;0;0;1;0;0;1;0;0;1;0;0;1;1;0;0;1;0;0;1;0;0;0;0;1;1;0;0;0;1;0;1;1;0;0;0.77
1;0;1;0;1;1;0;0;0;1;0;0;1;0;0;1;0;0;1;1;0;0;0;1;0;1;0;0;0;0;1;1;0;0;0;1;0;1;1;0;0;0.81
1;0;1;0;1;1;0;0;0;1;0;0;1;0;0;1;0;0;1;1;0;1;0;0;0;1;0;0;1;0;0;1;0;0;0;0;1;1;1;0;0;0.54
1;0;1;0;1;1;0;0;0;1;0;0;1;0;0;1;0;1;0;1;0;0;1;0;0;1;0;0;1;0;0;1;0;0;0;0;1;1;1;0;0;0.63
1;0;1;0;1;1;0;0;0;1;0;0;1;0;0;1;0;0;1;1;0;0;1;0;0;1;0;0;1;0;0;1;0;0;0;0;1;1;1;0;0;0.66
1;0;1;0;1;1;0;0;0;1;0;0;1;0;0;1;0;0;1;1;0;0;0;0;1;1;0;0;1;0;0;1;0;0;0;0;1;1;1;0;0;0.71
1;0;1;0;1;1;0;0;0;1;0;0;1;0;0;1;0;0;1;1;0;1;0;0;0;1;0;0;0;1;0;1;0;0;0;0;1;1;1;0;0;0.54
1;0;1;0;1;1;0;0;0;1;0;0;1;0;0;1;0;0;1;1;0;0;1;0;0;1;0;0;0;1;0;1;0;0;0;0;1;1;1;0;0;0.68
1;0;1;0;1;1;0;0;0;1;0;0;1;0;0;1;0;0;1;1;1;0;0;0;0;1;0;0;0;0;1;1;0;0;0;0;1;1;1;0;0;0.54
1;0;1;0;1;1;0;0;0;1;0;0;1;0;0;1;0;0;1;1;0;1;0;0;0;1;0;1;0;0;0;1;1;0;0;0;0;1;0;1;0;17.24
1;0;1;0;1;1;0;0;0;1;0;0;1;0;0;1;0;0;1;1;1;0;0;0;0;1;0;0;0;0;1;1;0;0;0;1;0;1;0;0;1;0.26
1;0;1;0;1;1;0;0;0;1;0;0;1;0;0;1;0;0;1;1;0;1;0;0;0;1;0;0;0;1;0;1;0;0;0;0;1;1;0;0;1;0.24
1;0;1;0;1;1;0;0;0;1;0;0;1;0;0;1;0;0;1;1;0;0;0;1;0;1;0;0;0;0;1;1;0;0;0;0;1;1;0;0;1;0.24
1;0;1;1;1;0;0;1;0;1;0;0;1;1;1;1;0;0;1;1;0;1;0;0;0;1;1;0;0;0;0;1;0;0;1;0;0;1;0;0;1;10.16
1;0;1;0;1;1;0;0;0;1;0;0;1;0;0;1;0;0;1;1;0;1;0;0;0;1;0;0;0;1;0;1;0;0;1;0;0;1;0;1;0;2.66
1;0;1;0;1;1;0;0;0;1;0;0;1;0;0;1;0;0;1;1;0;1;0;0;0;1;0;0;0;1;0;1;0;0;0;0;1;1;0;1;0;0.21
1;0;1;0;1;1;0;0;0;1;0;0;1;0;0;1;0;0;1;1;1;0;0;0;0;1;0;0;0;1;0;1;1;0;0;0;0;1;0;0;1;17.29
1;0;1;0;1;1;0;0;0;1;0;0;1;0;0;1;0;0;1;1;0;0;0;1;0;1;0;0;0;0;1;1;1;0;0;0;0;1;0;0;1;20.97
1;0;1;0;1;1;0;0;0;1;0;0;1;0;0;1;0;0;1;1;0;0;0;0;1;1;0;0;0;0;1;1;1;0;0;0;0;1;0;0;1;22.36
1;0;1;0;1;1;0;0;0;1;0;0;1;0;0;1;0;0;1;1;1;0;0;0;0;1;0;0;0;0;1;1;0;1;0;0;0;1;0;0;1;4.7
1;0;1;0;1;1;0;0;0;1;0;0;1;0;0;1;0;0;1;1;0;0;1;0;0;1;0;0;0;1;0;1;0;0;1;0;0;1;0;0;1;2.8
1;0;1;0;1;1;0;0;0;1;0;0;1;0;0;1;0;0;1;1;0;0;0;1;0;1;0;0;0;1;0;1;0;0;1;0;0;1;0;0;1;3.45
1;0;1;0;1;1;0;0;0;1;0;0;1;0;0;1;0;0;1;1;1;0;0;0;0;1;0;0;0;0;1;1;0;0;1;0;0;1;0;0;1;2.72
1;0;1;0;1;0;0;0;1;1;0;0;1;1;0;1;0;0;1;1;0;0;0;1;0;1;0;1;0;0;0;1;0;1;0;0;0;1;0;1;0;13.67
1;1;0;0;1;0;0;1;0;1;0;0;1;0;0;1;0;1;0;1;1;0;0;0;0;1;0;1;0;0;0;1;1;0;0;0;0;1;1;0;0;29.92
1;1;0;0;1;0;0;1;0;1;0;0;1;0;0;1;0;0;1;1;1;0;0;0;0;1;0;0;0;1;0;1;1;0;0;0;0;1;1;0;0;29.32
1;1;0;0;1;0;0;1;0;1;0;0;1;0;0;1;0;1;0;1;1;0;0;0;0;1;0;0;1;0;0;1;0;1;0;0;0;1;1;0;0;8.05
1;1;0;0;1;0;0;1;0;1;0;0;1;0;0;1;0;0;1;1;1;0;0;0;0;1;0;0;1;0;0;1;0;1;0;0;0;1;1;0;0;8.1
1;1;0;0;1;0;0;1;0;1;0;0;1;0;0;1;0;1;0;1;1;0;0;0;0;1;0;0;0;0;1;1;0;1;0;0;0;1;1;0;0;7.97
1;1;0;0;1;0;0;1;0;1;0;0;1;0;0;1;0;1;0;1;1;0;0;0;0;1;0;0;0;1;0;1;0;0;1;0;0;1;1;0;0;4.16
1;1;0;0;1;0;0;1;0;1;0;0;1;0;0;1;0;0;1;1;1;0;0;0;0;1;0;0;0;1;0;1;0;0;0;1;0;1;1;0;0;3.99
1;1;0;0;1;0;0;1;0;1;0;0;1;0;0;1;0;1;0;1;1;0;0;0;0;1;0;1;0;0;0;1;0;0;0;0;1;1;1;0;0;4.11
1;1;0;0;1;0;0;1;0;1;0;0;1;0;0;1;0;0;1;1;1;0;0;0;0;1;0;1;0;0;0;1;0;0;0;0;1;1;1;0;0;3.87
1;1;0;0;1;0;0;1;0;1;0;0;1;0;0;1;0;1;0;1;0;1;0;0;0;1;0;1;0;0;0;1;0;0;0;0;1;1;1;0;0;4.49
1;1;0;0;1;0;0;1;0;1;0;0;1;0;0;1;0;0;1;1;0;0;1;0;0;1;0;1;0;0;0;1;0;0;0;0;1;1;1;0;0;4.96
1;0;1;1;1;1;0;0;0;1;0;0;1;1;1;1;0;1;0;1;0;0;1;0;0;1;1;0;0;0;0;1;1;0;0;0;0;1;0;0;1;47.87
1;0;1;1;1;1;0;0;0;1;0;0;1;1;1;1;0;1;0;1;0;0;0;1;0;1;1;0;0;0;0;1;1;0;0;0;0;1;0;0;1;46.52
1;0;1;1;1;1;0;0;0;1;0;0;1;1;1;1;0;1;0;1;0;0;0;0;1;1;1;0;0;0;0;1;1;0;0;0;0;1;0;0;1;46.86
1;0;1;1;1;1;0;0;0;1;0;0;1;1;1;1;0;1;0;1;1;0;0;0;0;1;0;1;0;0;0;1;1;0;0;0;0;1;0;0;1;26.97
1;0;1;1;1;1;0;0;0;1;0;0;1;1;1;1;0;1;0;1;0;1;0;0;0;1;0;1;0;0;0;1;1;0;0;0;0;1;0;0;1;26.58
1;0;1;1;1;1;0;0;0;1;0;0;1;1;1;1;0;1;0;1;0;0;1;0;0;1;0;1;0;0;0;1;1;0;0;0;0;1;0;0;1;26.48
1;0;1;1;1;1;0;0;0;1;0;0;1;1;1;1;0;1;0;1;1;0;0;0;0;1;0;0;1;0;0;1;1;0;0;0;0;1;0;0;1;26.49
1;0;1;1;1;1;0;0;0;1;0;0;1;1;1;1;0;1;0;1;0;1;0;0;0;1;0;0;1;0;0;1;1;0;0;0;0;1;0;0;1;26.63
1;0;1;1;1;1;0;0;0;1;0;0;1;1;1;1;0;1;0;1;0;0;1;0;0;1;0;0;1;0;0;1;1;0;0;0;0;1;0;0;1;26.76
1;0;1;1;1;1;0;0;0;1;0;0;1;1;1;1;0;1;0;1;0;0;0;1;0;1;0;0;1;0;0;1;1;0;0;0;0;1;0;0;1;26.64
1;0;1;1;1;1;0;0;0;1;0;0;1;1;1;1;0;1;0;1;1;0;0;0;0;1;0;0;0;1;0;1;1;0;0;0;0;1;0;0;1;26.67
1;0;1;1;1;1;0;0;0;1;0;0;1;1;1;1;0;1;0;1;0;0;1;0;0;1;0;0;0;1;0;1;1;0;0;0;0;1;0;0;1;26.89
1;0;1;1;1;1;0;0;0;1;0;0;1;1;1;1;0;1;0;1;0;0;0;1;0;1;0;0;0;1;0;1;1;0;0;0;0;1;0;0;1;26.39
1;0;1;1;1;1;0;0;0;1;0;0;1;1;1;1;0;1;0;1;0;1;0;0;0;1;0;0;0;0;1;1;1;0;0;0;0;1;0;0;1;26.46
1;0;1;1;1;1;0;0;0;1;0;0;1;1;1;1;0;1;0;1;0;0;1;0;0;1;0;0;0;0;1;1;1;0;0;0;0;1;0;0;1;26.94
1;0;1;1;1;1;0;0;0;1;0;0;1;1;1;1;0;1;0;1;0;0;0;1;0;1;0;0;0;0;1;1;1;0;0;0;0;1;0;0;1;26.82
1;0;1;1;1;1;0;0;0;1;0;0;1;1;1;1;0;1;0;1;0;0;0;0;1;1;0;0;0;0;1;1;1;0;0;0;0;1;0;0;1;26.71
1;0;1;1;1;1;0;0;0;1;0;0;1;1;1;1;0;1;0;1;0;0;1;0;0;1;1;0;0;0;0;1;0;1;0;0;0;1;0;0;1;21.17
1;0;1;1;1;1;0;0;0;1;0;0;1;1;1;1;0;1;0;1;0;0;0;1;0;1;1;0;0;0;0;1;0;1;0;0;0;1;0;0;1;21.42
1;0;1;1;1;1;0;0;0;1;0;0;1;1;1;1;0;1;0;1;0;0;0;0;1;1;1;0;0;0;0;1;0;1;0;0;0;1;0;0;1;21.3
1;0;1;1;1;1;0;0;0;1;0;0;1;1;1;1;0;1;0;1;0;1;0;0;0;1;0;1;0;0;0;1;0;1;0;0;0;1;0;0;1;13.5
1;0;1;1;1;1;0;0;0;1;0;0;1;1;1;1;0;1;0;1;0;0;1;0;0;1;0;1;0;0;0;1;0;1;0;0;0;1;0;0;1;13.87
1;0;1;1;1;1;0;0;0;1;0;0;1;1;1;1;0;1;0;1;0;0;0;0;1;1;0;1;0;0;0;1;0;1;0;0;0;1;0;0;1;13.26
1;0;1;1;1;1;0;0;0;1;0;0;1;1;1;1;0;1;0;1;0;1;0;0;0;1;0;0;1;0;0;1;0;1;0;0;0;1;0;0;1;13.01
1;0;1;1;1;1;0;0;0;1;0;0;1;1;1;1;0;1;0;1;0;0;1;0;0;1;0;0;1;0;0;1;0;1;0;0;0;1;0;0;1;13.98
1;0;1;1;1;1;0;0;0;1;0;0;1;1;1;1;0;1;0;1;0;0;0;1;0;1;0;0;1;0;0;1;0;1;0;0;0;1;0;0;1;13.31
1;0;1;1;1;1;0;0;0;1;0;0;1;1;1;1;0;1;0;1;1;0;0;0;0;1;0;0;0;1;0;1;0;1;0;0;0;1;0;0;1;12.99
1;0;1;1;1;1;0;0;0;1;0;0;1;1;1;1;0;1;0;1;0;0;1;0;0;1;0;0;0;1;0;1;0;1;0;0;0;1;0;0;1;13.16
1;0;1;1;1;1;0;0;0;1;0;0;1;1;1;1;0;1;0;1;0;0;0;1;0;1;0;0;0;1;0;1;0;1;0;0;0;1;0;0;1;13.84
1;0;1;1;1;1;0;0;0;1;0;0;1;1;1;1;0;1;0;1;0;0;0;0;1;1;0;0;0;1;0;1;0;1;0;0;0;1;0;0;1;13.6
1;0;1;1;1;1;0;0;0;1;0;0;1;1;1;1;0;1;0;1;0;0;1;0;0;1;0;0;0;0;1;1;0;1;0;0;0;1;0;0;1;13.52
1;0;1;1;1;1;0;0;0;1;0;0;1;1;1;1;0;1;0;1;0;0;0;0;1;1;0;0;0;0;1;1;0;1;0;0;0;1;0;0;1;13.94
1;0;1;1;1;1;0;0;0;1;0;0;1;1;1;1;0;1;0;1;0;1;0;0;0;1;1;0;0;0;0;1;0;0;1;0;0;1;0;0;1;9.61
1;0;1;1;1;1;0;0;0;1;0;0;1;1;1;1;0;1;0;1;1;0;0;0;0;1;0;1;0;0;0;1;0;0;1;0;0;1;0;0;1;5.64
1;0;1;1;1;1;0;0;0;1;0;0;1;1;1;1;0;1;0;1;0;1;0;0;0;1;0;1;0;0;0;1;0;0;1;0;0;1;0;0;1;5.74
1;0;1;1;1;1;0;0;0;1;0;0;1;1;1;1;0;1;0;1;0;0;1;0;0;1;0;1;0;0;0;1;0;0;1;0;0;1;0;0;1;5.84
1;0;1;1;1;1;0;0;0;1;0;0;1;1;1;1;0;1;0;1;0;0;0;0;1;1;0;1;0;0;0;1;0;0;1;0;0;1;0;0;1;5.68
1;0;1;1;1;1;0;0;0;1;0;0;1;1;1;1;0;1;0;1;1;0;0;0;0;1;0;0;1;0;0;1;0;0;1;0;0;1;0;0;1;5.79
1;0;1;1;1;1;0;0;0;1;0;0;1;1;1;1;0;1;0;1;0;1;0;0;0;1;0;0;1;0;0;1;0;0;1;0;0;1;0;0;1;5.71
1;0;1;1;1;1;0;0;0;1;0;0;1;1;1;1;0;1;0;1;0;0;0;0;1;1;0;0;1;0;0;1;0;0;1;0;0;1;0;0;1;5.71
1;0;1;1;1;1;0;0;0;1;0;0;1;1;1;1;0;1;0;1;1;0;0;0;0;1;0;0;0;1;0;1;0;0;1;0;0;1;0;0;1;5.73
1;0;1;1;1;1;0;0;0;1;0;0;1;1;1;1;0;1;0;1;0;1;0;0;0;1;0;0;0;1;0;1;0;0;1;0;0;1;0;0;1;6.05
1;0;1;1;1;1;0;0;0;1;0;0;1;1;1;1;0;1;0;1;0;0;1;0;0;1;0;0;0;1;0;1;0;0;1;0;0;1;0;0;1;5.79
1;0;1;1;1;1;0;0;0;1;0;0;1;1;1;1;0;1;0;1;0;0;0;0;1;1;0;0;0;1;0;1;0;0;1;0;0;1;0;0;1;5.75
1;0;1;1;1;1;0;0;0;1;0;0;1;1;1;1;0;1;0;1;1;0;0;0;0;1;0;0;0;0;1;1;0;0;1;0;0;1;0;0;1;5.71
1;0;1;1;1;1;0;0;0;1;0;0;1;1;1;1;0;1;0;1;0;1;0;0;0;1;0;0;0;0;1;1;0;0;1;0;0;1;0;0;1;5.69
1;0;1;1;1;1;0;0;0;1;0;0;1;1;1;1;0;1;0;1;0;0;1;0;0;1;0;0;0;0;1;1;0;0;1;0;0;1;0;0;1;5.65
1;0;1;1;1;1;0;0;0;1;0;0;1;1;1;1;0;1;0;1;0;0;0;1;0;1;0;0;0;0;1;1;0;0;1;0;0;1;0;0;1;5.64
1;0;1;1;1;1;0;0;0;1;0;0;1;1;1;1;0;1;0;1;0;0;0;0;1;1;0;0;0;0;1;1;0;0;1;0;0;1;0;0;1;5.66
1;0;1;1;1;1;0;0;0;1;0;0;1;1;1;1;0;1;0;1;0;1;0;0;0;1;1;0;0;0;0;1;0;0;0;1;0;1;0;0;1;1.97
1;0;1;1;1;1;0;0;0;1;0;0;1;1;1;1;0;1;0;1;0;0;1;0;0;1;1;0;0;0;0;1;0;0;0;1;0;1;0;0;1;2.16
1;0;1;1;1;1;0;0;0;1;0;0;1;1;1;1;0;1;0;1;0;0;0;0;1;1;1;0;0;0;0;1;0;0;0;1;0;1;0;0;1;1.95
1;0;1;1;1;1;0;0;0;1;0;0;1;1;1;1;0;1;0;1;1;0;0;0;0;1;0;1;0;0;0;1;0;0;0;1;0;1;0;0;1;1.51
1;0;1;1;1;1;0;0;0;1;0;0;1;1;1;1;0;1;0;1;0;1;0;0;0;1;0;1;0;0;0;1;0;0;0;1;0;1;0;0;1;1.51
1;0;1;1;1;1;0;0;0;1;0;0;1;1;1;1;0;1;0;1;0;0;0;1;0;1;0;1;0;0;0;1;0;0;0;1;0;1;0;0;1;1.5
1;0;1;1;1;1;0;0;0;1;0;0;1;1;1;1;0;1;0;1;0;0;0;0;1;1;0;1;0;0;0;1;0;0;0;1;0;1;0;0;1;1.53
1;0;1;1;1;1;0;0;0;1;0;0;1;1;1;1;0;1;0;1;1;0;0;0;0;1;0;0;1;0;0;1;0;0;0;1;0;1;0;0;1;1.51
1;0;1;1;1;1;0;0;0;1;0;0;1;1;1;1;0;1;0;1;0;1;0;0;0;1;0;0;1;0;0;1;0;0;0;1;0;1;0;0;1;1.51
1;0;1;1;1;1;0;0;0;1;0;0;1;1;1;1;0;1;0;1;0;0;1;0;0;1;0;0;1;0;0;1;0;0;0;1;0;1;0;0;1;1.51
1;0;1;1;1;1;0;0;0;1;0;0;1;1;1;1;0;1;0;1;0;0;0;0;1;1;0;0;1;0;0;1;0;0;0;1;0;1;0;0;1;1.52
1;0;1;1;1;1;0;0;0;1;0;0;1;1;1;1;0;1;0;1;1;0;0;0;0;1;0;0;0;1;0;1;0;0;0;1;0;1;0;0;1;1.51
1;0;1;1;1;1;0;0;0;1;0;0;1;1;1;1;0;1;0;1;0;1;0;0;0;1;0;0;0;1;0;1;0;0;0;1;0;1;0;0;1;1.51
1;0;1;1;1;1;0;0;0;1;0;0;1;1;1;1;0;1;0;1;0;0;1;0;0;1;0;0;0;1;0;1;0;0;0;1;0;1;0;0;1;1.51
1;0;1;1;1;1;0;0;0;1;0;0;1;1;1;1;0;1;0;1;0;0;0;0;1;1;0;0;0;1;0;1;0;0;0;1;0;1;0;0;1;1.51
1;0;1;1;1;1;0;0;0;1;0;0;1;1;1;1;0;1;0;1;0;1;0;0;0;1;0;0;0;0;1;1;0;0;0;1;0;1;0;0;1;1.5
1;0;1;1;1;1;0;0;0;1;0;0;1;1;1;1;0;1;0;1;0;0;1;0;0;1;0;0;0;0;1;1;0;0;0;1;0;1;0;0;1;1.5
1;0;1;1;1;1;0;0;0;1;0;0;1;1;1;1;0;1;0;1;0;0;0;1;0;1;0;0;0;0;1;1;0;0;0;1;0;1;0;0;1;1.49
1;0;1;1;1;1;0;0;0;1;0;0;1;1;1;1;0;1;0;1;0;0;0;0;1;1;0;0;0;0;1;1;0;0;0;1;0;1;0;0;1;1.51
1;0;1;1;1;1;0;0;0;1;0;0;1;1;1;1;0;1;0;1;0;1;0;0;0;1;1;0;0;0;0;1;0;0;0;0;1;1;0;0;1;1.9
1;0;1;1;1;1;0;0;0;1;0;0;1;1;1;1;0;1;0;1;0;0;0;1;0;1;1;0;0;0;0;1;0;0;0;0;1;1;0;0;1;1.9
1;0;1;1;1;1;0;0;0;1;0;0;1;1;1;1;0;1;0;1;0;0;0;0;1;1;1;0;0;0;0;1;0;0;0;0;1;1;0;0;1;1.78
1;0;1;1;1;1;0;0;0;1;0;0;1;1;1;1;0;1;0;1;0;1;0;0;0;1;0;0;1;0;0;1;0;0;0;0;1;1;0;0;1;1.46
1;0;1;1;1;1;0;0;0;1;0;0;1;1;1;1;0;1;0;1;0;0;1;0;0;1;0;0;1;0;0;1;0;0;0;0;1;1;0;0;1;1.44
1;0;1;1;1;1;0;0;0;1;0;0;1;1;1;1;0;1;0;1;0;0;0;0;1;1;0;0;1;0;0;1;0;0;0;0;1;1;0;0;1;1.46
1;0;1;1;1;1;0;0;0;1;0;0;1;1;1;1;0;1;0;1;0;0;0;0;1;1;0;0;0;1;0;1;0;0;0;0;1;1;0;0;1;1.44
1;0;1;1;1;1;0;0;0;1;0;0;1;1;1;1;0;1;0;1;0;1;0;0;0;1;0;0;0;0;1;1;0;0;0;0;1;1;0;0;1;1.46
1;0;1;1;1;1;0;0;0;1;0;0;1;1;1;1;0;1;0;1;0;0;1;0;0;1;0;0;0;0;1;1;0;0;0;0;1;1;0;0;1;1.45
1;1;0;0;1;0;0;1;0;1;0;0;1;1;1;1;0;1;0;1;1;0;0;0;0;1;1;0;0;0;0;1;1;0;0;0;0;1;0;0;1;41.95
1;1;0;0;1;0;0;1;0;1;0;0;1;1;1;1;0;1;0;1;0;1;0;0;0;1;1;0;0;0;0;1;1;0;0;0;0;1;0;0;1;41.81
1;1;0;0;1;0;0;1;0;1;0;0;1;1;1;1;0;1;0;1;0;0;1;0;0;1;1;0;0;0;0;1;1;0;0;0;0;1;0;0;1;41.85
1;1;0;0;1;0;0;1;0;1;0;0;1;1;1;1;0;1;0;1;0;0;0;1;0;1;1;0;0;0;0;1;1;0;0;0;0;1;0;0;1;41.78
1;1;0;0;1;0;0;1;0;1;0;0;1;1;1;1;0;1;0;1;0;0;0;0;1;1;1;0;0;0;0;1;1;0;0;0;0;1;0;0;1;42.49
1;1;0;0;1;0;0;1;0;1;0;0;1;1;1;1;0;1;0;1;0;1;0;0;0;1;0;1;0;0;0;1;1;0;0;0;0;1;0;0;1;25.21
1;1;0;0;1;0;0;1;0;1;0;0;1;1;1;1;0;1;0;1;0;0;1;0;0;1;0;1;0;0;0;1;1;0;0;0;0;1;0;0;1;25.37
1;1;0;0;1;0;0;1;0;1;0;0;1;1;1;1;0;1;0;1;0;0;0;1;0;1;0;1;0;0;0;1;1;0;0;0;0;1;0;0;1;25.9
1;1;0;0;1;0;0;1;0;1;0;0;1;1;1;1;0;1;0;1;0;0;0;0;1;1;0;1;0;0;0;1;1;0;0;0;0;1;0;0;1;26.36
1;1;0;0;1;0;0;1;0;1;0;0;1;1;1;1;0;1;0;1;1;0;0;0;0;1;0;0;1;0;0;1;1;0;0;0;0;1;0;0;1;25.31
1;1;0;0;1;0;0;1;0;1;0;0;1;1;1;1;0;1;0;1;0;1;0;0;0;1;0;0;1;0;0;1;1;0;0;0;0;1;0;0;1;25.07
1;1;0;0;1;0;0;1;0;1;0;0;1;1;1;1;0;1;0;1;0;0;1;0;0;1;0;0;1;0;0;1;1;0;0;0;0;1;0;0;1;26.74
1;1;0;0;1;0;0;1;0;1;0;0;1;1;1;1;0;1;0;1;0;0;0;1;0;1;0;0;1;0;0;1;1;0;0;0;0;1;0;0;1;26.32
1;1;0;0;1;0;0;1;0;1;0;0;1;1;1;1;0;1;0;1;0;0;0;0;1;1;0;0;1;0;0;1;1;0;0;0;0;1;0;0;1;26.32
1;1;0;0;1;0;0;1;0;1;0;0;1;1;1;1;0;1;0;1;1;0;0;0;0;1;0;0;0;1;0;1;1;0;0;0;0;1;0;0;1;25.31
1;1;0;0;1;0;0;1;0;1;0;0;1;1;1;1;0;1;0;1;0;1;0;0;0;1;0;0;0;1;0;1;1;0;0;0;0;1;0;0;1;25.31
1;1;0;0;1;0;0;1;0;1;0;0;1;1;1;1;0;1;0;1;0;0;1;0;0;1;0;0;0;1;0;1;1;0;0;0;0;1;0;0;1;25.38
1;1;0;0;1;0;0;1;0;1;0;0;1;1;1;1;0;1;0;1;0;0;0;1;0;1;0;0;0;1;0;1;1;0;0;0;0;1;0;0;1;25.39
1;1;0;0;1;0;0;1;0;1;0;0;1;1;1;1;0;1;0;1;0;0;0;0;1;1;0;0;0;1;0;1;1;0;0;0;0;1;0;0;1;25.48
1;1;0;0;1;0;0;1;0;1;0;0;1;1;1;1;0;1;0;1;1;0;0;0;0;1;0;0;0;0;1;1;1;0;0;0;0;1;0;0;1;25.47
1;1;0;0;1;0;0;1;0;1;0;0;1;1;1;1;0;1;0;1;0;1;0;0;0;1;0;0;0;0;1;1;1;0;0;0;0;1;0;0;1;25.3
1;1;0;0;1;0;0;1;0;1;0;0;1;1;1;1;0;1;0;1;0;0;1;0;0;1;0;0;0;0;1;1;1;0;0;0;0;1;0;0;1;25.71
1;1;0;0;1;0;0;1;0;1;0;0;1;1;1;1;0;1;0;1;0;0;0;1;0;1;0;0;0;0;1;1;1;0;0;0;0;1;0;0;1;25.87
1;1;0;0;1;0;0;1;0;1;0;0;1;1;1;1;0;1;0;1;0;0;0;0;1;1;0;0;0;0;1;1;1;0;0;0;0;1;0;0;1;25.57
1;1;0;0;1;0;0;1;0;1;0;0;1;1;1;1;0;1;0;1;1;0;0;0;0;1;1;0;0;0;0;1;0;1;0;0;0;1;0;0;1;16.99
1;1;0;0;1;0;0;1;0;1;0;0;1;1;1;1;0;1;0;1;0;1;0;0;0;1;1;0;0;0;0;1;0;1;0;0;0;1;0;0;1;17.15
1;1;0;0;1;0;0;1;0;1;0;0;1;1;1;1;0;1;0;1;0;0;1;0;0;1;1;0;0;0;0;1;0;1;0;0;0;1;0;0;1;17.1
1;1;0;0;1;0;0;1;0;1;0;0;1;1;1;1;0;1;0;1;0;0;0;1;0;1;1;0;0;0;0;1;0;1;0;0;0;1;0;0;1;16.98
1;1;0;0;1;0;0;1;0;1;0;0;1;1;1;1;0;1;0;1;0;0;0;0;1;1;1;0;0;0;0;1;0;1;0;0;0;1;0;0;1;17.01
1;1;0;0;1;0;0;1;0;1;0;0;1;1;1;1;0;1;0;1;1;0;0;0;0;1;0;1;0;0;0;1;0;1;0;0;0;1;0;0;1;11.83
1;1;0;0;1;0;0;1;0;1;0;0;1;1;1;1;0;1;0;1;0;1;0;0;0;1;0;1;0;0;0;1;0;1;0;0;0;1;0;0;1;11.78
1;1;0;0;1;0;0;1;0;1;0;0;1;1;1;1;0;1;0;1;0;0;1;0;0;1;0;1;0;0;0;1;0;1;0;0;0;1;0;0;1;11.1
1;1;0;0;1;0;0;1;0;1;0;0;1;1;1;1;0;1;0;1;0;0;0;1;0;1;0;1;0;0;0;1;0;1;0;0;0;1;0;0;1;11.17
1;1;0;0;1;0;0;1;0;1;0;0;1;1;1;1;0;1;0;1;0;0;0;0;1;1;0;1;0;0;0;1;0;1;0;0;0;1;0;0;1;11.4
1;1;0;0;1;0;0;1;0;1;0;0;1;1;1;1;0;1;0;1;1;0;0;0;0;1;0;0;1;0;0;1;0;1;0;0;0;1;0;0;1;11.05
1;1;0;0;1;0;0;1;0;1;0;0;1;1;1;1;0;1;0;1;0;1;0;0;0;1;0;0;1;0;0;1;0;1;0;0;0;1;0;0;1;11.85
1;1;0;0;1;0;0;1;0;1;0;0;1;1;1;1;0;1;0;1;0;0;1;0;0;1;0;0;1;0;0;1;0;1;0;0;0;1;0;0;1;11.34
1;1;0;0;1;0;0;1;0;1;0;0;1;1;1;1;0;1;0;1;0;0;0;1;0;1;0;0;1;0;0;1;0;1;0;0;0;1;0;0;1;11.37
1;1;0;0;1;0;0;1;0;1;0;0;1;1;1;1;0;1;0;1;0;0;0;0;1;1;0;0;1;0;0;1;0;1;0;0;0;1;0;0;1;11.12
1;1;0;0;1;0;0;1;0;1;0;0;1;1;1;1;0;1;0;1;1;0;0;0;0;1;0;0;0;1;0;1;0;1;0;0;0;1;0;0;1;11.58
1;1;0;0;1;0;0;1;0;1;0;0;1;1;1;1;0;1;0;1;0;1;0;0;0;1;0;0;0;1;0;1;0;1;0;0;0;1;0;0;1;10.96
1;1;0;0;1;0;0;1;0;1;0;0;1;1;0;1;0;0;1;1;0;0;0;1;0;1;0;0;0;1;0;1;0;1;0;0;0;1;0;1;0;11.47
1;1;0;0;1;0;0;1;0;1;0;0;1;1;0;1;0;0;1;1;0;0;0;1;0;1;1;0;0;0;0;1;0;0;1;0;0;1;0;1;0;11.23
1;1;0;0;1;0;0;1;0;1;0;0;1;1;0;1;0;0;1;1;0;0;0;1;0;1;0;0;1;0;0;1;0;0;0;0;1;1;0;1;0;6.31
1;1;0;1;1;0;0;1;0;1;0;0;1;1;1;1;0;1;0;1;0;0;0;1;0;1;0;0;0;0;1;1;0;1;0;0;0;1;1;0;0;29.72
1;1;0;1;1;0;0;1;0;1;0;0;1;1;1;1;0;1;0;1;0;0;1;0;0;1;0;0;1;0;0;1;0;0;1;0;0;1;1;0;0;18.13
1;1;0;1;1;0;0;1;0;1;0;0;1;1;1;1;0;1;0;1;0;0;0;1;0;1;0;0;1;0;0;1;0;0;1;0;0;1;1;0;0;18.26
1;1;0;1;1;0;0;1;0;1;0;0;1;1;1;1;0;1;0;1;0;1;0;0;0;1;1;0;0;0;0;1;0;0;0;0;1;1;1;0;0;17.48
1;1;0;1;1;0;0;1;0;1;0;0;1;1;1;1;0;1;0;1;0;0;0;1;0;1;1;0;0;0;0;1;0;0;0;0;1;1;1;0;0;17.54
1;1;0;1;1;0;0;1;0;1;0;0;1;1;1;1;0;1;0;1;0;1;0;0;0;1;0;1;0;0;0;1;0;0;0;0;1;1;1;0;0;17.95
1;1;0;1;1;0;0;1;0;1;0;0;1;1;1;1;0;1;0;1;0;0;1;0;0;1;0;1;0;0;0;1;0;0;0;0;1;1;1;0;0;18.41
1;1;0;1;1;0;0;1;0;1;0;0;1;1;1;1;0;1;0;1;0;0;0;0;1;1;0;1;0;0;0;1;0;0;0;0;1;1;1;0;0;17.46
1;1;0;1;1;0;0;1;0;1;0;0;1;1;1;1;0;1;0;1;0;0;0;1;0;1;0;0;1;0;0;1;0;0;0;0;1;1;1;0;0;17.85
1;1;0;1;1;0;0;1;0;1;0;0;1;1;1;1;0;1;0;1;0;0;0;0;1;1;0;0;1;0;0;1;0;0;0;0;1;1;1;0;0;17.5
1;1;0;1;1;0;0;1;0;1;0;0;1;1;1;1;0;1;0;1;0;0;0;0;1;1;0;0;0;0;1;1;0;0;0;0;1;1;1;0;0;18.5
1;1;0;0;1;1;0;0;0;1;0;0;1;0;0;1;0;1;0;1;0;0;1;0;0;1;1;0;0;0;0;1;1;0;0;0;0;1;1;0;0;38.79
1;1;0;0;1;1;0;0;0;1;0;0;1;0;0;1;1;0;0;1;0;0;1;0;0;1;0;1;0;0;0;1;1;0;0;0;0;1;1;0;0;34.87
1;1;0;0;1;1;0;0;0;1;0;0;1;0;0;1;1;0;0;1;0;0;1;0;0;1;0;0;1;0;0;1;1;0;0;0;0;1;1;0;0;35.05
1;1;0;0;1;1;0;0;0;1;0;0;1;0;0;1;1;0;0;1;0;0;1;0;0;1;0;0;0;1;0;1;1;0;0;0;0;1;1;0;0;35.03
1;1;0;0;1;1;0;0;0;1;0;0;1;0;0;1;1;0;0;1;1;0;0;0;0;1;0;0;0;0;1;1;1;0;0;0;0;1;1;0;0;27.06
1;1;0;0;1;1;0;0;0;1;0;0;1;0;0;1;0;1;0;1;0;0;1;0;0;1;0;0;0;0;1;1;1;0;0;0;0;1;1;0;0;38.87
1;1;0;0;1;1;0;0;0;1;0;0;1;0;0;1;0;1;0;1;0;0;1;0;0;1;0;1;0;0;0;1;0;1;0;0;0;1;1;0;0;11.44
1;1;0;0;1;1;0;0;0;1;0;0;1;0;0;1;0;0;1;1;0;0;1;0;0;1;0;0;1;0;0;1;0;1;0;0;0;1;1;0;0;10.49
1;1;0;0;1;1;0;0;0;1;0;0;1;0;0;1;0;0;1;1;1;0;0;0;0;1;0;0;0;0;1;1;0;1;0;0;0;1;1;0;0;7.61
1;1;0;0;1;1;0;0;0;1;0;0;1;0;0;1;0;0;1;1;0;0;1;0;0;1;0;0;0;0;1;1;0;1;0;0;0;1;1;0;0;10.42
1;1;0;0;1;1;0;0;0;1;0;0;1;0;0;1;0;0;1;1;0;0;1;0;0;1;0;1;0;0;0;1;0;0;1;0;0;1;1;0;0;4.93
1;1;0;0;1;1;0;0;0;1;0;0;1;0;0;1;0;1;0;1;1;0;0;0;0;1;0;1;0;0;0;1;0;0;0;1;0;1;1;0;0;3.84
1;1;0;0;1;1;0;0;0;1;0;0;1;0;0;1;0;1;0;1;0;0;1;0;0;1;0;1;0;0;0;1;0;0;0;1;0;1;1;0;0;4.75
1;1;0;0;1;1;0;0;0;1;0;0;1;0;0;1;0;0;1;1;0;0;1;0;0;1;0;1;0;0;0;1;0;0;0;1;0;1;1;0;0;4.74
1;1;0;0;1;1;0;0;0;1;0;0;1;0;0;1;0;1;0;1;0;0;1;0;0;1;0;0;1;0;0;1;0;0;0;1;0;1;1;0;0;4.77
1;1;0;0;1;1;0;0;0;1;0;0;1;0;0;1;0;1;0;1;0;0;1;0;0;1;0;0;0;0;1;1;0;0;0;1;0;1;1;0;0;4.78
1;1;0;0;1;1;0;0;0;1;0;0;1;0;0;1;1;0;0;1;1;0;0;0;0;1;0;1;0;0;0;1;1;0;0;0;0;1;0;1;0;12.38
1;1;0;0;1;1;0;0;0;1;0;0;1;0;0;1;1;0;0;1;0;0;0;0;1;1;0;1;0;0;0;1;1;0;0;0;0;1;0;1;0;15.02
1;1;0;0;1;1;0;0;0;1;0;0;1;0;0;1;1;0;0;1;1;0;0;0;0;1;0;0;1;0;0;1;1;0;0;0;0;1;0;1;0;12.38
1;1;0;0;1;1;0;0;0;1;0;0;1;0;0;1;1;0;0;1;0;0;1;0;0;1;0;0;0;0;1;1;1;0;0;0;0;1;0;1;0;13.35
1;1;0;0;1;1;0;0;0;1;0;0;1;0;0;1;1;0;0;1;0;0;0;0;1;1;0;0;0;0;1;1;1;0;0;0;0;1;0;1;0;15.18
1;1;0;0;1;1;0;0;0;1;0;0;1;0;0;1;1;0;0;1;1;0;0;0;0;1;1;0;0;0;0;1;0;1;0;0;0;1;0;1;0;4.96
1;1;0;0;1;1;0;0;0;1;0;0;1;0;0;1;1;0;0;1;0;0;0;1;0;1;1;0;0;0;0;1;0;1;0;0;0;1;0;1;0;7.02
1;1;0;0;1;1;0;0;0;1;0;0;1;0;0;1;1;0;0;1;1;0;0;0;0;1;0;1;0;0;0;1;0;1;0;0;0;1;0;1;0;4.14
1;1;0;0;1;1;0;0;0;1;0;0;1;0;0;1;1;0;0;1;0;1;0;0;0;1;0;1;0;0;0;1;0;1;0;0;0;1;0;1;0;4.63
1;1;0;0;1;1;0;0;0;1;0;0;1;0;0;1;1;0;0;1;0;0;1;0;0;1;0;1;0;0;0;1;0;1;0;0;0;1;0;1;0;5.03
1;1;0;0;1;1;0;0;0;1;0;0;1;0;0;1;1;0;0;1;0;0;0;1;0;1;0;1;0;0;0;1;0;1;0;0;0;1;0;1;0;5.41
1;1;0;0;1;1;0;0;0;1;0;0;1;0;0;1;1;0;0;1;0;0;0;0;1;1;0;1;0;0;0;1;0;1;0;0;0;1;0;1;0;5.78
1;1;0;0;1;1;0;0;0;1;0;0;1;0;0;1;1;0;0;1;0;0;0;1;0;1;0;0;1;0;0;1;0;1;0;0;0;1;0;1;0;5.46
1;1;0;0;1;1;0;0;0;1;0;0;1;0;0;1;1;0;0;1;0;0;0;0;1;1;0;0;1;0;0;1;0;1;0;0;0;1;0;1;0;5.74
1;1;0;0;1;1;0;0;0;1;0;0;1;0;0;1;1;0;0;1;1;0;0;0;0;1;0;0;0;0;1;1;0;1;0;0;0;1;0;1;0;4.13
1;1;0;0;1;1;0;0;0;1;0;0;1;0;0;1;1;0;0;1;0;1;0;0;0;1;0;0;0;0;1;1;0;1;0;0;0;1;0;1;0;4.6
1;1;0;0;1;1;0;0;0;1;0;0;1;0;0;1;1;0;0;1;0;0;1;0;0;1;0;0;0;0;1;1;0;1;0;0;0;1;0;1;0;4.96
1;1;0;0;1;1;0;0;0;1;0;0;1;0;0;1;1;0;0;1;0;0;0;1;0;1;0;0;0;0;1;1;0;1;0;0;0;1;0;1;0;5.43
1;1;0;0;1;1;0;0;0;1;0;0;1;0;0;1;1;0;0;1;0;0;0;0;1;1;0;0;0;0;1;1;0;1;0;0;0;1;0;1;0;5.72
1;1;0;0;1;1;0;0;0;1;0;0;1;0;0;1;1;0;0;1;0;1;0;0;0;1;0;1;0;0;0;1;0;0;1;0;0;1;0;1;0;2.49
1;1;0;0;1;1;0;0;0;1;0;0;1;0;0;1;1;0;0;1;0;0;0;1;0;1;0;1;0;0;0;1;0;0;1;0;0;1;0;1;0;2.82
1;1;0;0;1;1;0;0;0;1;0;0;1;0;0;1;1;0;0;1;0;0;0;0;1;1;0;1;0;0;0;1;0;0;1;0;0;1;0;1;0;2.66
1;1;0;0;1;1;0;0;0;1;0;0;1;0;0;1;1;0;0;1;1;0;0;0;0;1;0;0;0;0;1;1;0;0;1;0;0;1;0;1;0;2.34
1;1;0;0;1;1;0;0;0;1;0;0;1;0;0;1;1;0;0;1;0;0;1;0;0;1;0;0;0;0;1;1;0;0;1;0;0;1;0;1;0;2.68
1;1;0;0;1;1;0;0;0;1;0;0;1;0;0;1;1;0;0;1;0;0;0;0;1;1;0;0;0;0;1;1;0;0;1;0;0;1;0;1;0;2.81
1;1;0;0;1;1;0;0;0;1;0;0;1;0;0;1;1;0;0;1;0;0;0;1;0;1;1;0;0;0;0;1;0;0;0;1;0;1;0;1;0;2.88
1;1;0;0;1;1;0;0;0;1;0;0;1;0;0;1;1;0;0;1;0;0;0;0;1;1;1;0;0;0;0;1;0;0;0;1;0;1;0;1;0;3.03
1;1;0;0;1;1;0;0;0;1;0;0;1;0;0;1;1;0;0;1;1;0;0;0;0;1;0;1;0;0;0;1;0;0;0;1;0;1;0;1;0;2.25
1;1;0;0;1;1;0;0;0;1;0;0;1;0;0;1;1;0;0;1;1;0;0;0;0;1;0;0;1;0;0;1;0;0;0;1;0;1;0;1;0;2.24
1;1;0;0;1;1;0;0;0;1;0;0;1;0;0;1;1;0;0;1;0;1;0;0;0;1;0;0;1;0;0;1;0;0;0;1;0;1;0;1;0;2.37
1;1;0;0;1;1;0;0;0;1;0;0;1;0;0;1;1;0;0;1;0;0;0;0;1;1;0;0;1;0;0;1;0;0;0;1;0;1;0;1;0;2.57
1;1;0;0;1;1;0;0;0;1;0;0;1;0;0;1;1;0;0;1;1;0;0;0;0;1;0;0;0;0;1;1;0;0;0;1;0;1;0;1;0;2.33
1;1;0;0;1;1;0;0;0;1;0;0;1;0;0;1;1;0;0;1;0;0;1;0;0;1;0;0;0;0;1;1;0;0;0;1;0;1;0;1;0;2.42
1;1;0;0;1;1;0;0;0;1;0;0;1;0;0;1;1;0;0;1;0;0;0;1;0;1;0;0;0;0;1;1;0;0;0;1;0;1;0;1;0;2.53
1;1;0;0;1;1;0;0;0;1;0;0;1;0;0;1;1;0;0;1;0;0;0;0;1;1;0;0;0;0;1;1;0;0;0;1;0;1;0;1;0;2.57
1;1;0;0;1;1;0;0;0;1;0;0;1;0;0;1;1;0;0;1;1;0;0;0;0;1;1;0;0;0;0;1;0;0;0;0;1;1;0;1;0;2.49
1;1;0;0;1;1;0;0;0;1;0;0;1;0;0;1;1;0;0;1;0;0;0;1;0;1;1;0;0;0;0;1;0;0;0;0;1;1;0;1;0;2.86
1;1;0;0;1;1;0;0;0;1;0;0;1;0;0;1;1;0;0;1;0;0;0;0;1;1;1;0;0;0;0;1;0;0;0;0;1;1;0;1;0;2.97
1;1;0;0;1;1;0;0;0;1;0;0;1;0;0;1;1;0;0;1;0;0;1;0;0;1;0;1;0;0;0;1;0;0;0;0;1;1;0;1;0;2.43
1;1;0;0;1;1;0;0;0;1;0;0;1;0;0;1;1;0;0;1;0;0;0;1;0;1;0;1;0;0;0;1;0;0;0;0;1;1;0;1;0;2.77
1;1;0;0;1;1;0;0;0;1;0;0;1;0;0;1;1;0;0;1;0;0;0;0;1;1;0;1;0;0;0;1;0;0;0;0;1;1;0;1;0;2.69
1;1;0;0;1;1;0;0;0;1;0;0;1;0;0;1;1;0;0;1;0;1;0;0;0;1;0;0;0;0;1;1;0;0;0;0;1;1;0;1;0;2.34
1;1;0;1;1;0;0;1;0;1;0;0;1;1;1;1;0;1;0;1;0;0;0;0;1;1;0;0;1;0;0;1;1;0;0;0;0;1;1;0;0;78.71
1;1;0;1;1;0;0;1;0;1;0;0;1;1;1;1;0;1;0;1;0;0;0;1;0;1;0;1;0;0;0;1;0;1;0;0;0;1;1;0;0;30.18
1;1;0;1;1;0;0;1;0;1;0;0;1;1;1;1;0;1;0;1;0;0;1;0;0;1;0;0;1;0;0;1;0;1;0;0;0;1;1;0;0;30.64
1;1;0;0;1;0;0;1;0;1;0;0;1;1;1;1;0;1;0;1;0;0;1;0;0;1;0;0;0;1;0;1;0;1;0;0;0;1;0;0;1;11.16
1;1;0;0;1;0;0;1;0;1;0;0;1;1;1;1;0;1;0;1;0;0;0;1;0;1;0;0;0;1;0;1;0;1;0;0;0;1;0;0;1;11.36
1;1;0;0;1;0;0;1;0;1;0;0;1;1;1;1;0;1;0;1;0;0;0;0;1;1;0;0;0;1;0;1;0;1;0;0;0;1;0;0;1;11.2
1;1;0;0;1;0;0;1;0;1;0;0;1;1;1;1;0;1;0;1;1;0;0;0;0;1;0;0;0;0;1;1;0;1;0;0;0;1;0;0;1;11.12
1;1;0;0;1;0;0;1;0;1;0;0;1;1;1;1;0;1;0;1;0;1;0;0;0;1;0;0;0;0;1;1;0;1;0;0;0;1;0;0;1;11.37
1;1;0;0;1;0;0;1;0;1;0;0;1;1;1;1;0;1;0;1;0;0;1;0;0;1;0;0;0;0;1;1;0;1;0;0;0;1;0;0;1;11.27
1;1;0;0;1;0;0;1;0;1;0;0;1;1;1;1;0;1;0;1;0;0;0;1;0;1;0;0;0;0;1;1;0;1;0;0;0;1;0;0;1;11.51
1;1;0;0;1;0;0;1;0;1;0;0;1;1;1;1;0;1;0;1;0;0;0;0;1;1;0;0;0;0;1;1;0;1;0;0;0;1;0;0;1;11.18
1;1;0;0;1;0;0;1;0;1;0;0;1;1;1;1;0;1;0;1;1;0;0;0;0;1;1;0;0;0;0;1;0;0;1;0;0;1;0;0;1;10.35
1;1;0;0;1;0;0;1;0;1;0;0;1;1;1;1;0;1;0;1;0;1;0;0;0;1;1;0;0;0;0;1;0;0;1;0;0;1;0;0;1;10.26
1;1;0;0;1;0;0;1;0;1;0;0;1;1;1;1;0;1;0;1;0;0;1;0;0;1;1;0;0;0;0;1;0;0;1;0;0;1;0;0;1;10.36
1;1;0;0;1;0;0;1;0;1;0;0;1;1;1;1;0;1;0;1;0;0;0;1;0;1;1;0;0;0;0;1;0;0;1;0;0;1;0;0;1;10.27
1;1;0;0;1;0;0;1;0;1;0;0;1;1;1;1;0;1;0;1;0;0;0;0;1;1;1;0;0;0;0;1;0;0;1;0;0;1;0;0;1;10.38
1;1;0;0;1;0;0;1;0;1;0;0;1;1;1;1;0;1;0;1;1;0;0;0;0;1;0;1;0;0;0;1;0;0;1;0;0;1;0;0;1;7.56
1;1;0;0;1;0;0;1;0;1;0;0;1;1;1;1;0;1;0;1;0;1;0;0;0;1;0;1;0;0;0;1;0;0;1;0;0;1;0;0;1;7.51
1;1;0;0;1;0;0;1;0;1;0;0;1;1;1;1;0;1;0;1;0;0;1;0;0;1;0;1;0;0;0;1;0;0;1;0;0;1;0;0;1;7.42
1;1;0;0;1;0;0;1;0;1;0;0;1;1;1;1;0;1;0;1;0;0;0;1;0;1;0;1;0;0;0;1;0;0;1;0;0;1;0;0;1;7.93
1;1;0;0;1;0;0;1;0;1;0;0;1;1;1;1;0;1;0;1;0;0;0;0;1;1;0;1;0;0;0;1;0;0;1;0;0;1;0;0;1;7.49
1;1;0;0;1;0;0;1;0;1;0;0;1;1;1;1;0;1;0;1;1;0;0;0;0;1;0;0;1;0;0;1;0;0;1;0;0;1;0;0;1;7.48
1;1;0;0;1;0;0;1;0;1;0;0;1;1;1;1;0;1;0;1;0;1;0;0;0;1;0;0;1;0;0;1;0;0;1;0;0;1;0;0;1;7.76
1;1;0;0;1;0;0;1;0;1;0;0;1;1;1;1;0;1;0;1;0;0;1;0;0;1;0;0;1;0;0;1;0;0;1;0;0;1;0;0;1;7.55
1;1;0;0;1;0;0;1;0;1;0;0;1;1;1;1;0;1;0;1;0;0;0;1;0;1;0;0;1;0;0;1;0;0;1;0;0;1;0;0;1;7.38
1;1;0;0;1;0;0;1;0;1;0;0;1;1;1;1;0;1;0;1;0;0;0;0;1;1;0;0;1;0;0;1;0;0;1;0;0;1;0;0;1;7.47
1;1;0;0;1;0;0;1;0;1;0;0;1;1;1;1;0;1;0;1;1;0;0;0;0;1;0;0;0;1;0;1;0;0;1;0;0;1;0;0;1;7.37
1;1;0;0;1;0;0;1;0;1;0;0;1;1;1;1;0;1;0;1;0;1;0;0;0;1;0;0;0;1;0;1;0;0;1;0;0;1;0;0;1;7.69
1;1;0;0;1;0;0;1;0;1;0;0;1;1;1;1;0;1;0;1;0;0;1;0;0;1;0;0;0;1;0;1;0;0;1;0;0;1;0;0;1;7.64
1;1;0;0;1;0;0;1;0;1;0;0;1;1;1;1;0;1;0;1;0;0;0;1;0;1;0;0;0;1;0;1;0;0;1;0;0;1;0;0;1;7.31
1;1;0;0;1;0;0;1;0;1;0;0;1;1;1;1;0;1;0;1;1;0;0;0;0;1;0;0;0;0;1;1;0;0;1;0;0;1;0;0;1;7.86
1;1;0;0;1;0;0;1;0;1;0;0;1;1;1;1;0;1;0;1;0;0;1;0;0;1;0;0;0;0;1;1;0;0;1;0;0;1;0;0;1;7.42
1;1;0;0;1;0;0;1;0;1;0;0;1;1;1;1;0;1;0;1;0;0;0;1;0;1;0;0;0;0;1;1;0;0;1;0;0;1;0;0;1;7.3
1;1;0;0;1;0;0;1;0;1;0;0;1;1;1;1;0;1;0;1;0;0;0;0;1;1;0;0;0;0;1;1;0;0;1;0;0;1;0;0;1;7.19
1;1;0;0;1;0;0;1;0;1;0;0;1;1;1;1;0;1;0;1;1;0;0;0;0;1;1;0;0;0;0;1;0;0;0;1;0;1;0;0;1;10.23
1;1;0;0;1;0;0;1;0;1;0;0;1;1;1;1;0;1;0;1;0;1;0;0;0;1;1;0;0;0;0;1;0;0;0;1;0;1;0;0;1;10.38
1;1;0;0;1;0;0;1;0;1;0;0;1;1;1;1;0;1;0;1;0;0;1;0;0;1;1;0;0;0;0;1;0;0;0;1;0;1;0;0;1;10.24
1;1;0;0;1;0;0;1;0;1;0;0;1;1;1;1;0;1;0;1;0;0;0;1;0;1;1;0;0;0;0;1;0;0;0;1;0;1;0;0;1;10.25
1;1;0;0;1;0;0;1;0;1;0;0;1;1;1;1;0;1;0;1;0;0;0;0;1;1;1;0;0;0;0;1;0;0;0;1;0;1;0;0;1;10.27
1;1;0;0;1;0;0;1;0;1;0;0;1;1;1;1;0;1;0;1;1;0;0;0;0;1;0;1;0;0;0;1;0;0;0;1;0;1;0;0;1;6.74
1;1;0;0;1;0;0;1;0;1;0;0;1;1;1;1;0;1;0;1;0;1;0;0;0;1;0;1;0;0;0;1;0;0;0;1;0;1;0;0;1;6.85
1;1;0;0;1;0;0;1;0;1;0;0;1;1;1;1;0;1;0;1;0;0;1;0;0;1;0;1;0;0;0;1;0;0;0;1;0;1;0;0;1;6.67
1;1;0;0;1;0;0;1;0;1;0;0;1;1;1;1;0;1;0;1;0;0;0;1;0;1;0;1;0;0;0;1;0;0;0;1;0;1;0;0;1;6.71
1;1;0;0;1;0;0;1;0;1;0;0;1;1;1;1;0;1;0;1;0;0;0;0;1;1;0;1;0;0;0;1;0;0;0;1;0;1;0;0;1;6.88
1;1;0;0;1;0;0;1;0;1;0;0;1;1;1;1;0;1;0;1;1;0;0;0;0;1;0;0;1;0;0;1;0;0;0;1;0;1;0;0;1;6.76
1;1;0;0;1;0;0;1;0;1;0;0;1;1;1;1;0;1;0;1;0;1;0;0;0;1;0;0;1;0;0;1;0;0;0;1;0;1;0;0;1;6.68
1;1;0;0;1;0;0;1;0;1;0;0;1;1;1;1;0;1;0;1;0;0;1;0;0;1;0;0;1;0;0;1;0;0;0;1;0;1;0;0;1;6.78
1;1;0;0;1;0;0;1;0;1;0;0;1;1;1;1;0;1;0;1;0;0;0;1;0;1;0;0;1;0;0;1;0;0;0;1;0;1;0;0;1;6.69
1;1;0;0;1;0;0;1;0;1;0;0;1;1;1;1;0;1;0;1;0;0;0;0;1;1;0;0;1;0;0;1;0;0;0;1;0;1;0;0;1;6.86
1;1;0;0;1;0;0;1;0;1;0;0;1;1;1;1;0;1;0;1;1;0;0;0;0;1;0;0;0;1;0;1;0;0;0;1;0;1;0;0;1;6.76
1;1;0;0;1;0;0;1;0;1;0;0;1;1;1;1;0;1;0;1;0;1;0;0;0;1;0;0;0;1;0;1;0;0;0;1;0;1;0;0;1;6.83
1;1;0;0;1;0;0;1;0;1;0;0;1;1;1;1;0;1;0;1;0;0;1;0;0;1;0;0;0;1;0;1;0;0;0;1;0;1;0;0;1;6.7
1;1;0;0;1;0;0;1;0;1;0;0;1;1;1;1;0;1;0;1;0;0;0;1;0;1;0;0;0;1;0;1;0;0;0;1;0;1;0;0;1;6.66
1;1;0;0;1;0;0;1;0;1;0;0;1;1;1;1;0;1;0;1;0;0;0;0;1;1;0;0;0;1;0;1;0;0;0;1;0;1;0;0;1;6.79
1;1;0;0;1;0;0;1;0;1;0;0;1;1;1;1;0;1;0;1;1;0;0;0;0;1;0;0;0;0;1;1;0;0;0;1;0;1;0;0;1;6.65
1;1;0;0;1;0;0;1;0;1;0;0;1;1;1;1;0;1;0;1;0;1;0;0;0;1;0;0;0;0;1;1;0;0;0;1;0;1;0;0;1;6.74
1;1;0;0;1;0;0;1;0;1;0;0;1;1;1;1;0;1;0;1;0;0;1;0;0;1;0;0;0;0;1;1;0;0;0;1;0;1;0;0;1;6.99
1;1;0;0;1;0;0;1;0;1;0;0;1;1;1;1;0;1;0;1;0;0;0;1;0;1;0;0;0;0;1;1;0;0;0;1;0;1;0;0;1;6.9
1;1;0;0;1;0;0;1;0;1;0;0;1;1;1;1;0;1;0;1;0;0;0;0;1;1;0;0;0;0;1;1;0;0;0;1;0;1;0;0;1;6.68
1;1;0;0;1;0;0;1;0;1;0;0;1;1;1;1;0;1;0;1;1;0;0;0;0;1;1;0;0;0;0;1;0;0;0;0;1;1;0;0;1;10.17
1;1;0;0;1;0;0;1;0;1;0;0;1;1;1;1;0;1;0;1;0;0;1;0;0;1;1;0;0;0;0;1;0;0;0;0;1;1;0;0;1;10.16
1;1;0;0;1;0;0;1;0;1;0;0;1;1;1;1;0;1;0;1;0;0;0;1;0;1;1;0;0;0;0;1;0;0;0;0;1;1;0;0;1;10.24
1;1;0;0;1;0;0;1;0;1;0;0;1;1;1;1;0;1;0;1;0;0;0;0;1;1;1;0;0;0;0;1;0;0;0;0;1;1;0;0;1;10.24
1;1;0;0;1;0;0;1;0;1;0;0;1;1;1;1;0;1;0;1;1;0;0;0;0;1;0;1;0;0;0;1;0;0;0;0;1;1;0;0;1;6.66
1;1;0;0;1;0;0;1;0;1;0;0;1;1;1;1;0;1;0;1;0;1;0;0;0;1;0;1;0;0;0;1;0;0;0;0;1;1;0;0;1;6.67
1;1;0;0;1;0;0;1;0;1;0;0;1;1;1;1;0;1;0;1;0;0;1;0;0;1;0;1;0;0;0;1;0;0;0;0;1;1;0;0;1;6.83
1;1;0;0;1;0;0;1;0;1;0;0;1;1;1;1;0;1;0;1;0;0;0;1;0;1;0;1;0;0;0;1;0;0;0;0;1;1;0;0;1;6.7
1;1;0;0;1;0;0;1;0;1;0;0;1;1;1;1;0;1;0;1;1;0;0;0;0;1;0;0;1;0;0;1;0;0;0;0;1;1;0;0;1;6.66
1;1;0;0;1;0;0;1;0;1;0;0;1;1;1;1;0;1;0;1;0;1;0;0;0;1;0;0;1;0;0;1;0;0;0;0;1;1;0;0;1;6.72
1;1;0;0;1;0;0;1;0;1;0;0;1;1;1;1;0;1;0;1;0;0;1;0;0;1;0;0;1;0;0;1;0;0;0;0;1;1;0;0;1;6.8
1;1;0;0;1;0;0;1;0;1;0;0;1;1;1;1;0;1;0;1;0;0;0;1;0;1;0;0;1;0;0;1;0;0;0;0;1;1;0;0;1;6.69
1;1;0;0;1;0;0;1;0;1;0;0;1;1;1;1;0;1;0;1;0;0;0;0;1;1;0;0;1;0;0;1;0;0;0;0;1;1;0;0;1;6.68
1;1;0;0;1;0;0;1;0;1;0;0;1;1;1;1;0;1;0;1;1;0;0;0;0;1;0;0;0;1;0;1;0;0;0;0;1;1;0;0;1;6.68
1;1;0;0;1;0;0;1;0;1;0;0;1;1;1;1;0;1;0;1;0;1;0;0;0;1;0;0;0;1;0;1;0;0;0;0;1;1;0;0;1;6.66
1;1;0;0;1;0;0;1;0;1;0;0;1;1;1;1;0;1;0;1;0;0;1;0;0;1;0;0;0;1;0;1;0;0;0;0;1;1;0;0;1;6.72
1;1;0;0;1;0;0;1;0;1;0;0;1;1;1;1;0;1;0;1;0;0;0;1;0;1;0;0;0;1;0;1;0;0;0;0;1;1;0;0;1;6.78
1;1;0;0;1;0;0;1;0;1;0;0;1;1;1;1;0;1;0;1;0;0;0;0;1;1;0;0;0;1;0;1;0;0;0;0;1;1;0;0;1;6.76
1;1;0;0;1;0;0;1;0;1;0;0;1;1;1;1;0;1;0;1;1;0;0;0;0;1;0;0;0;0;1;1;0;0;0;0;1;1;0;0;1;6.73
1;1;0;0;1;0;0;1;0;1;0;0;1;1;1;1;0;1;0;1;0;1;0;0;0;1;0;0;0;0;1;1;0;0;0;0;1;1;0;0;1;6.7
1;1;0;0;1;0;0;1;0;1;0;0;1;1;1;1;0;1;0;1;0;0;1;0;0;1;0;0;0;0;1;1;0;0;0;0;1;1;0;0;1;6.7
1;1;0;0;1;0;0;1;0;1;0;0;1;1;1;1;0;1;0;1;0;0;0;1;0;1;0;0;0;0;1;1;0;0;0;0;1;1;0;0;1;6.71
1;1;0;0;1;0;0;1;0;1;0;0;1;1;1;1;0;1;0;1;0;0;0;0;1;1;0;0;0;0;1;1;0;0;0;0;1;1;0;0;1;6.9
1;1;0;0;1;0;0;1;0;1;0;0;1;1;0;1;0;0;1;1;0;0;0;1;0;1;0;1;0;0;0;1;0;1;0;0;0;1;0;1;0;11.17
1;1;0;0;1;0;0;0;1;1;0;0;1;0;0;1;1;0;0;1;0;0;0;0;1;1;1;0;0;0;0;1;0;0;1;0;0;1;0;1;0;3.3
1;1;0;0;1;0;0;0;1;1;0;0;1;0;0;1;1;0;0;1;1;0;0;0;0;1;0;1;0;0;0;1;0;0;1;0;0;1;0;1;0;2.37
1;1;0;0;1;0;0;0;1;1;0;0;1;0;0;1;0;0;1;1;1;0;0;0;0;1;0;1;0;0;0;1;0;0;1;0;0;1;0;1;0;2.79
1;1;0;0;1;0;0;0;1;1;0;0;1;0;0;1;1;0;0;1;0;0;0;0;1;1;0;1;0;0;0;1;0;0;1;0;0;1;0;1;0;2.75
1;1;0;0;1;0;0;0;1;1;0;0;1;0;0;1;1;0;0;1;1;0;0;0;0;1;0;0;1;0;0;1;0;0;1;0;0;1;0;1;0;2.41
1;1;0;0;1;0;0;0;1;1;0;0;1;0;0;1;0;0;1;1;1;0;0;0;0;1;0;0;1;0;0;1;0;0;1;0;0;1;0;1;0;2.78
1;1;0;0;1;0;0;0;1;1;0;0;1;0;0;1;1;0;0;1;0;1;0;0;0;1;0;0;1;0;0;1;0;0;1;0;0;1;0;1;0;2.57
1;1;0;0;1;0;0;0;1;1;0;0;1;0;0;1;0;0;1;1;0;1;0;0;0;1;0;0;1;0;0;1;0;0;1;0;0;1;0;1;0;2.95
1;1;0;0;1;0;0;0;1;1;0;0;1;0;0;1;1;0;0;1;0;0;1;0;0;1;0;0;1;0;0;1;0;0;1;0;0;1;0;1;0;2.57
1;1;0;0;1;0;0;0;1;1;0;0;1;0;0;1;0;0;1;1;0;0;1;0;0;1;0;0;1;0;0;1;0;0;1;0;0;1;0;1;0;3.17
1;1;0;0;1;0;0;0;1;1;0;0;1;0;0;1;1;0;0;1;0;0;0;1;0;1;0;0;1;0;0;1;0;0;1;0;0;1;0;1;0;2.68
1;1;0;0;1;0;0;0;1;1;0;0;1;0;0;1;1;0;0;1;0;0;0;0;1;1;0;0;1;0;0;1;0;0;1;0;0;1;0;1;0;2.77
1;1;0;0;1;0;0;0;1;1;0;0;1;0;0;1;0;0;1;1;0;0;0;0;1;1;0;0;1;0;0;1;0;0;1;0;0;1;0;1;0;3.47
1;1;0;0;1;0;0;0;1;1;0;0;1;0;0;1;0;0;1;1;1;0;0;0;0;1;0;0;0;1;0;1;0;0;1;0;0;1;0;1;0;2.74
1;1;0;0;1;0;0;0;1;1;0;0;1;0;0;1;1;0;0;1;1;0;0;0;0;1;0;0;0;0;1;1;0;0;1;0;0;1;0;1;0;2.37
1;1;0;0;1;0;0;0;1;1;0;0;1;0;0;1;0;0;1;1;1;0;0;0;0;1;0;0;0;0;1;1;0;0;1;0;0;1;0;1;0;2.7
1;1;0;0;1;0;0;0;1;1;0;0;1;0;0;1;1;0;0;1;0;0;1;0;0;1;0;0;0;0;1;1;0;0;1;0;0;1;0;1;0;2.63
1;1;0;0;1;0;0;0;1;1;0;0;1;0;0;1;0;0;1;1;1;0;0;0;0;1;0;0;1;0;0;1;0;0;0;1;0;1;0;1;0;2.67
1;1;0;0;1;0;0;0;1;1;0;0;1;0;0;1;0;0;1;1;1;0;0;0;0;1;0;0;1;0;0;1;0;0;0;0;1;1;0;1;0;2.63
1;1;0;0;1;0;0;0;1;1;0;0;1;0;0;1;1;0;0;1;0;0;1;0;0;1;0;0;1;0;0;1;0;0;0;0;1;1;0;1;0;2.49
1;1;0;0;1;0;0;0;1;1;0;0;1;0;0;1;0;0;1;1;0;0;1;0;0;1;0;0;1;0;0;1;0;0;0;0;1;1;0;1;0;3
1;1;0;0;1;0;0;0;1;1;0;0;1;0;0;1;1;0;0;1;0;0;0;1;0;1;0;0;1;0;0;1;0;0;0;0;1;1;0;1;0;2.56
1;1;0;0;1;1;0;0;0;1;0;0;1;1;0;1;0;1;0;1;0;1;0;0;0;1;1;0;0;0;0;1;0;0;0;0;1;1;0;1;0;10.07
1;1;0;0;1;0;0;0;1;1;0;0;1;0;0;1;0;0;1;1;1;0;0;0;0;1;0;1;0;0;0;1;0;0;0;1;0;1;1;0;0;4.02
1;1;0;0;1;0;0;0;1;1;0;0;1;0;0;1;0;0;1;1;1;0;0;0;0;1;0;1;0;0;0;1;1;0;0;0;0;1;0;1;0;14.64
1;1;0;0;1;0;0;0;1;1;0;0;1;0;0;1;1;0;0;1;1;0;0;0;0;1;0;0;1;0;0;1;1;0;0;0;0;1;0;1;0;12.39
1;1;0;0;1;0;0;0;1;1;0;0;1;0;0;1;0;0;1;1;1;0;0;0;0;1;0;0;1;0;0;1;1;0;0;0;0;1;0;1;0;14.64
1;1;0;0;1;0;0;0;1;1;0;0;1;0;0;1;0;0;1;1;0;0;1;0;0;1;0;0;1;0;0;1;1;0;0;0;0;1;0;1;0;14.57
1;1;0;0;1;0;0;0;1;1;0;0;1;0;0;1;0;0;1;1;1;0;0;0;0;1;0;0;1;0;0;1;0;1;0;0;0;1;0;1;0;4.12
1;1;0;0;1;0;0;0;1;1;0;0;1;0;0;1;1;0;0;1;0;0;1;0;0;1;0;0;1;0;0;1;0;1;0;0;0;1;0;1;0;5.13
1;1;0;0;1;0;0;0;1;1;0;0;1;0;0;1;0;0;1;1;0;0;1;0;0;1;0;0;1;0;0;1;0;1;0;0;0;1;0;1;0;5.35
1;1;0;1;1;0;0;0;1;1;0;0;1;1;1;1;0;1;0;1;0;0;1;0;0;1;0;0;0;1;0;1;0;1;0;0;0;1;1;0;0;29.63
1;1;0;1;1;0;0;0;1;1;0;0;1;1;1;1;0;1;0;1;0;0;0;1;0;1;0;0;0;1;0;1;0;1;0;0;0;1;1;0;0;29.67
1;1;0;1;1;0;0;0;1;1;0;0;1;1;1;1;0;1;0;1;0;0;0;0;1;1;0;0;0;1;0;1;0;1;0;0;0;1;1;0;0;29.68
1;1;0;1;1;0;0;0;1;1;0;0;1;1;1;1;0;1;0;1;1;0;0;0;0;1;0;0;0;0;1;1;0;1;0;0;0;1;1;0;0;29.69
1;1;0;1;1;0;0;0;1;1;0;0;1;1;1;1;0;1;0;1;0;0;1;0;0;1;0;0;0;0;1;1;0;1;0;0;0;1;1;0;0;29.52
1;1;0;1;1;0;0;0;1;1;0;0;1;1;1;1;0;1;0;1;0;0;0;1;0;1;0;0;0;0;1;1;0;1;0;0;0;1;1;0;0;29.58
1;1;0;1;1;0;0;0;1;1;0;0;1;1;1;1;0;1;0;1;1;0;0;0;0;1;1;0;0;0;0;1;0;0;1;0;0;1;1;0;0;17.91
1;1;0;1;1;0;0;0;1;1;0;0;1;1;1;1;0;1;0;1;0;1;0;0;0;1;1;0;0;0;0;1;0;0;1;0;0;1;1;0;0;17.77
1;1;0;1;1;0;0;0;1;1;0;0;1;1;1;1;0;1;0;1;0;0;1;0;0;1;1;0;0;0;0;1;0;0;1;0;0;1;1;0;0;17.79
1;1;0;1;1;0;0;0;1;1;0;0;1;1;1;1;0;1;0;1;0;0;0;1;0;1;1;0;0;0;0;1;0;0;1;0;0;1;1;0;0;17.76
1;1;0;1;1;0;0;0;1;1;0;0;1;1;1;1;0;1;0;1;0;0;0;0;1;1;1;0;0;0;0;1;0;0;1;0;0;1;1;0;0;17.77
1;1;0;1;1;0;0;0;1;1;0;0;1;1;1;1;0;1;0;1;1;0;0;0;0;1;0;1;0;0;0;1;0;0;1;0;0;1;1;0;0;17.84
1;1;0;1;1;0;0;0;1;1;0;0;1;1;1;1;0;1;0;1;0;1;0;0;0;1;0;1;0;0;0;1;0;0;1;0;0;1;1;0;0;17.74
1;1;0;1;1;0;0;0;1;1;0;0;1;1;1;1;0;1;0;1;0;0;1;0;0;1;0;1;0;0;0;1;0;0;1;0;0;1;1;0;0;17.76
1;1;0;1;1;0;0;0;1;1;0;0;1;1;1;1;0;1;0;1;0;0;0;1;0;1;0;1;0;0;0;1;0;0;1;0;0;1;1;0;0;17.74
1;1;0;1;1;0;0;0;1;1;0;0;1;1;1;1;0;1;0;1;0;0;0;0;1;1;0;1;0;0;0;1;0;0;1;0;0;1;1;0;0;17.92
1;1;0;1;1;0;0;0;1;1;0;0;1;1;1;1;0;1;0;1;1;0;0;0;0;1;0;0;1;0;0;1;0;0;1;0;0;1;1;0;0;17.86
1;1;0;1;1;0;0;0;1;1;0;0;1;1;1;1;0;1;0;1;0;1;0;0;0;1;0;0;1;0;0;1;0;0;1;0;0;1;1;0;0;17.94
1;1;0;1;1;0;0;0;1;1;0;0;1;1;1;1;0;1;0;1;0;0;1;0;0;1;0;0;1;0;0;1;0;0;1;0;0;1;1;0;0;17.73
1;1;0;1;1;0;0;0;1;1;0;0;1;1;1;1;0;1;0;1;0;0;0;1;0;1;0;0;1;0;0;1;0;0;1;0;0;1;1;0;0;18.04
1;1;0;1;1;0;0;0;1;1;0;0;1;1;1;1;0;1;0;1;0;0;0;0;1;1;0;0;1;0;0;1;0;0;1;0;0;1;1;0;0;18.14
1;1;0;1;1;0;0;0;1;1;0;0;1;1;1;1;0;1;0;1;1;0;0;0;0;1;0;0;0;1;0;1;0;0;1;0;0;1;1;0;0;17.65
1;1;0;1;1;0;0;0;1;1;0;0;1;1;1;1;0;1;0;1;0;1;0;0;0;1;0;0;0;1;0;1;0;0;1;0;0;1;1;0;0;17.74
1;1;0;1;1;0;0;0;1;1;0;0;1;1;1;1;0;1;0;1;0;0;1;0;0;1;0;0;0;1;0;1;0;0;1;0;0;1;1;0;0;18.38
1;1;0;1;1;0;0;0;1;1;0;0;1;1;1;1;0;1;0;1;0;0;0;1;0;1;0;0;0;1;0;1;0;0;1;0;0;1;1;0;0;17.78
1;1;0;1;1;0;0;0;1;1;0;0;1;1;1;1;0;1;0;1;1;0;0;0;0;1;0;0;0;0;1;1;0;0;1;0;0;1;1;0;0;17.77
1;1;0;1;1;0;0;0;1;1;0;0;1;1;1;1;0;1;0;1;0;1;0;0;0;1;0;0;0;0;1;1;0;0;1;0;0;1;1;0;0;17.73
1;1;0;1;1;0;0;0;1;1;0;0;1;1;1;1;0;1;0;1;0;0;1;0;0;1;0;0;0;0;1;1;0;0;1;0;0;1;1;0;0;18.46
1;1;0;1;1;0;0;0;1;1;0;0;1;1;1;1;0;1;0;1;0;0;0;1;0;1;0;0;0;0;1;1;0;0;1;0;0;1;1;0;0;18.26
1;1;0;1;1;0;0;0;1;1;0;0;1;1;1;1;0;1;0;1;1;0;0;0;0;1;1;0;0;0;0;1;0;0;0;1;0;1;1;0;0;17.35
1;1;0;1;1;0;0;0;1;1;0;0;1;1;1;1;0;1;0;1;0;1;0;0;0;1;1;0;0;0;0;1;0;0;0;1;0;1;1;0;0;17.51
1;1;0;1;1;0;0;0;1;1;0;0;1;1;1;1;0;1;0;1;0;0;1;0;0;1;1;0;0;0;0;1;0;0;0;1;0;1;1;0;0;18.86
1;1;0;1;1;0;0;0;1;1;0;0;1;1;1;1;0;1;0;1;0;0;0;1;0;1;1;0;0;0;0;1;0;0;0;1;0;1;1;0;0;17.74
1;1;0;1;1;0;0;0;1;1;0;0;1;1;1;1;0;1;0;1;0;0;0;0;1;1;1;0;0;0;0;1;0;0;0;1;0;1;1;0;0;17.33
1;1;0;1;1;0;0;0;1;1;0;0;1;1;1;1;0;1;0;1;0;1;0;0;0;1;0;1;0;0;0;1;0;0;0;1;0;1;1;0;0;17.38
1;1;0;1;1;0;0;0;1;1;0;0;1;1;1;1;0;1;0;1;0;0;1;0;0;1;0;1;0;0;0;1;0;0;0;1;0;1;1;0;0;17.98
1;1;0;1;1;0;0;0;1;1;0;0;1;1;1;1;0;1;0;1;0;0;0;1;0;1;0;1;0;0;0;1;0;0;0;1;0;1;1;0;0;17.84
1;1;0;1;1;0;0;0;1;1;0;0;1;1;1;1;0;1;0;1;0;0;0;0;1;1;0;1;0;0;0;1;0;0;0;1;0;1;1;0;0;17.37
1;1;0;1;1;0;0;0;1;1;0;0;1;1;1;1;0;1;0;1;0;1;0;0;0;1;0;0;1;0;0;1;0;0;0;1;0;1;1;0;0;17.38
1;1;0;1;1;0;0;0;1;1;0;0;1;1;1;1;0;1;0;1;0;0;1;0;0;1;0;0;1;0;0;1;0;0;0;1;0;1;1;0;0;17.42
1;1;0;1;1;0;0;0;1;1;0;0;1;1;1;1;0;1;0;1;0;0;0;1;0;1;0;0;1;0;0;1;0;0;0;1;0;1;1;0;0;17.44
1;1;0;1;1;0;0;0;1;1;0;0;1;1;1;1;0;1;0;1;0;0;0;0;1;1;0;0;1;0;0;1;0;0;0;1;0;1;1;0;0;17.38
1;1;0;1;1;0;0;0;1;1;0;0;1;1;1;1;0;1;0;1;1;0;0;0;0;1;0;0;0;1;0;1;0;0;0;1;0;1;1;0;0;17.36
1;1;0;1;1;0;0;0;1;1;0;0;1;1;1;1;0;1;0;1;0;0;1;0;0;1;0;0;0;1;0;1;0;0;0;1;0;1;1;0;0;17.69
1;1;0;1;1;0;0;0;1;1;0;0;1;1;1;1;0;1;0;1;0;0;0;1;0;1;0;0;0;1;0;1;0;0;0;1;0;1;1;0;0;17.39
1;1;0;1;1;0;0;0;1;1;0;0;1;1;1;1;0;1;0;1;0;1;0;0;0;1;0;0;0;0;1;1;0;0;0;1;0;1;1;0;0;17.45
1;1;0;1;1;0;0;0;1;1;0;0;1;1;1;1;0;1;0;1;0;0;1;0;0;1;0;0;0;0;1;1;0;0;0;1;0;1;1;0;0;17.64
1;1;0;1;1;0;0;0;1;1;0;0;1;1;1;1;0;1;0;1;0;0;0;1;0;1;0;0;0;0;1;1;0;0;0;1;0;1;1;0;0;17.35
1;1;0;1;1;0;0;0;1;1;0;0;1;1;1;1;0;1;0;1;0;0;0;0;1;1;0;0;0;0;1;1;0;0;0;1;0;1;1;0;0;17.43
1;1;0;1;1;0;0;0;1;1;0;0;1;1;1;1;0;1;0;1;1;0;0;0;0;1;1;0;0;0;0;1;0;0;0;0;1;1;1;0;0;17.26
1;1;0;1;1;0;0;0;1;1;0;0;1;1;1;1;0;1;0;1;0;0;1;0;0;1;1;0;0;0;0;1;0;0;0;0;1;1;1;0;0;17.72
1;1;0;1;1;0;0;0;1;1;0;0;1;1;1;1;0;1;0;1;0;0;0;1;0;1;1;0;0;0;0;1;0;0;0;0;1;1;1;0;0;17.44
1;1;0;1;1;0;0;0;1;1;0;0;1;1;1;1;0;1;0;1;0;0;0;0;1;1;1;0;0;0;0;1;0;0;0;0;1;1;1;0;0;17.85
1;1;0;1;1;0;0;0;1;1;0;0;1;1;1;1;0;1;0;1;1;0;0;0;0;1;0;1;0;0;0;1;0;0;0;0;1;1;1;0;0;17.47
1;1;0;1;1;0;0;0;1;1;0;0;1;1;1;1;0;1;0;1;1;0;0;0;0;1;0;0;1;0;0;1;0;0;0;0;1;1;1;0;0;17.92
1;1;0;1;1;0;0;0;1;1;0;0;1;1;1;1;0;1;0;1;0;1;0;0;0;1;0;0;1;0;0;1;0;0;0;0;1;1;1;0;0;17.74
1;1;0;1;1;0;0;0;1;1;0;0;1;1;1;1;0;1;0;1;0;0;1;0;0;1;0;0;1;0;0;1;0;0;0;0;1;1;1;0;0;17.4
1;1;0;1;1;0;0;0;1;1;0;0;1;1;1;1;0;1;0;1;1;0;0;0;0;1;0;0;0;1;0;1;0;0;0;0;1;1;1;0;0;17.53
1;1;0;1;1;0;0;0;1;1;0;0;1;1;1;1;0;1;0;1;0;0;1;0;0;1;0;0;0;1;0;1;0;0;0;0;1;1;1;0;0;17.46
1;1;0;1;1;0;0;0;1;1;0;0;1;1;1;1;0;1;0;1;0;0;0;1;0;1;0;0;0;1;0;1;0;0;0;0;1;1;1;0;0;17.58
1;1;0;1;1;0;0;0;1;1;0;0;1;1;1;1;0;1;0;1;0;0;0;0;1;1;0;0;0;1;0;1;0;0;0;0;1;1;1;0;0;17.87
1;1;0;0;1;0;1;0;0;1;0;0;1;0;0;1;1;0;0;1;1;0;0;0;0;1;0;0;1;0;0;1;1;0;0;0;0;1;0;1;0;13.11
1;1;0;0;1;0;1;0;0;1;0;0;1;0;0;1;1;0;0;1;0;0;0;0;1;1;0;0;0;1;0;1;1;0;0;0;0;1;0;1;0;14.79
1;1;0;0;1;0;1;0;0;1;0;0;1;0;0;1;1;0;0;1;1;0;0;0;0;1;0;0;0;0;1;1;1;0;0;0;0;1;0;1;0;13.16
1;1;0;0;1;0;1;0;0;1;0;0;1;0;0;1;1;0;0;1;0;0;1;0;0;1;0;0;0;0;1;1;1;0;0;0;0;1;0;1;0;14.85
1;1;0;0;1;0;1;0;0;1;0;0;1;0;0;1;1;0;0;1;0;0;0;1;0;1;0;0;0;0;1;1;1;0;0;0;0;1;0;1;0;14.65
1;1;0;0;1;0;1;0;0;1;0;0;1;0;0;1;1;0;0;1;0;0;0;0;1;1;0;0;0;0;1;1;1;0;0;0;0;1;0;1;0;14.74
1;1;0;0;1;0;1;0;0;1;0;0;1;0;0;1;1;0;0;1;1;0;0;0;0;1;0;1;0;0;0;1;0;1;0;0;0;1;0;1;0;4.14
1;1;0;0;1;0;1;0;0;1;0;0;1;0;0;1;1;0;0;1;0;1;0;0;0;1;0;1;0;0;0;1;0;1;0;0;0;1;0;1;0;4.28
1;1;0;0;1;0;1;0;0;1;0;0;1;0;0;1;1;0;0;1;0;0;0;0;1;1;0;1;0;0;0;1;0;1;0;0;0;1;0;1;0;4.77
1;1;0;0;1;0;1;0;0;1;0;0;1;0;0;1;1;0;0;1;0;1;0;0;0;1;0;0;1;0;0;1;0;1;0;0;0;1;0;1;0;4.23
1;1;0;0;1;0;1;0;0;1;0;0;1;0;0;1;1;0;0;1;0;0;0;0;1;1;0;0;1;0;0;1;0;1;0;0;0;1;0;1;0;4.8
1;1;0;0;1;0;0;0;1;1;0;0;1;1;0;1;0;0;1;1;0;0;0;1;0;1;0;0;0;1;0;1;0;1;0;0;0;1;0;1;0;11.32
1;1;0;0;1;0;0;0;1;1;0;0;1;1;0;1;0;0;1;1;0;0;0;1;0;1;0;1;0;0;0;1;0;0;0;0;1;1;0;1;0;6.36
1;1;0;0;1;0;0;0;1;1;0;0;1;1;0;1;0;0;1;1;0;0;0;1;0;1;0;0;0;0;1;1;0;0;0;0;1;1;0;1;0;6.23
1;1;0;1;1;0;1;0;0;1;0;0;1;0;0;1;1;0;0;1;1;0;0;0;0;1;0;0;0;0;1;1;0;1;0;0;0;1;0;1;0;4.24
1;1;0;1;1;0;1;0;0;1;0;0;1;0;0;1;1;0;0;1;1;0;0;0;0;1;0;0;0;0;1;1;0;0;1;0;0;1;0;1;0;2.36
1;1;0;1;1;0;1;0;0;1;0;0;1;0;0;1;1;0;0;1;0;0;1;0;0;1;0;0;1;0;0;1;0;0;0;1;0;1;0;1;0;2.59
1;1;0;1;1;0;1;0;0;1;0;0;1;0;0;1;1;0;0;1;0;0;0;1;0;1;0;0;1;0;0;1;0;0;0;1;0;1;0;1;0;2.84
1;1;0;1;1;0;1;0;0;1;0;0;1;0;0;1;1;0;0;1;0;0;1;0;0;1;0;1;0;0;0;1;0;0;0;0;1;1;0;1;0;2.57
1;1;0;1;1;0;1;0;0;1;0;0;1;0;0;1;1;0;0;1;0;0;0;1;0;1;0;1;0;0;0;1;0;0;0;0;1;1;0;1;0;2.76
1;1;0;0;1;0;1;0;0;1;0;0;1;0;0;1;1;0;0;1;0;0;0;1;0;1;0;0;0;0;1;1;0;1;0;0;0;1;0;1;0;4.63
1;1;0;0;1;0;1;0;0;1;0;0;1;0;0;1;1;0;0;1;0;0;0;0;1;1;0;0;0;0;1;1;0;1;0;0;0;1;0;1;0;4.79
1;1;0;0;1;0;1;0;0;1;0;0;1;0;0;1;1;0;0;1;0;1;0;0;0;1;0;1;0;0;0;1;0;0;1;0;0;1;0;1;0;2.44
1;1;0;0;1;0;1;0;0;1;0;0;1;0;0;1;1;0;0;1;0;0;0;0;1;1;1;0;0;0;0;1;0;0;0;1;0;1;0;1;0;3.95
1;1;0;0;1;0;1;0;0;1;0;0;1;0;0;1;1;0;0;1;0;1;0;0;0;1;0;1;0;0;0;1;0;0;0;1;0;1;0;1;0;2.39
1;1;0;0;1;0;1;0;0;1;0;0;1;0;0;1;1;0;0;1;0;0;0;0;1;1;0;1;0;0;0;1;0;0;0;1;0;1;0;1;0;3.06
1;1;0;0;1;0;1;0;0;1;0;0;1;0;0;1;1;0;0;1;1;0;0;0;0;1;0;0;1;0;0;1;0;0;0;1;0;1;0;1;0;2.31
1;1;0;0;1;0;1;0;0;1;0;0;1;0;0;1;1;0;0;1;0;1;0;0;0;1;0;0;1;0;0;1;0;0;0;1;0;1;0;1;0;2.36
1;1;0;0;1;0;1;0;0;1;0;0;1;0;0;1;1;0;0;1;1;0;0;0;0;1;0;0;0;1;0;1;0;0;0;1;0;1;0;1;0;2.25
1;1;0;0;1;0;1;0;0;1;0;0;1;0;0;1;1;0;0;1;0;1;0;0;0;1;0;0;0;1;0;1;0;0;0;1;0;1;0;1;0;2.38
1;1;0;0;1;0;1;0;0;1;0;0;1;0;0;1;1;0;0;1;1;0;0;0;0;1;0;0;0;0;1;1;0;0;0;1;0;1;0;1;0;2.22
1;1;0;0;1;0;1;0;0;1;0;0;1;0;0;1;1;0;0;1;0;1;0;0;0;1;0;0;0;0;1;1;0;0;0;1;0;1;0;1;0;2.41
1;1;0;0;1;0;1;0;0;1;0;0;1;0;0;1;1;0;0;1;0;0;1;0;0;1;1;0;0;0;0;1;0;0;0;0;1;1;0;1;0;3.11
1;1;0;0;1;0;1;0;0;1;0;0;1;0;0;1;1;0;0;1;1;0;0;0;0;1;0;1;0;0;0;1;0;0;0;0;1;1;0;1;0;2.26
1;1;0;0;1;0;1;0;0;1;0;0;1;0;0;1;1;0;0;1;0;1;0;0;0;1;0;1;0;0;0;1;0;0;0;0;1;1;0;1;0;2.39
1;1;0;0;1;0;1;0;0;1;0;0;1;0;0;1;1;0;0;1;1;0;0;0;0;1;0;0;0;0;1;1;0;0;0;0;1;1;0;1;0;2.26
1;1;0;0;1;0;1;0;0;1;0;0;1;0;0;1;1;0;0;1;0;1;0;0;0;1;0;0;0;0;1;1;0;0;0;0;1;1;0;1;0;2.38
1;1;0;0;1;0;1;0;0;1;0;0;1;0;0;1;1;0;0;1;0;0;1;0;0;1;0;0;0;0;1;1;0;0;0;0;1;1;0;1;0;2.55
1;1;0;0;1;0;1;0;0;1;0;0;1;0;0;1;1;0;0;1;0;0;0;1;0;1;0;0;0;0;1;1;0;0;0;0;1;1;0;1;0;2.78
1;1;0;0;1;0;1;0;0;1;0;0;1;0;0;1;1;0;0;1;0;0;0;0;1;1;0;0;0;0;1;1;0;0;0;0;1;1;0;1;0;3.01
1;1;0;0;1;0;0;0;1;1;0;0;1;1;1;1;0;1;0;1;0;0;0;1;0;1;1;0;0;0;0;1;1;0;0;0;0;1;0;0;1;41.95
1;1;0;0;1;0;0;0;1;1;0;0;1;1;1;1;0;1;0;1;1;0;0;0;0;1;0;0;0;1;0;1;1;0;0;0;0;1;0;0;1;25.39
1;1;0;0;1;0;0;0;1;1;0;0;1;1;1;1;0;1;0;1;0;0;0;1;0;1;0;0;0;1;0;1;1;0;0;0;0;1;0;0;1;25.55
1;1;0;0;1;0;0;0;1;1;0;0;1;1;1;1;0;1;0;1;1;0;0;0;0;1;0;0;0;0;1;1;1;0;0;0;0;1;0;0;1;25.22
1;1;0;0;1;0;0;0;1;1;0;0;1;1;1;1;0;1;0;1;0;0;0;0;1;1;0;0;0;0;1;1;1;0;0;0;0;1;0;0;1;26.23
1;1;0;0;1;0;0;0;1;1;0;0;1;1;1;1;0;1;0;1;0;0;1;0;0;1;1;0;0;0;0;1;0;1;0;0;0;1;0;0;1;17.15
1;1;0;0;1;0;0;0;1;1;0;0;1;1;1;1;0;1;0;1;0;0;0;1;0;1;1;0;0;0;0;1;0;1;0;0;0;1;0;0;1;17.01
1;1;0;0;1;0;0;0;1;1;0;0;1;1;1;1;0;1;0;1;1;0;0;0;0;1;0;0;0;1;0;1;0;1;0;0;0;1;0;0;1;11.27
1;1;0;0;1;0;0;0;1;1;0;0;1;1;1;1;0;1;0;1;0;0;0;0;1;1;0;0;0;1;0;1;0;1;0;0;0;1;0;0;1;11.1
1;1;0;0;1;0;0;0;1;1;0;0;1;1;1;1;0;1;0;1;0;0;1;0;0;1;1;0;0;0;0;1;0;0;1;0;0;1;0;0;1;10.33
1;1;0;0;1;0;0;0;1;1;0;0;1;1;1;1;0;1;0;1;0;0;0;1;0;1;1;0;0;0;0;1;0;0;1;0;0;1;0;0;1;10.93
1;1;0;0;1;0;0;0;1;1;0;0;1;1;1;1;0;1;0;1;0;0;0;1;0;1;0;0;0;1;0;1;0;0;1;0;0;1;0;0;1;7.23
1;1;0;0;1;0;0;0;1;1;0;0;1;1;1;1;0;1;0;1;1;0;0;0;0;1;1;0;0;0;0;1;0;0;0;1;0;1;0;0;1;10.12
1;1;0;0;1;0;0;0;1;1;0;0;1;1;1;1;0;1;0;1;0;0;1;0;0;1;1;0;0;0;0;1;0;0;0;1;0;1;0;0;1;10.36
1;1;0;0;1;0;0;0;1;1;0;0;1;1;1;1;0;1;0;1;0;0;0;0;1;1;1;0;0;0;0;1;0;0;0;1;0;1;0;0;1;10.52
1;1;0;0;1;0;0;0;1;1;0;0;1;1;1;1;0;1;0;1;1;0;0;0;0;1;0;0;0;1;0;1;0;0;0;1;0;1;0;0;1;6.69
1;1;0;0;1;0;0;0;1;1;0;0;1;1;1;1;0;1;0;1;0;0;0;1;0;1;0;0;0;1;0;1;0;0;0;1;0;1;0;0;1;6.92
1;1;0;0;1;0;0;0;1;1;0;0;1;1;1;1;0;1;0;1;0;0;0;0;1;1;0;0;0;1;0;1;0;0;0;1;0;1;0;0;1;6.77
1;1;0;0;1;0;0;0;1;1;0;0;1;1;1;1;0;1;0;1;1;0;0;0;0;1;0;0;0;0;1;1;0;0;0;1;0;1;0;0;1;6.63
1;1;0;0;1;0;0;0;1;1;0;0;1;1;1;1;0;1;0;1;0;0;1;0;0;1;0;0;0;0;1;1;0;0;0;1;0;1;0;0;1;6.88
1;1;0;0;1;0;0;0;1;1;0;0;1;1;1;1;0;1;0;1;0;0;0;1;0;1;0;0;0;0;1;1;0;0;0;1;0;1;0;0;1;6.73
1;1;0;0;1;0;0;0;1;1;0;0;1;1;1;1;0;1;0;1;0;0;0;0;1;1;0;0;0;0;1;1;0;0;0;1;0;1;0;0;1;6.71
1;1;0;0;1;0;0;0;1;1;0;0;1;1;1;1;0;1;0;1;1;0;0;0;0;1;1;0;0;0;0;1;0;0;0;0;1;1;0;0;1;10.47
1;1;0;0;1;0;0;0;1;1;0;0;1;1;1;1;0;1;0;1;0;0;0;0;1;1;1;0;0;0;0;1;0;0;0;0;1;1;0;0;1;10.13
1;1;0;0;1;0;0;0;1;1;0;0;1;1;1;1;0;1;0;1;1;0;0;0;0;1;0;0;0;1;0;1;0;0;0;0;1;1;0;0;1;6.72
1;1;0;0;1;0;0;0;1;1;0;0;1;1;1;1;0;1;0;1;0;0;0;1;0;1;0;0;0;0;1;1;0;0;0;0;1;1;0;0;1;6.86
1;1;0;1;1;0;0;0;1;1;0;0;1;1;1;1;0;1;0;1;0;1;0;0;0;1;1;0;0;0;0;1;1;0;0;0;0;1;1;0;0;78.79
1;1;0;1;1;0;0;0;1;1;0;0;1;1;1;1;0;1;0;1;0;0;1;0;0;1;1;0;0;0;0;1;1;0;0;0;0;1;1;0;0;77.43
1;1;0;1;1;0;0;0;1;1;0;0;1;1;1;1;0;1;0;1;0;0;0;1;0;1;1;0;0;0;0;1;1;0;0;0;0;1;1;0;0;77.34
1;1;0;1;1;0;0;0;1;1;0;0;1;1;1;1;0;1;0;1;0;0;0;0;1;1;1;0;0;0;0;1;1;0;0;0;0;1;1;0;0;79.72
1;1;0;1;1;0;0;0;1;1;0;0;1;1;1;1;0;1;0;1;1;0;0;0;0;1;0;1;0;0;0;1;1;0;0;0;0;1;1;0;0;78.17
1;1;0;1;1;0;0;0;1;1;0;0;1;1;1;1;0;1;0;1;0;1;0;0;0;1;0;1;0;0;0;1;1;0;0;0;0;1;1;0;0;79.54
1;1;0;1;1;0;0;0;1;1;0;0;1;1;1;1;0;1;0;1;0;0;1;0;0;1;0;1;0;0;0;1;1;0;0;0;0;1;1;0;0;78.82
1;1;0;1;1;0;0;0;1;1;0;0;1;1;1;1;0;1;0;1;0;0;0;1;0;1;0;1;0;0;0;1;1;0;0;0;0;1;1;0;0;80.2
1;1;0;1;1;0;0;0;1;1;0;0;1;1;1;1;0;1;0;1;1;0;0;0;0;1;0;0;1;0;0;1;1;0;0;0;0;1;1;0;0;77.91
1;1;0;1;1;0;0;0;1;1;0;0;1;1;1;1;0;1;0;1;0;1;0;0;0;1;0;0;1;0;0;1;1;0;0;0;0;1;1;0;0;76.78
1;1;0;1;1;0;0;0;1;1;0;0;1;1;1;1;0;1;0;1;0;0;1;0;0;1;0;0;1;0;0;1;1;0;0;0;0;1;1;0;0;77.8
1;1;0;1;1;0;0;0;1;1;0;0;1;1;1;1;0;1;0;1;0;0;0;1;0;1;0;0;1;0;0;1;1;0;0;0;0;1;1;0;0;77.68
1;1;0;1;1;0;0;0;1;1;0;0;1;1;1;1;0;1;0;1;0;0;0;0;1;1;0;0;1;0;0;1;1;0;0;0;0;1;1;0;0;78.9
1;1;0;1;1;0;0;0;1;1;0;0;1;1;1;1;0;1;0;1;1;0;0;0;0;1;0;0;0;1;0;1;1;0;0;0;0;1;1;0;0;78.18
1;1;0;1;1;0;0;0;1;1;0;0;1;1;1;1;0;1;0;1;0;1;0;0;0;1;0;0;0;1;0;1;1;0;0;0;0;1;1;0;0;77.22
1;1;0;1;1;0;0;0;1;1;0;0;1;1;1;1;0;1;0;1;0;0;1;0;0;1;0;0;0;1;0;1;1;0;0;0;0;1;1;0;0;78.84
1;1;0;1;1;0;0;0;1;1;0;0;1;1;1;1;0;1;0;1;0;0;0;1;0;1;0;0;0;1;0;1;1;0;0;0;0;1;1;0;0;78.85
1;1;0;1;1;0;0;0;1;1;0;0;1;1;1;1;0;1;0;1;0;0;0;0;1;1;0;0;0;1;0;1;1;0;0;0;0;1;1;0;0;79.75
1;1;0;1;1;0;0;0;1;1;0;0;1;1;1;1;0;1;0;1;0;1;0;0;0;1;0;0;0;0;1;1;1;0;0;0;0;1;1;0;0;79.14
1;1;0;1;1;0;0;0;1;1;0;0;1;1;1;1;0;1;0;1;0;0;1;0;0;1;0;0;0;0;1;1;1;0;0;0;0;1;1;0;0;79.2
1;1;0;1;1;0;0;0;1;1;0;0;1;1;1;1;0;1;0;1;0;0;0;1;0;1;0;0;0;0;1;1;1;0;0;0;0;1;1;0;0;79.96
1;1;0;1;1;0;0;0;1;1;0;0;1;1;1;1;0;1;0;1;1;0;0;0;0;1;1;0;0;0;0;1;0;1;0;0;0;1;1;0;0;29.89
1;1;0;1;1;0;0;0;1;1;0;0;1;1;1;1;0;1;0;1;0;1;0;0;0;1;1;0;0;0;0;1;0;1;0;0;0;1;1;0;0;29.75
1;1;0;1;1;0;0;0;1;1;0;0;1;1;1;1;0;1;0;1;0;0;1;0;0;1;1;0;0;0;0;1;0;1;0;0;0;1;1;0;0;29.67
1;1;0;1;1;0;0;0;1;1;0;0;1;1;1;1;0;1;0;1;0;0;0;1;0;1;1;0;0;0;0;1;0;1;0;0;0;1;1;0;0;31.43
1;1;0;1;1;0;0;0;1;1;0;0;1;1;1;1;0;1;0;1;0;1;0;0;0;1;0;1;0;0;0;1;0;1;0;0;0;1;1;0;0;29.79
1;1;0;1;1;0;0;0;1;1;0;0;1;1;1;1;0;1;0;1;0;0;1;0;0;1;0;1;0;0;0;1;0;1;0;0;0;1;1;0;0;29.61
1;1;0;1;1;0;0;0;1;1;0;0;1;1;1;1;0;1;0;1;0;0;0;1;0;1;0;1;0;0;0;1;0;1;0;0;0;1;1;0;0;31.5
1;1;0;1;1;0;0;0;1;1;0;0;1;1;1;1;0;1;0;1;0;0;0;0;1;1;0;1;0;0;0;1;0;1;0;0;0;1;1;0;0;30.55
1;1;0;1;1;0;0;0;1;1;0;0;1;1;1;1;0;1;0;1;1;0;0;0;0;1;0;0;1;0;0;1;0;1;0;0;0;1;1;0;0;29.68
1;1;0;1;1;0;0;0;1;1;0;0;1;1;1;1;0;1;0;1;0;1;0;0;0;1;0;0;1;0;0;1;0;1;0;0;0;1;1;0;0;29.93
1;1;0;1;1;0;0;0;1;1;0;0;1;1;1;1;0;1;0;1;0;0;1;0;0;1;0;0;1;0;0;1;0;1;0;0;0;1;1;0;0;30.16
1;1;0;1;1;0;0;0;1;1;0;0;1;1;1;1;0;1;0;1;0;0;0;1;0;1;0;0;1;0;0;1;0;1;0;0;0;1;1;0;0;30.04
1;1;0;1;1;0;0;0;1;1;0;0;1;1;1;1;0;1;0;1;1;0;0;0;0;1;0;0;0;1;0;1;0;1;0;0;0;1;1;0;0;30.34
1;1;0;1;1;0;0;0;1;1;0;0;1;1;1;1;0;1;0;1;0;1;0;0;0;1;0;0;0;1;0;1;0;1;0;0;0;1;1;0;0;29.96
1;1;0;0;1;0;1;0;0;1;0;0;1;1;0;1;0;1;0;1;0;0;1;0;0;1;0;0;0;1;0;1;0;1;0;0;0;1;0;0;1;11.14
1;1;0;0;1;0;1;0;0;1;0;0;1;1;0;1;0;1;0;1;0;0;0;1;0;1;0;0;0;1;0;1;0;1;0;0;0;1;0;0;1;11.06
1;1;0;0;1;0;1;0;0;1;0;0;1;1;0;1;0;1;0;1;0;0;0;0;1;1;0;0;0;1;0;1;0;1;0;0;0;1;0;0;1;11.1
1;1;0;0;1;0;1;0;0;1;0;0;1;1;0;1;0;1;0;1;0;1;0;0;0;1;0;0;0;0;1;1;0;1;0;0;0;1;0;0;1;11.07
1;1;0;0;1;0;1;0;0;1;0;0;1;1;0;1;0;0;1;1;0;1;0;0;0;1;0;0;0;0;1;1;0;1;0;0;0;1;0;0;1;10.95
1;1;0;0;1;0;1;0;0;1;0;0;1;1;0;1;0;1;0;1;0;0;1;0;0;1;0;0;0;0;1;1;0;1;0;0;0;1;0;0;1;11.47
1;1;0;0;1;0;1;0;0;1;0;0;1;1;0;1;0;1;0;1;0;0;0;1;0;1;0;0;0;0;1;1;0;1;0;0;0;1;0;0;1;11.07
1;1;0;0;1;0;1;0;0;1;0;0;1;1;0;1;0;1;0;1;0;0;0;0;1;1;0;0;0;0;1;1;0;1;0;0;0;1;0;0;1;11.11
1;1;0;0;1;0;1;0;0;1;0;0;1;1;0;1;0;1;0;1;0;1;0;0;0;1;1;0;0;0;0;1;0;0;1;0;0;1;0;0;1;10.23
1;1;0;0;1;0;1;0;0;1;0;0;1;1;0;1;0;1;0;1;0;0;1;0;0;1;1;0;0;0;0;1;0;0;1;0;0;1;0;0;1;10.24
1;1;0;0;1;0;1;0;0;1;0;0;1;1;0;1;0;1;0;1;0;0;0;1;0;1;1;0;0;0;0;1;0;0;1;0;0;1;0;0;1;10.31
1;1;0;0;1;0;1;0;0;1;0;0;1;1;0;1;0;1;0;1;0;0;0;0;1;1;1;0;0;0;0;1;0;0;1;0;0;1;0;0;1;10.23
1;1;0;0;1;0;1;0;0;1;0;0;1;1;0;1;0;1;0;1;1;0;0;0;0;1;0;1;0;0;0;1;0;0;1;0;0;1;0;0;1;7.32
1;1;0;0;1;0;1;0;0;1;0;0;1;1;0;1;0;1;0;1;0;0;1;0;0;1;0;1;0;0;0;1;0;0;1;0;0;1;0;0;1;7.12
1;1;0;0;1;0;1;0;0;1;0;0;1;1;0;1;0;1;0;1;0;0;0;1;0;1;0;1;0;0;0;1;0;0;1;0;0;1;0;0;1;7.22
1;1;0;0;1;0;1;0;0;1;0;0;1;1;0;1;0;1;0;1;0;0;0;0;1;1;0;1;0;0;0;1;0;0;1;0;0;1;0;0;1;7.33
1;1;0;0;1;0;1;0;0;1;0;0;1;1;0;1;0;1;0;1;1;0;0;0;0;1;0;0;1;0;0;1;0;0;1;0;0;1;0;0;1;7.29
1;1;0;0;1;0;1;0;0;1;0;0;1;1;0;1;0;1;0;1;0;0;1;0;0;1;0;0;1;0;0;1;0;0;1;0;0;1;0;0;1;7.11
1;1;0;0;1;0;1;0;0;1;0;0;1;1;0;1;0;1;0;1;0;0;0;1;0;1;0;0;1;0;0;1;0;0;1;0;0;1;0;0;1;7.43
1;1;0;0;1;0;1;0;0;1;0;0;1;1;0;1;0;1;0;1;0;0;0;0;1;1;0;0;1;0;0;1;0;0;1;0;0;1;0;0;1;7.53
1;1;0;0;1;0;1;0;0;1;0;0;1;1;0;1;0;1;0;1;0;0;1;0;0;1;0;0;0;1;0;1;0;0;1;0;0;1;0;0;1;7.32
1;1;0;0;1;0;1;0;0;1;0;0;1;1;0;1;0;1;0;1;0;0;0;1;0;1;0;0;0;1;0;1;0;0;1;0;0;1;0;0;1;7.49
1;1;0;0;1;0;1;0;0;1;0;0;1;1;0;1;0;1;0;1;0;0;0;0;1;1;0;0;0;1;0;1;0;0;1;0;0;1;0;0;1;7.31
1;1;0;0;1;0;1;0;0;1;0;0;1;1;0;1;0;1;0;1;0;1;0;0;0;1;0;0;0;0;1;1;0;0;1;0;0;1;0;0;1;7.34
1;1;0;0;1;0;1;0;0;1;0;0;1;1;0;1;0;1;0;1;0;0;1;0;0;1;0;0;0;0;1;1;0;0;1;0;0;1;0;0;1;7.3
1;1;0;0;1;0;1;0;0;1;0;0;1;1;0;1;0;1;0;1;1;0;0;0;0;1;1;0;0;0;0;1;0;0;0;1;0;1;0;0;1;10.02
1;1;0;0;1;0;1;0;0;1;0;0;1;1;0;1;0;1;0;1;0;1;0;0;0;1;1;0;0;0;0;1;0;0;0;1;0;1;0;0;1;10.09
1;1;0;0;1;0;1;0;0;1;0;0;1;1;0;1;0;0;1;1;0;1;0;0;0;1;1;0;0;0;0;1;0;0;0;1;0;1;0;0;1;9.42
1;1;0;0;1;0;1;0;0;1;0;0;1;1;0;1;0;1;0;1;0;0;1;0;0;1;1;0;0;0;0;1;0;0;0;1;0;1;0;0;1;10.04
1;1;0;0;1;0;1;0;0;1;0;0;1;1;0;1;0;1;0;1;0;0;0;1;0;1;1;0;0;0;0;1;0;0;0;1;0;1;0;0;1;9.99
1;1;0;0;1;0;1;0;0;1;0;0;1;1;0;1;0;1;0;1;0;0;0;0;1;1;1;0;0;0;0;1;0;0;0;1;0;1;0;0;1;10.03
1;1;0;0;1;0;1;0;0;1;0;0;1;1;0;1;0;1;0;1;1;0;0;0;0;1;0;1;0;0;0;1;0;0;0;1;0;1;0;0;1;6.62
1;1;0;0;1;0;1;0;0;1;0;0;1;1;0;1;0;1;0;1;0;1;0;0;0;1;0;1;0;0;0;1;0;0;0;1;0;1;0;0;1;6.67
1;1;0;0;1;0;1;0;0;1;0;0;1;1;0;1;0;1;0;1;0;0;1;0;0;1;0;1;0;0;0;1;0;0;0;1;0;1;0;0;1;6.62
1;1;0;0;1;0;1;0;0;1;0;0;1;1;0;1;0;1;0;1;0;0;0;1;0;1;0;1;0;0;0;1;0;0;0;1;0;1;0;0;1;6.62
1;1;0;0;1;0;1;0;0;1;0;0;1;1;0;1;0;1;0;1;0;0;0;0;1;1;0;1;0;0;0;1;0;0;0;1;0;1;0;0;1;6.69
1;1;0;0;1;0;1;0;0;1;0;0;1;1;0;1;0;1;0;1;1;0;0;0;0;1;0;0;1;0;0;1;0;0;0;1;0;1;0;0;1;6.73
1;1;0;0;1;0;1;0;0;1;0;0;1;1;0;1;0;1;0;1;0;1;0;0;0;1;0;0;1;0;0;1;0;0;0;1;0;1;0;0;1;6.76
1;1;0;0;1;0;1;0;0;1;0;0;1;1;0;1;0;1;0;1;0;0;1;0;0;1;0;0;1;0;0;1;0;0;0;1;0;1;0;0;1;6.64
1;1;0;0;1;0;1;0;0;1;0;0;1;1;0;1;0;1;0;1;0;0;0;1;0;1;0;0;1;0;0;1;0;0;0;1;0;1;0;0;1;6.64
1;1;0;0;1;0;1;0;0;1;0;0;1;1;0;1;0;1;0;1;0;0;0;0;1;1;0;0;1;0;0;1;0;0;0;1;0;1;0;0;1;6.72
1;1;0;0;1;0;1;0;0;1;0;0;1;1;0;1;0;1;0;1;1;0;0;0;0;1;0;0;0;1;0;1;0;0;0;1;0;1;0;0;1;6.77
1;1;0;0;1;0;1;0;0;1;0;0;1;1;0;1;0;1;0;1;0;1;0;0;0;1;0;0;0;1;0;1;0;0;0;1;0;1;0;0;1;6.62
1;1;0;0;1;0;1;0;0;1;0;0;1;1;0;1;0;1;0;1;0;0;1;0;0;1;0;0;0;1;0;1;0;0;0;1;0;1;0;0;1;6.64
1;1;0;0;1;0;1;0;0;1;0;0;1;1;0;1;0;0;1;1;0;0;1;0;0;1;0;0;0;1;0;1;0;0;0;1;0;1;0;0;1;6.25
1;1;0;0;1;0;1;0;0;1;0;0;1;1;0;1;0;1;0;1;0;0;0;1;0;1;0;0;0;1;0;1;0;0;0;1;0;1;0;0;1;6.59
1;1;0;0;1;0;1;0;0;1;0;0;1;1;0;1;0;1;0;1;0;0;0;0;1;1;0;0;0;1;0;1;0;0;0;1;0;1;0;0;1;6.63
1;1;0;0;1;0;1;0;0;1;0;0;1;1;0;1;0;1;0;1;1;0;0;0;0;1;0;0;0;0;1;1;0;0;0;1;0;1;0;0;1;6.59
1;1;0;0;1;0;1;0;0;1;0;0;1;1;0;1;0;1;0;1;0;1;0;0;0;1;0;0;0;0;1;1;0;0;0;1;0;1;0;0;1;6.63
1;1;0;0;1;0;1;0;0;1;0;0;1;1;0;1;0;1;0;1;0;0;1;0;0;1;0;0;0;0;1;1;0;0;0;1;0;1;0;0;1;6.59
1;1;0;0;1;0;1;0;0;1;0;0;1;1;0;1;0;0;1;1;0;0;1;0;0;1;0;0;0;0;1;1;0;0;0;1;0;1;0;0;1;6.26
1;1;0;0;1;0;1;0;0;1;0;0;1;1;0;1;0;1;0;1;0;0;0;1;0;1;0;0;0;0;1;1;0;0;0;1;0;1;0;0;1;6.59
1;1;0;0;1;0;1;0;0;1;0;0;1;1;0;1;0;1;0;1;0;0;0;0;1;1;0;0;0;0;1;1;0;0;0;1;0;1;0;0;1;6.63
1;1;0;0;1;0;1;0;0;1;0;0;1;1;0;1;0;1;0;1;0;1;0;0;0;1;1;0;0;0;0;1;0;0;0;0;1;1;0;0;1;10.03
1;1;0;0;1;0;1;0;0;1;0;0;1;1;0;1;0;0;1;1;0;1;0;0;0;1;1;0;0;0;0;1;0;0;0;0;1;1;0;0;1;9.35
1;1;0;0;1;0;1;0;0;1;0;0;1;1;0;1;0;1;0;1;0;0;1;0;0;1;1;0;0;0;0;1;0;0;0;0;1;1;0;0;1;10.01
1;1;0;0;1;0;1;0;0;1;0;0;1;1;0;1;0;1;0;1;0;0;0;1;0;1;1;0;0;0;0;1;0;0;0;0;1;1;0;0;1;10.08
1;1;0;0;1;0;1;0;0;1;0;0;1;1;0;1;0;1;0;1;0;0;0;0;1;1;1;0;0;0;0;1;0;0;0;0;1;1;0;0;1;10.07
1;1;0;0;1;0;1;0;0;1;0;0;1;1;0;1;0;1;0;1;0;1;0;0;0;1;0;1;0;0;0;1;0;0;0;0;1;1;0;0;1;6.67
1;1;0;0;1;0;1;0;0;1;0;0;1;1;0;1;0;1;0;1;0;1;0;0;0;1;0;0;1;0;0;1;0;0;0;0;1;1;0;0;1;6.58
1;1;0;0;1;0;1;0;0;1;0;0;1;1;0;1;0;1;0;1;0;0;0;1;0;1;0;0;1;0;0;1;0;0;0;0;1;1;0;0;1;6.62
1;1;0;0;1;0;1;0;0;1;0;0;1;1;0;1;0;1;0;1;0;0;0;0;1;1;0;0;1;0;0;1;0;0;0;0;1;1;0;0;1;6.64
1;1;0;0;1;0;1;0;0;1;0;0;1;1;0;1;0;0;1;1;0;0;0;0;1;1;0;0;1;0;0;1;0;0;0;0;1;1;0;0;1;6.22
1;1;0;0;1;0;1;0;0;1;0;0;1;1;0;1;0;1;0;1;1;0;0;0;0;1;0;0;0;1;0;1;0;0;0;0;1;1;0;0;1;6.64
1;1;0;0;1;0;1;0;0;1;0;0;1;1;0;1;0;1;0;1;0;1;0;0;0;1;0;0;0;1;0;1;0;0;0;0;1;1;0;0;1;6.69
1;1;0;0;1;0;1;0;0;1;0;0;1;1;0;1;0;0;1;1;0;1;0;0;0;1;0;0;0;1;0;1;0;0;0;0;1;1;0;0;1;6.28
1;1;0;0;1;0;1;0;0;1;0;0;1;1;0;1;0;1;0;1;0;0;1;0;0;1;0;0;0;1;0;1;0;0;0;0;1;1;0;0;1;6.52
1;1;0;0;1;0;1;0;0;1;0;0;1;1;0;1;0;1;0;1;0;0;0;1;0;1;0;0;0;1;0;1;0;0;0;0;1;1;0;0;1;6.58
1;1;0;0;1;0;1;0;0;1;0;0;1;1;0;1;0;0;1;1;0;0;0;0;1;1;0;0;0;1;0;1;0;0;0;0;1;1;0;0;1;6.35
1;1;0;0;1;0;1;0;0;1;0;0;1;1;0;1;0;1;0;1;0;1;0;0;0;1;0;0;0;0;1;1;0;0;0;0;1;1;0;0;1;6.8
1;1;0;0;1;0;1;0;0;1;0;0;1;1;0;1;0;0;1;1;0;1;0;0;0;1;0;0;0;0;1;1;0;0;0;0;1;1;0;0;1;6.34
1;1;0;1;1;0;1;0;0;1;0;0;1;0;0;1;1;0;0;1;1;0;0;0;0;1;0;0;1;0;0;1;1;0;0;0;0;1;0;1;0;13.23
1;1;0;1;1;0;1;0;0;1;0;0;1;0;0;1;1;0;0;1;0;1;0;0;0;1;0;0;1;0;0;1;1;0;0;0;0;1;0;1;0;13.51
1;1;0;1;1;0;1;0;0;1;0;0;1;0;0;1;1;0;0;1;0;0;1;0;0;1;0;1;0;0;0;1;0;1;0;0;0;1;0;1;0;4.79
1;1;0;1;1;0;1;0;0;1;0;0;1;0;0;1;1;0;0;1;1;0;0;0;0;1;0;0;1;0;0;1;0;1;0;0;0;1;0;1;0;4.21
1;1;0;0;1;0;1;0;0;1;0;0;1;1;0;1;0;1;0;1;1;0;0;0;0;1;1;0;0;0;0;1;1;0;0;0;0;1;0;0;1;43.19
1;1;0;0;1;0;1;0;0;1;0;0;1;1;0;1;0;1;0;1;0;1;0;0;0;1;1;0;0;0;0;1;1;0;0;0;0;1;0;0;1;41.94
1;1;0;0;1;0;1;0;0;1;0;0;1;1;0;1;0;1;0;1;0;0;1;0;0;1;1;0;0;0;0;1;1;0;0;0;0;1;0;0;1;42.05
1;1;0;0;1;0;1;0;0;1;0;0;1;1;0;1;0;1;0;1;0;0;0;1;0;1;1;0;0;0;0;1;1;0;0;0;0;1;0;0;1;41.91
1;1;0;0;1;0;1;0;0;1;0;0;1;1;0;1;0;1;0;1;0;0;0;0;1;1;1;0;0;0;0;1;1;0;0;0;0;1;0;0;1;42.09
1;1;0;0;1;0;1;0;0;1;0;0;1;1;0;1;0;1;0;1;1;0;0;0;0;1;0;0;1;0;0;1;1;0;0;0;0;1;0;0;1;25.35
1;1;0;0;1;0;1;0;0;1;0;0;1;1;0;1;0;1;0;1;0;1;0;0;0;1;0;0;1;0;0;1;1;0;0;0;0;1;0;0;1;25.4
1;1;0;0;1;0;1;0;0;1;0;0;1;1;0;1;0;1;0;1;0;0;1;0;0;1;0;0;1;0;0;1;1;0;0;0;0;1;0;0;1;25.11
1;1;0;0;1;0;1;0;0;1;0;0;1;1;0;1;0;1;0;1;0;0;0;0;1;1;0;0;1;0;0;1;1;0;0;0;0;1;0;0;1;25.21
1;1;0;0;1;0;1;0;0;1;0;0;1;1;0;1;0;1;0;1;0;0;1;0;0;1;0;0;0;1;0;1;1;0;0;0;0;1;0;0;1;25.6
1;1;0;0;1;0;1;0;0;1;0;0;1;1;0;1;0;1;0;1;0;0;0;1;0;1;0;0;0;1;0;1;1;0;0;0;0;1;0;0;1;25.3
1;1;0;0;1;0;1;0;0;1;0;0;1;1;0;1;0;1;0;1;0;0;0;0;1;1;0;0;0;1;0;1;1;0;0;0;0;1;0;0;1;25.3
1;1;0;0;1;0;1;0;0;1;0;0;1;1;0;1;0;1;0;1;1;0;0;0;0;1;0;0;0;0;1;1;1;0;0;0;0;1;0;0;1;25.32
1;1;0;0;1;0;1;0;0;1;0;0;1;1;0;1;0;0;1;1;0;1;0;0;0;1;0;0;0;0;1;1;1;0;0;0;0;1;0;0;1;25.18
1;1;0;0;1;0;1;0;0;1;0;0;1;1;0;1;0;1;0;1;0;0;0;1;0;1;0;0;0;0;1;1;1;0;0;0;0;1;0;0;1;25.1
1;1;0;0;1;0;1;0;0;1;0;0;1;1;0;1;0;1;0;1;0;1;0;0;0;1;1;0;0;0;0;1;0;1;0;0;0;1;0;0;1;16.97
1;1;0;0;1;0;1;0;0;1;0;0;1;1;0;1;0;1;0;1;0;0;1;0;0;1;1;0;0;0;0;1;0;1;0;0;0;1;0;0;1;17.07
1;1;0;0;1;0;1;0;0;1;0;0;1;1;0;1;0;1;0;1;0;0;0;1;0;1;1;0;0;0;0;1;0;1;0;0;0;1;0;0;1;16.94
1;1;0;0;1;0;1;0;0;1;0;0;1;1;0;1;0;1;0;1;0;0;0;0;1;1;1;0;0;0;0;1;0;1;0;0;0;1;0;0;1;17.39
1;1;0;0;1;0;1;0;0;1;0;0;1;1;0;1;0;1;0;1;0;0;1;0;0;1;0;1;0;0;0;1;0;1;0;0;0;1;0;0;1;11.1
1;1;0;0;1;0;1;0;0;1;0;0;1;1;0;1;0;1;0;1;0;0;0;1;0;1;0;1;0;0;0;1;0;1;0;0;0;1;0;0;1;11.05
1;1;0;0;1;0;1;0;0;1;0;0;1;1;0;1;0;1;0;1;0;0;0;0;1;1;0;1;0;0;0;1;0;1;0;0;0;1;0;0;1;11.22
1;1;0;0;1;0;1;0;0;1;0;0;1;1;0;1;0;1;0;1;1;0;0;0;0;1;0;0;1;0;0;1;0;1;0;0;0;1;0;0;1;11.14
1;1;0;0;1;0;1;0;0;1;0;0;1;1;0;1;0;1;0;1;0;0;1;0;0;1;0;0;1;0;0;1;0;1;0;0;0;1;0;0;1;11.1
1;1;0;0;1;0;1;0;0;1;0;0;1;1;0;1;0;1;0;1;0;0;0;1;0;1;0;0;1;0;0;1;0;1;0;0;0;1;0;0;1;11.67
1;1;0;0;1;0;1;0;0;1;0;0;1;1;0;1;0;1;0;1;0;0;0;0;1;1;0;0;1;0;0;1;0;1;0;0;0;1;0;0;1;10.98
1;0;1;1;1;0;1;0;0;1;0;0;1;0;0;1;1;0;0;1;0;0;1;0;0;1;0;0;1;0;0;1;1;0;0;0;0;1;0;1;0;21.05
1;0;1;1;1;0;1;0;0;1;0;0;1;0;0;1;1;0;0;1;1;0;0;0;0;1;0;0;0;0;1;1;1;0;0;0;0;1;0;1;0;17.78
1;0;1;1;1;0;1;0;0;1;0;0;1;0;0;1;1;0;0;1;0;1;0;0;0;1;0;1;0;0;0;1;0;1;0;0;0;1;0;1;0;5.59
1;0;1;1;1;0;1;0;0;1;0;0;1;0;0;1;1;0;0;1;0;0;1;0;0;1;0;1;0;0;0;1;0;1;0;0;0;1;0;1;0;5.74
1;0;1;1;1;0;1;0;0;1;0;0;1;0;0;1;1;0;0;1;1;0;0;0;0;1;0;0;1;0;0;1;0;1;0;0;0;1;0;1;0;4.91
1;0;1;1;1;0;1;0;0;1;0;0;1;0;0;1;1;0;0;1;0;1;0;0;0;1;0;0;0;0;1;1;0;0;1;0;0;1;0;1;0;2.79
1;0;1;1;1;0;1;0;0;1;0;0;1;0;0;1;1;0;0;1;0;0;0;1;0;1;0;1;0;0;0;1;0;0;0;1;0;1;0;1;0;0.34
1;0;1;1;1;0;1;0;0;1;0;0;1;0;0;1;1;0;0;1;1;0;0;0;0;1;0;0;1;0;0;1;0;0;0;1;0;1;0;1;0;0.29
1;0;1;1;1;0;1;0;0;1;0;0;1;0;0;1;1;0;0;1;0;1;0;0;0;1;0;0;1;0;0;1;0;0;0;1;0;1;0;1;0;0.33
1;0;1;1;1;0;1;0;0;1;0;0;1;0;0;1;1;0;0;1;0;0;0;1;0;1;0;0;1;0;0;1;0;0;0;1;0;1;0;1;0;0.34
1;0;1;1;1;0;1;0;0;1;0;0;1;0;0;1;1;0;0;1;0;0;1;0;0;1;0;1;0;0;0;1;0;0;0;0;1;1;0;1;0;0.3
1;0;1;1;1;0;1;0;0;1;0;0;1;0;0;1;1;0;0;1;0;0;0;1;0;1;0;1;0;0;0;1;0;0;0;0;1;1;0;1;0;0.32
1;0;1;1;1;0;1;0;0;1;0;0;1;0;0;1;1;0;0;1;1;0;0;0;0;1;0;0;0;0;1;1;0;0;0;0;1;1;0;1;0;0.23
1;0;1;0;1;0;1;0;0;1;0;0;1;1;0;1;0;1;0;1;0;1;0;0;0;1;1;0;0;0;0;1;1;0;0;0;0;1;0;0;1;46.76
1;0;1;0;1;0;1;0;0;1;0;0;1;1;0;1;0;0;1;1;0;0;0;1;0;1;1;0;0;0;0;1;1;0;0;0;0;1;0;0;1;47.11
1;0;1;0;1;0;1;0;0;1;0;0;1;1;0;1;0;1;0;1;0;0;0;0;1;1;1;0;0;0;0;1;1;0;0;0;0;1;0;0;1;46.87
1;0;1;0;1;0;1;0;0;1;0;0;1;1;0;1;0;1;0;1;0;0;1;0;0;1;0;1;0;0;0;1;1;0;0;0;0;1;0;0;1;26.82
1;0;1;0;1;0;1;0;0;1;0;0;1;1;0;1;0;1;0;1;0;0;0;0;1;1;0;1;0;0;0;1;1;0;0;0;0;1;0;0;1;27.1
1;0;1;0;1;0;1;0;0;1;0;0;1;1;0;1;0;0;1;1;0;0;0;0;1;1;0;1;0;0;0;1;1;0;0;0;0;1;0;0;1;26.88
1;0;1;0;1;0;1;0;0;1;0;0;1;1;0;1;0;1;0;1;0;1;0;0;0;1;0;0;0;1;0;1;1;0;0;0;0;1;0;0;1;26.96
1;0;1;0;1;0;1;0;0;1;0;0;1;1;0;1;0;1;0;1;0;0;0;0;1;1;0;0;0;1;0;1;1;0;0;0;0;1;0;0;1;26.9
1;0;1;0;1;0;1;0;0;1;0;0;1;1;0;1;0;0;1;1;1;0;0;0;0;1;0;0;0;0;1;1;1;0;0;0;0;1;0;0;1;26.87
1;0;1;0;1;0;1;0;0;1;0;0;1;1;0;1;0;0;1;1;0;1;0;0;0;1;0;0;0;0;1;1;1;0;0;0;0;1;0;0;1;26.98
1;0;1;0;1;0;1;0;0;1;0;0;1;1;0;1;0;0;1;1;0;0;0;0;1;1;0;0;0;0;1;1;1;0;0;0;0;1;0;0;1;27.13
1;0;1;0;1;0;1;0;0;1;0;0;1;1;0;1;0;0;1;1;1;0;0;0;0;1;1;0;0;0;0;1;0;1;0;0;0;1;0;0;1;21.65
1;0;1;0;1;0;1;0;0;1;0;0;1;1;0;1;0;1;0;1;0;1;0;0;0;1;1;0;0;0;0;1;0;1;0;0;0;1;0;0;1;21.5
1;0;1;0;1;0;1;0;0;1;0;0;1;1;0;1;0;0;1;1;0;1;0;0;0;1;1;0;0;0;0;1;0;1;0;0;0;1;0;0;1;21.7
1;0;1;0;1;0;1;0;0;1;0;0;1;1;0;1;0;1;0;1;0;0;1;0;0;1;1;0;0;0;0;1;0;1;0;0;0;1;0;0;1;21.46
1;0;1;0;1;0;1;0;0;1;0;0;1;1;0;1;0;1;0;1;0;0;0;0;1;1;1;0;0;0;0;1;0;1;0;0;0;1;0;0;1;21.82
1;0;1;0;1;0;1;0;0;1;0;0;1;1;0;1;0;1;0;1;1;0;0;0;0;1;0;1;0;0;0;1;0;1;0;0;0;1;0;0;1;13.65
1;0;1;0;1;0;1;0;0;1;0;0;1;1;0;1;0;0;1;1;1;0;0;0;0;1;0;1;0;0;0;1;0;1;0;0;0;1;0;0;1;13.5
1;0;1;0;1;0;1;0;0;1;0;0;1;1;0;1;0;1;0;1;0;1;0;0;0;1;0;1;0;0;0;1;0;1;0;0;0;1;0;0;1;12.75
1;0;1;0;1;0;1;0;0;1;0;0;1;1;0;1;0;1;0;1;0;0;1;0;0;1;0;1;0;0;0;1;0;1;0;0;0;1;0;0;1;13.5
1;0;1;0;1;0;1;0;0;1;0;0;1;1;0;1;0;1;0;1;0;0;0;1;0;1;0;1;0;0;0;1;0;1;0;0;0;1;0;0;1;13.61
1;0;1;0;1;0;1;0;0;1;0;0;1;1;0;1;0;1;0;1;0;0;0;0;1;1;0;1;0;0;0;1;0;1;0;0;0;1;0;0;1;13.93
1;0;1;0;1;0;1;0;0;1;0;0;1;1;0;1;0;1;0;1;0;1;0;0;0;1;0;0;1;0;0;1;0;1;0;0;0;1;0;0;1;13.93
1;0;1;0;1;0;1;0;0;1;0;0;1;1;0;1;0;0;1;1;0;1;0;0;0;1;0;0;1;0;0;1;0;1;0;0;0;1;0;0;1;14.06
1;0;1;0;1;0;1;0;0;1;0;0;1;1;0;1;0;1;0;1;0;0;0;0;1;1;0;0;1;0;0;1;0;1;0;0;0;1;0;0;1;13.6
1;0;1;0;1;0;1;0;0;1;0;0;1;1;0;1;0;1;0;1;1;0;0;0;0;1;0;0;0;1;0;1;0;1;0;0;0;1;0;0;1;14.03
1;0;1;0;1;0;1;0;0;1;0;0;1;1;0;1;0;1;0;1;0;1;0;0;0;1;0;0;0;1;0;1;0;1;0;0;0;1;0;0;1;13.53
1;0;1;0;1;0;1;0;0;1;0;0;1;1;0;1;0;1;0;1;0;0;0;0;1;1;0;0;0;1;0;1;0;1;0;0;0;1;0;0;1;13.92
1;0;1;0;1;0;1;0;0;1;0;0;1;1;0;1;0;1;0;1;0;0;0;1;0;1;0;0;0;0;1;1;0;1;0;0;0;1;0;0;1;14.06
1;0;1;0;1;0;1;0;0;1;0;0;1;1;0;1;0;0;1;1;0;0;0;0;1;1;0;0;0;0;1;1;0;1;0;0;0;1;0;0;1;13.65
1;0;1;0;1;0;1;0;0;1;0;0;1;1;0;1;0;1;0;1;1;0;0;0;0;1;1;0;0;0;0;1;0;0;1;0;0;1;0;0;1;9.93
1;0;1;0;1;0;1;0;0;1;0;0;1;1;0;1;0;1;0;1;0;1;0;0;0;1;1;0;0;0;0;1;0;0;1;0;0;1;0;0;1;9.99
1;0;1;0;1;0;1;0;0;1;0;0;1;1;0;1;0;1;0;1;0;0;0;0;1;1;1;0;0;0;0;1;0;0;1;0;0;1;0;0;1;9.97
1;0;1;0;1;0;1;0;0;1;0;0;1;1;0;1;0;0;1;1;0;0;0;0;1;1;1;0;0;0;0;1;0;0;1;0;0;1;0;0;1;9.88
1;0;1;0;1;0;1;0;0;1;0;0;1;1;0;1;0;1;0;1;1;0;0;0;0;1;0;1;0;0;0;1;0;0;1;0;0;1;0;0;1;5.94
1;0;1;0;1;0;1;0;0;1;0;0;1;1;0;1;0;1;0;1;0;1;0;0;0;1;0;1;0;0;0;1;0;0;1;0;0;1;0;0;1;5.88
1;0;1;0;1;0;1;0;0;1;0;0;1;1;0;1;0;1;0;1;0;0;1;0;0;1;0;1;0;0;0;1;0;0;1;0;0;1;0;0;1;6.27
1;0;1;0;1;0;1;0;0;1;0;0;1;1;0;1;0;1;0;1;0;0;0;1;0;1;0;1;0;0;0;1;0;0;1;0;0;1;0;0;1;5.88
1;0;1;0;1;0;1;0;0;1;0;0;1;1;0;1;0;1;0;1;0;0;0;0;1;1;0;1;0;0;0;1;0;0;1;0;0;1;0;0;1;5.91
1;0;1;0;1;0;1;0;0;1;0;0;1;1;0;1;0;0;1;1;1;0;0;0;0;1;0;0;1;0;0;1;0;0;1;0;0;1;0;0;1;6
1;0;1;0;1;0;1;0;0;1;0;0;1;1;0;1;0;1;0;1;0;1;0;0;0;1;0;0;1;0;0;1;0;0;1;0;0;1;0;0;1;5.84
1;0;1;0;1;0;1;0;0;1;0;0;1;1;0;1;0;0;1;1;0;0;0;1;0;1;0;0;1;0;0;1;0;0;1;0;0;1;0;0;1;5.9
1;0;1;0;1;0;1;0;0;1;0;0;1;1;0;1;0;1;0;1;1;0;0;0;0;1;0;0;0;0;1;1;0;0;1;0;0;1;0;0;1;6.09
1;0;1;0;1;0;1;0;0;1;0;0;1;1;0;1;0;1;0;1;0;0;0;1;0;1;0;0;0;0;1;1;0;0;1;0;0;1;0;0;1;5.88
1;0;1;0;1;0;1;0;0;1;0;0;1;1;0;1;0;0;1;1;0;0;0;0;1;1;0;0;0;0;1;1;0;0;1;0;0;1;0;0;1;6.12
1;0;1;0;1;0;1;0;0;1;0;0;1;1;0;1;0;0;1;1;1;0;0;0;0;1;1;0;0;0;0;1;0;0;0;1;0;1;0;0;1;1.95
1;0;1;0;1;0;1;0;0;1;0;0;1;1;0;1;0;1;0;1;0;1;0;0;0;1;1;0;0;0;0;1;0;0;0;1;0;1;0;0;1;2.03
1;0;1;0;1;0;1;0;0;1;0;0;1;1;0;1;0;1;0;1;0;0;1;0;0;1;1;0;0;0;0;1;0;0;0;1;0;1;0;0;1;1.98
1;0;1;0;1;0;1;0;0;1;0;0;1;1;0;1;0;1;0;1;0;0;0;1;0;1;1;0;0;0;0;1;0;0;0;1;0;1;0;0;1;1.99
1;0;1;0;1;0;1;0;0;1;0;0;1;1;0;1;0;0;1;1;0;0;0;1;0;1;1;0;0;0;0;1;0;0;0;1;0;1;0;0;1;2.01
1;0;1;0;1;0;1;0;0;1;0;0;1;1;0;1;0;0;1;1;0;0;0;0;1;1;1;0;0;0;0;1;0;0;0;1;0;1;0;0;1;2.1
1;0;1;0;1;0;1;0;0;1;0;0;1;1;0;1;0;0;1;1;1;0;0;0;0;1;0;1;0;0;0;1;0;0;0;1;0;1;0;0;1;1.57
1;0;1;0;1;0;1;0;0;1;0;0;1;1;0;1;0;1;0;1;0;1;0;0;0;1;0;1;0;0;0;1;0;0;0;1;0;1;0;0;1;1.56
1;0;1;0;1;0;1;0;0;1;0;0;1;1;0;1;0;1;0;1;0;0;0;0;1;1;0;1;0;0;0;1;0;0;0;1;0;1;0;0;1;1.57
1;0;1;0;1;0;1;0;0;1;0;0;1;1;0;1;0;0;1;1;0;0;0;0;1;1;0;1;0;0;0;1;0;0;0;1;0;1;0;0;1;1.58
1;0;1;0;1;0;1;0;0;1;0;0;1;1;0;1;0;0;1;1;1;0;0;0;0;1;0;0;1;0;0;1;0;0;0;1;0;1;0;0;1;1.58
1;0;1;0;1;0;1;0;0;1;0;0;1;1;0;1;0;1;0;1;0;0;0;0;1;1;0;0;1;0;0;1;0;0;0;1;0;1;0;0;1;1.56
1;0;1;0;1;0;1;0;0;1;0;0;1;1;0;1;0;0;1;1;0;0;0;0;1;1;0;0;1;0;0;1;0;0;0;1;0;1;0;0;1;1.58
1;0;1;0;1;0;1;0;0;1;0;0;1;1;0;1;0;0;1;1;1;0;0;0;0;1;0;0;0;1;0;1;0;0;0;1;0;1;0;0;1;1.7
1;0;1;0;1;0;1;0;0;1;0;0;1;1;0;1;0;1;0;1;0;0;0;0;1;1;0;0;0;1;0;1;0;0;0;1;0;1;0;0;1;1.57
1;0;1;0;1;0;1;0;0;1;0;0;1;1;0;1;0;0;1;1;0;1;0;0;0;1;0;0;0;0;1;1;0;0;0;1;0;1;0;0;1;1.6
1;0;1;0;1;0;1;0;0;1;0;0;1;1;0;1;0;0;1;1;0;0;1;0;0;1;0;0;0;0;1;1;0;0;0;1;0;1;0;0;1;1.57
1;0;1;0;1;0;1;0;0;1;0;0;1;1;0;1;0;0;1;1;0;0;0;1;0;1;0;0;0;0;1;1;0;0;0;1;0;1;0;0;1;1.57
1;0;1;0;1;0;1;0;0;1;0;0;1;1;0;1;0;0;1;1;0;0;0;0;1;1;0;0;0;0;1;1;0;0;0;1;0;1;0;0;1;1.56
1;0;1;0;1;0;1;0;0;1;0;0;1;1;0;1;0;1;0;1;0;1;0;0;0;1;1;0;0;0;0;1;0;0;0;0;1;1;0;0;1;1.91
1;0;1;0;1;0;1;0;0;1;0;0;1;1;0;1;0;0;1;1;0;1;0;0;0;1;1;0;0;0;0;1;0;0;0;0;1;1;0;0;1;1.93
1;0;1;0;1;0;1;0;0;1;0;0;1;1;0;1;0;0;1;1;0;0;0;0;1;1;1;0;0;0;0;1;0;0;0;0;1;1;0;0;1;1.91
1;0;1;0;1;0;1;0;0;1;0;0;1;1;0;1;0;1;0;1;1;0;0;0;0;1;0;1;0;0;0;1;0;0;0;0;1;1;0;0;1;1.55
1;0;1;0;1;0;1;0;0;1;0;0;1;1;0;1;0;1;0;1;0;1;0;0;0;1;0;1;0;0;0;1;0;0;0;0;1;1;0;0;1;1.54
1;0;1;0;1;0;1;0;0;1;0;0;1;1;0;1;0;1;0;1;0;1;0;0;0;1;0;0;1;0;0;1;0;0;0;0;1;1;0;0;1;1.49
1;0;1;0;1;0;1;0;0;1;0;0;1;1;0;1;0;0;1;1;0;0;0;0;1;1;0;0;0;1;0;1;0;0;0;0;1;1;0;0;1;1.5
1;0;1;0;1;0;1;0;0;1;0;0;1;1;0;1;0;1;0;1;1;0;0;0;0;1;0;0;0;0;1;1;0;0;0;0;1;1;0;0;1;1.51
1;0;1;0;1;0;1;0;0;1;0;0;1;0;0;1;0;1;0;1;1;0;0;0;0;1;1;0;0;0;0;1;1;0;0;0;0;1;1;0;0;50.16
1;0;1;0;1;0;1;0;0;1;0;0;1;0;0;1;0;0;1;1;1;0;0;0;0;1;1;0;0;0;0;1;1;0;0;0;0;1;1;0;0;50.34
1;0;1;0;1;0;1;0;0;1;0;0;1;0;0;1;0;1;0;1;0;1;0;0;0;1;1;0;0;0;0;1;1;0;0;0;0;1;1;0;0;58.44
1;0;1;0;1;0;1;0;0;1;0;0;1;0;0;1;0;0;1;1;0;0;1;0;0;1;1;0;0;0;0;1;1;0;0;0;0;1;1;0;0;63.34
1;0;1;0;1;0;1;0;0;1;0;0;1;0;0;1;0;0;1;1;0;0;0;1;0;1;1;0;0;0;0;1;1;0;0;0;0;1;1;0;0;66.15
1;0;1;0;1;0;1;0;0;1;0;0;1;0;0;1;0;1;0;1;0;0;0;0;1;1;1;0;0;0;0;1;1;0;0;0;0;1;1;0;0;69.44
1;0;1;0;1;0;1;0;0;1;0;0;1;0;0;1;0;0;1;1;1;0;0;0;0;1;0;1;0;0;0;1;1;0;0;0;0;1;1;0;0;50.17
1;0;1;0;1;0;1;0;0;1;0;0;1;0;0;1;0;0;1;1;0;0;1;0;0;1;0;1;0;0;0;1;1;0;0;0;0;1;1;0;0;62.77
1;0;1;0;1;0;1;0;0;1;0;0;1;0;0;1;0;1;0;1;0;0;0;1;0;1;0;1;0;0;0;1;1;0;0;0;0;1;1;0;0;66.41
1;0;1;0;1;0;1;0;0;1;0;0;1;0;0;1;0;1;0;1;0;0;0;0;1;1;0;1;0;0;0;1;1;0;0;0;0;1;1;0;0;69.48
1;0;1;0;1;0;1;0;0;1;0;0;1;0;0;1;0;0;1;1;1;0;0;0;0;1;0;0;1;0;0;1;1;0;0;0;0;1;1;0;0;49.94
1;0;1;0;1;0;1;0;0;1;0;0;1;0;0;1;0;1;0;1;0;1;0;0;0;1;0;0;1;0;0;1;1;0;0;0;0;1;1;0;0;58.49
1;0;1;0;1;0;1;0;0;1;0;0;1;0;0;1;0;0;1;1;0;1;0;0;0;1;0;0;1;0;0;1;1;0;0;0;0;1;1;0;0;58.48
1;0;1;0;1;0;1;0;0;1;0;0;1;0;0;1;0;1;0;1;0;0;1;0;0;1;0;0;1;0;0;1;1;0;0;0;0;1;1;0;0;62.97
1;0;1;0;1;0;1;0;0;1;0;0;1;0;0;1;0;0;1;1;0;0;1;0;0;1;0;0;1;0;0;1;1;0;0;0;0;1;1;0;0;63.19
1;0;1;0;1;0;1;0;0;1;0;0;1;0;0;1;0;0;1;1;0;0;0;1;0;1;0;0;1;0;0;1;1;0;0;0;0;1;1;0;0;66.34
1;0;1;0;1;0;1;0;0;1;0;0;1;0;0;1;0;1;0;1;0;0;0;0;1;1;0;0;1;0;0;1;1;0;0;0;0;1;1;0;0;69.68
1;0;1;0;1;0;1;0;0;1;0;0;1;0;0;1;0;1;0;1;1;0;0;0;0;1;0;0;0;1;0;1;1;0;0;0;0;1;1;0;0;50.08
1;0;1;0;1;0;1;0;0;1;0;0;1;0;0;1;0;0;1;1;1;0;0;0;0;1;0;0;0;1;0;1;1;0;0;0;0;1;1;0;0;50.03
1;0;1;0;1;0;1;0;0;1;0;0;1;0;0;1;0;1;0;1;0;1;0;0;0;1;0;0;0;1;0;1;1;0;0;0;0;1;1;0;0;58.54
1;0;1;0;1;0;1;0;0;1;0;0;1;0;0;1;0;0;1;1;0;1;0;0;0;1;0;0;0;1;0;1;1;0;0;0;0;1;1;0;0;58.59
1;0;1;0;1;0;1;0;0;1;0;0;1;0;0;1;0;1;0;1;0;0;1;0;0;1;0;0;0;1;0;1;1;0;0;0;0;1;1;0;0;63.1
1;0;1;0;1;0;1;0;0;1;0;0;1;0;0;1;0;0;1;1;0;0;1;0;0;1;0;0;0;1;0;1;1;0;0;0;0;1;1;0;0;62.95
1;0;1;0;1;0;1;0;0;1;0;0;1;0;0;1;0;1;0;1;0;0;0;1;0;1;0;0;0;1;0;1;1;0;0;0;0;1;1;0;0;66.03
1;0;1;0;1;0;1;0;0;1;0;0;1;0;0;1;0;1;0;1;0;0;0;0;1;1;0;0;0;1;0;1;1;0;0;0;0;1;1;0;0;69.61
1;0;1;0;1;0;1;0;0;1;0;0;1;0;0;1;0;0;1;1;0;0;0;0;1;1;0;0;0;1;0;1;1;0;0;0;0;1;1;0;0;69.72
1;0;1;0;1;0;1;0;0;1;0;0;1;0;0;1;0;1;0;1;1;0;0;0;0;1;0;0;0;0;1;1;1;0;0;0;0;1;1;0;0;50.02
1;0;1;0;1;0;1;0;0;1;0;0;1;0;0;1;0;0;1;1;1;0;0;0;0;1;0;0;0;0;1;1;1;0;0;0;0;1;1;0;0;49.94
1;0;1;0;1;0;1;0;0;1;0;0;1;0;0;1;0;1;0;1;0;1;0;0;0;1;0;0;0;0;1;1;1;0;0;0;0;1;1;0;0;58.48
1;0;1;0;1;0;1;0;0;1;0;0;1;0;0;1;0;0;1;1;0;1;0;0;0;1;0;0;0;0;1;1;1;0;0;0;0;1;1;0;0;58.47
1;0;1;0;1;0;1;0;0;1;0;0;1;0;0;1;0;1;0;1;0;0;1;0;0;1;0;0;0;0;1;1;1;0;0;0;0;1;1;0;0;63.1
1;0;1;0;1;0;1;0;0;1;0;0;1;0;0;1;0;0;1;1;0;0;1;0;0;1;0;0;0;0;1;1;1;0;0;0;0;1;1;0;0;63.07
1;0;1;0;1;0;1;0;0;1;0;0;1;0;0;1;0;1;0;1;0;0;0;1;0;1;0;0;0;0;1;1;1;0;0;0;0;1;1;0;0;66.03
1;0;1;0;1;0;1;0;0;1;0;0;1;0;0;1;0;1;0;1;0;0;0;0;1;1;0;0;0;0;1;1;1;0;0;0;0;1;1;0;0;69.44
1;0;1;0;1;0;1;0;0;1;0;0;1;0;0;1;0;1;0;1;1;0;0;0;0;1;1;0;0;0;0;1;0;1;0;0;0;1;1;0;0;14.88
1;0;1;0;1;0;1;0;0;1;0;0;1;0;0;1;0;0;1;1;1;0;0;0;0;1;1;0;0;0;0;1;0;1;0;0;0;1;1;0;0;14.87
1;0;1;0;1;0;1;0;0;1;0;0;1;0;0;1;0;1;0;1;0;1;0;0;0;1;1;0;0;0;0;1;0;1;0;0;0;1;1;0;0;17.45
1;0;1;0;1;0;1;0;0;1;0;0;1;0;0;1;0;1;0;1;0;0;1;0;0;1;1;0;0;0;0;1;0;1;0;0;0;1;1;0;0;18.53
1;0;1;0;1;0;1;0;0;1;0;0;1;0;0;1;0;0;1;1;0;0;1;0;0;1;1;0;0;0;0;1;0;1;0;0;0;1;1;0;0;18.57
1;0;1;0;1;0;1;0;0;1;0;0;1;0;0;1;0;0;1;1;0;0;0;1;0;1;1;0;0;0;0;1;0;1;0;0;0;1;1;0;0;19.48
1;0;1;0;1;0;1;0;0;1;0;0;1;0;0;1;0;0;1;1;0;1;0;0;0;1;0;1;0;0;0;1;0;1;0;0;0;1;1;0;0;17.36
1;0;1;0;1;0;1;0;0;1;0;0;1;0;0;1;0;1;0;1;0;0;0;1;0;1;0;1;0;0;0;1;0;1;0;0;0;1;1;0;0;19.49
1;0;1;0;1;0;1;0;0;1;0;0;1;0;0;1;0;0;1;1;0;0;0;1;0;1;0;1;0;0;0;1;0;1;0;0;0;1;1;0;0;19.44
1;0;1;0;1;0;1;0;0;1;0;0;1;0;0;1;0;1;0;1;1;0;0;0;0;1;0;0;1;0;0;1;0;1;0;0;0;1;1;0;0;14.97
1;0;1;0;1;0;1;0;0;1;0;0;1;0;0;1;0;0;1;1;1;0;0;0;0;1;0;0;1;0;0;1;0;1;0;0;0;1;1;0;0;14.93
1;0;1;0;1;0;1;0;0;1;0;0;1;0;0;1;0;0;1;1;0;0;1;0;0;1;0;0;1;0;0;1;0;1;0;0;0;1;1;0;0;18.54
1;0;1;0;1;0;1;0;0;1;0;0;1;0;0;1;0;1;0;1;0;0;0;1;0;1;0;0;1;0;0;1;0;1;0;0;0;1;1;0;0;19.35
1;0;1;0;1;0;1;0;0;1;0;0;1;0;0;1;0;1;0;1;0;0;0;0;1;1;0;0;1;0;0;1;0;1;0;0;0;1;1;0;0;20.22
1;0;1;0;1;0;1;0;0;1;0;0;1;0;0;1;0;0;1;1;0;0;0;0;1;1;0;0;1;0;0;1;0;1;0;0;0;1;1;0;0;20.23
1;0;1;0;1;0;1;0;0;1;0;0;1;0;0;1;0;1;0;1;0;1;0;0;0;1;0;0;0;1;0;1;0;1;0;0;0;1;1;0;0;17.49
1;0;1;0;1;0;1;0;0;1;0;0;1;0;0;1;0;0;1;1;0;1;0;0;0;1;0;0;0;1;0;1;0;1;0;0;0;1;1;0;0;17.58
1;0;1;0;1;0;1;0;0;1;0;0;1;0;0;1;0;1;0;1;0;0;1;0;0;1;0;0;0;1;0;1;0;1;0;0;0;1;1;0;0;18.69
1;0;1;0;1;0;1;0;0;1;0;0;1;0;0;1;0;1;0;1;0;0;0;0;1;1;0;0;0;1;0;1;0;1;0;0;0;1;1;0;0;20.46
1;0;1;0;1;0;1;0;0;1;0;0;1;0;0;1;0;1;0;1;1;0;0;0;0;1;0;0;0;0;1;1;0;1;0;0;0;1;1;0;0;14.98
1;0;1;0;1;0;1;0;0;1;0;0;1;0;0;1;0;0;1;1;1;0;0;0;0;1;0;0;0;0;1;1;0;1;0;0;0;1;1;0;0;14.84
1;0;1;0;1;0;1;0;0;1;0;0;1;0;0;1;0;0;1;1;0;1;0;0;0;1;0;0;0;0;1;1;0;1;0;0;0;1;1;0;0;17.42
1;0;1;0;1;0;1;0;0;1;0;0;1;0;0;1;0;1;0;1;0;0;1;0;0;1;0;0;0;0;1;1;0;1;0;0;0;1;1;0;0;18.42
1;0;1;0;1;0;1;0;0;1;0;0;1;0;0;1;0;0;1;1;0;0;1;0;0;1;0;0;0;0;1;1;0;1;0;0;0;1;1;0;0;18.35
1;0;1;0;1;0;1;0;0;1;0;0;1;0;0;1;0;1;0;1;0;0;0;1;0;1;0;0;0;0;1;1;0;1;0;0;0;1;1;0;0;19.32
1;0;1;0;1;0;1;0;0;1;0;0;1;0;0;1;0;1;0;1;0;0;0;0;1;1;0;0;0;0;1;1;0;1;0;0;0;1;1;0;0;20.13
1;0;1;0;1;0;1;0;0;1;0;0;1;0;0;1;0;1;0;1;1;0;0;0;0;1;1;0;0;0;0;1;0;0;1;0;0;1;1;0;0;7.22
1;0;1;0;1;0;1;0;0;1;0;0;1;0;0;1;0;0;1;1;1;0;0;0;0;1;1;0;0;0;0;1;0;0;1;0;0;1;1;0;0;7.23
1;0;1;0;1;0;1;0;0;1;0;0;1;0;0;1;0;1;0;1;0;1;0;0;0;1;1;0;0;0;0;1;0;0;1;0;0;1;1;0;0;8.07
1;0;1;0;1;0;1;0;0;1;0;0;1;0;0;1;0;0;1;1;0;1;0;0;0;1;1;0;0;0;0;1;0;0;1;0;0;1;1;0;0;8.11
1;0;1;0;1;0;1;0;0;1;0;0;1;0;0;1;0;1;0;1;0;0;1;0;0;1;1;0;0;0;0;1;0;0;1;0;0;1;1;0;0;8.63
1;0;1;0;1;0;1;0;0;1;0;0;1;0;0;1;0;0;1;1;0;0;1;0;0;1;1;0;0;0;0;1;0;0;1;0;0;1;1;0;0;8.64
1;0;1;0;1;0;1;0;0;1;0;0;1;0;0;1;0;1;0;1;0;0;0;1;0;1;1;0;0;0;0;1;0;0;1;0;0;1;1;0;0;9.11
1;0;1;0;1;0;1;0;0;1;0;0;1;0;0;1;0;1;0;1;0;0;0;0;1;1;1;0;0;0;0;1;0;0;1;0;0;1;1;0;0;9.79
1;0;1;0;1;0;1;0;0;1;0;0;1;0;0;1;0;0;1;1;0;0;0;0;1;1;1;0;0;0;0;1;0;0;1;0;0;1;1;0;0;9.88
1;0;1;0;1;0;1;0;0;1;0;0;1;0;0;1;0;0;1;1;0;1;0;0;0;1;0;1;0;0;0;1;0;0;1;0;0;1;1;0;0;8.11
1;0;1;0;1;0;1;0;0;1;0;0;1;0;0;1;0;1;0;1;0;0;1;0;0;1;0;1;0;0;0;1;0;0;1;0;0;1;1;0;0;8.58
1;0;1;0;1;0;1;0;0;1;0;0;1;0;0;1;0;0;1;1;0;0;1;0;0;1;0;1;0;0;0;1;0;0;1;0;0;1;1;0;0;8.69
1;0;1;0;1;0;1;0;0;1;0;0;1;0;0;1;0;1;0;1;0;0;0;1;0;1;0;1;0;0;0;1;0;0;1;0;0;1;1;0;0;9.1
1;0;1;0;1;0;1;0;0;1;0;0;1;0;0;1;0;1;0;1;0;0;0;0;1;1;0;1;0;0;0;1;0;0;1;0;0;1;1;0;0;9.94
1;0;1;0;1;0;1;0;0;1;0;0;1;0;0;1;0;0;1;1;1;0;0;0;0;1;0;0;1;0;0;1;0;0;1;0;0;1;1;0;0;7.16
1;0;1;0;1;0;1;0;0;1;0;0;1;0;0;1;0;1;0;1;0;1;0;0;0;1;0;0;1;0;0;1;0;0;1;0;0;1;1;0;0;8.07
1;0;1;0;1;0;1;0;0;1;0;0;1;0;0;1;0;0;1;1;0;1;0;0;0;1;0;0;1;0;0;1;0;0;1;0;0;1;1;0;0;8.03
1;0;1;0;1;0;1;0;0;1;0;0;1;0;0;1;0;1;0;1;0;0;1;0;0;1;0;0;1;0;0;1;0;0;1;0;0;1;1;0;0;8.67
1;0;1;0;1;0;1;0;0;1;0;0;1;0;0;1;0;0;1;1;0;0;1;0;0;1;0;0;1;0;0;1;0;0;1;0;0;1;1;0;0;8.6
1;0;1;0;1;0;1;0;0;1;0;0;1;0;0;1;0;1;0;1;0;0;0;1;0;1;0;0;1;0;0;1;0;0;1;0;0;1;1;0;0;9.09
1;0;1;0;1;0;1;0;0;1;0;0;1;0;0;1;0;0;1;1;0;0;0;1;0;1;0;0;1;0;0;1;0;0;1;0;0;1;1;0;0;9.15
1;0;1;0;1;0;1;0;0;1;0;0;1;0;0;1;0;1;0;1;0;0;0;0;1;1;0;0;1;0;0;1;0;0;1;0;0;1;1;0;0;9.91
1;0;1;0;1;0;1;0;0;1;0;0;1;0;0;1;0;0;1;1;0;0;0;0;1;1;0;0;1;0;0;1;0;0;1;0;0;1;1;0;0;9.91
1;0;1;0;1;0;1;0;0;1;0;0;1;0;0;1;0;0;1;1;1;0;0;0;0;1;0;0;0;1;0;1;0;0;1;0;0;1;1;0;0;7.19
1;0;1;0;1;0;1;0;0;1;0;0;1;0;0;1;0;1;0;1;0;1;0;0;0;1;0;0;0;1;0;1;0;0;1;0;0;1;1;0;0;8.07
1;0;1;0;1;0;1;0;0;1;0;0;1;0;0;1;0;0;1;1;0;1;0;0;0;1;0;0;0;1;0;1;0;0;1;0;0;1;1;0;0;8.06
1;0;1;0;1;0;1;0;0;1;0;0;1;0;0;1;0;1;0;1;0;0;1;0;0;1;0;0;0;1;0;1;0;0;1;0;0;1;1;0;0;8.54
1;0;1;0;1;0;1;0;0;1;0;0;1;0;0;1;0;1;0;1;0;0;0;1;0;1;0;0;0;1;0;1;0;0;1;0;0;1;1;0;0;9.14
1;0;1;0;1;0;1;0;0;1;0;0;1;0;0;1;0;1;0;1;0;0;0;0;1;1;0;0;0;1;0;1;0;0;1;0;0;1;1;0;0;9.82
1;0;1;0;1;0;1;0;0;1;0;0;1;0;0;1;0;0;1;1;0;0;0;0;1;1;0;0;0;1;0;1;0;0;1;0;0;1;1;0;0;9.79
1;0;1;0;1;0;1;0;0;1;0;0;1;0;0;1;0;1;0;1;1;0;0;0;0;1;0;0;0;0;1;1;0;0;1;0;0;1;1;0;0;7.27
1;0;1;0;1;0;1;0;0;1;0;0;1;0;0;1;0;0;1;1;1;0;0;0;0;1;0;0;0;0;1;1;0;0;1;0;0;1;1;0;0;7.2
1;0;1;0;1;0;1;0;0;1;0;0;1;0;0;1;0;1;0;1;0;1;0;0;0;1;0;0;0;0;1;1;0;0;1;0;0;1;1;0;0;8.06
1;0;1;0;1;0;1;0;0;1;0;0;1;0;0;1;0;0;1;1;0;1;0;0;0;1;0;0;0;0;1;1;0;0;1;0;0;1;1;0;0;8.1
1;0;1;0;1;0;1;0;0;1;0;0;1;0;0;1;0;1;0;1;0;0;1;0;0;1;0;0;0;0;1;1;0;0;1;0;0;1;1;0;0;8.63
1;0;1;0;1;0;1;0;0;1;0;0;1;0;0;1;0;0;1;1;0;0;1;0;0;1;0;0;0;0;1;1;0;0;1;0;0;1;1;0;0;8.6
1;0;1;0;1;0;1;0;0;1;0;0;1;0;0;1;0;1;0;1;0;0;0;1;0;1;0;0;0;0;1;1;0;0;1;0;0;1;1;0;0;9.12
1;0;1;0;1;0;1;0;0;1;0;0;1;0;0;1;0;0;1;1;0;0;0;1;0;1;0;0;0;0;1;1;0;0;1;0;0;1;1;0;0;9.14
1;0;1;0;1;0;1;0;0;1;0;0;1;0;0;1;0;0;1;1;0;0;0;0;1;1;0;0;0;0;1;1;0;0;1;0;0;1;1;0;0;9.9
1;0;1;0;1;0;1;0;0;1;0;0;1;0;0;1;0;1;0;1;1;0;0;0;0;1;1;0;0;0;0;1;0;0;0;1;0;1;1;0;0;0.82
1;0;1;0;1;0;1;0;0;1;0;0;1;0;0;1;0;0;1;1;1;0;0;0;0;1;1;0;0;0;0;1;0;0;0;1;0;1;1;0;0;0.83
1;0;1;0;1;0;1;0;0;1;0;0;1;0;0;1;0;0;1;1;0;0;1;0;0;1;1;0;0;0;0;1;0;0;0;1;0;1;1;0;0;0.84
1;0;1;0;1;0;1;0;0;1;0;0;1;0;0;1;0;1;0;1;0;0;0;0;1;1;1;0;0;0;0;1;0;0;0;1;0;1;1;0;0;0.92
1;0;1;0;1;0;1;0;0;1;0;0;1;0;0;1;0;0;1;1;0;0;1;0;0;1;0;1;0;0;0;1;0;0;0;1;0;1;1;0;0;0.88
1;0;1;0;1;0;1;0;0;1;0;0;1;0;0;1;0;0;1;1;1;0;0;0;0;1;0;0;1;0;0;1;0;0;0;1;0;1;1;0;0;0.88
1;0;1;0;1;0;1;0;0;1;0;0;1;0;0;1;0;0;1;1;0;1;0;0;0;1;0;0;1;0;0;1;0;0;0;1;0;1;1;0;0;0.87
1;0;1;0;1;0;1;0;0;1;0;0;1;0;0;1;0;0;1;1;0;0;0;1;0;1;0;0;1;0;0;1;0;0;0;1;0;1;1;0;0;0.94
1;0;1;0;1;0;1;0;0;1;0;0;1;0;0;1;0;1;0;1;0;0;0;0;1;1;0;0;1;0;0;1;0;0;0;1;0;1;1;0;0;0.96
1;0;1;0;1;0;1;0;0;1;0;0;1;0;0;1;0;0;1;1;0;0;0;0;1;1;0;0;1;0;0;1;0;0;0;1;0;1;1;0;0;0.96
1;0;1;0;1;0;1;0;0;1;0;0;1;0;0;1;0;1;0;1;1;0;0;0;0;1;0;0;0;1;0;1;0;0;0;1;0;1;1;0;0;0.84
1;0;1;0;1;0;1;0;0;1;0;0;1;0;0;1;0;0;1;1;1;0;0;0;0;1;0;0;0;1;0;1;0;0;0;1;0;1;1;0;0;0.85
1;0;1;0;1;0;1;0;0;1;0;0;1;0;0;1;0;0;1;1;0;1;0;0;0;1;0;0;0;1;0;1;0;0;0;1;0;1;1;0;0;0.84
1;0;1;0;1;0;1;0;0;1;0;0;1;0;0;1;0;0;1;1;0;0;1;0;0;1;0;0;0;1;0;1;0;0;0;1;0;1;1;0;0;0.88
1;0;1;0;1;0;1;0;0;1;0;0;1;0;0;1;0;1;0;1;0;0;0;0;1;1;0;0;0;1;0;1;0;0;0;1;0;1;1;0;0;0.96
1;0;1;0;1;0;1;0;0;1;0;0;1;0;0;1;0;0;1;1;1;0;0;0;0;1;0;0;0;0;1;1;0;0;0;1;0;1;1;0;0;0.84
1;0;1;0;1;0;1;0;0;1;0;0;1;0;0;1;0;0;1;1;0;1;0;0;0;1;0;0;0;0;1;1;0;0;0;1;0;1;1;0;0;0.85
1;0;1;0;1;0;1;0;0;1;0;0;1;0;0;1;0;1;0;1;0;0;1;0;0;1;0;0;0;0;1;1;0;0;0;1;0;1;1;0;0;0.89
1;0;1;0;1;0;1;0;0;1;0;0;1;0;0;1;0;0;1;1;0;0;1;0;0;1;0;0;0;0;1;1;0;0;0;1;0;1;1;0;0;0.86
1;0;1;0;1;0;1;0;0;1;0;0;1;0;0;1;0;1;0;1;0;0;0;1;0;1;0;0;0;0;1;1;0;0;0;1;0;1;1;0;0;0.91
1;0;1;0;1;0;1;0;0;1;0;0;1;0;0;1;0;1;0;1;0;0;0;0;1;1;0;0;0;0;1;1;0;0;0;1;0;1;1;0;0;0.93
1;0;1;0;1;0;1;0;0;1;0;0;1;0;0;1;0;0;1;1;0;0;0;0;1;1;0;0;0;0;1;1;0;0;0;1;0;1;1;0;0;0.96
1;0;1;0;1;0;1;0;0;1;0;0;1;0;0;1;0;1;0;1;1;0;0;0;0;1;1;0;0;0;0;1;0;0;0;0;1;1;1;0;0;0.66
1;0;1;0;1;0;1;0;0;1;0;0;1;0;0;1;0;0;1;1;1;0;0;0;0;1;1;0;0;0;0;1;0;0;0;0;1;1;1;0;0;0.63
1;0;1;0;1;0;1;0;0;1;0;0;1;0;0;1;0;1;0;1;0;0;1;0;0;1;1;0;0;0;0;1;0;0;0;0;1;1;1;0;0;0.8
1;0;1;0;1;0;1;0;0;1;0;0;1;0;0;1;0;0;1;1;0;0;1;0;0;1;1;0;0;0;0;1;0;0;0;0;1;1;1;0;0;0.78
1;0;1;0;1;0;1;0;0;1;0;0;1;0;0;1;0;0;1;1;1;0;0;0;0;1;0;1;0;0;0;1;0;0;0;0;1;1;1;0;0;0.68
1;0;1;0;1;0;1;0;0;1;0;0;1;0;0;1;0;1;0;1;0;1;0;0;0;1;0;1;0;0;0;1;0;0;0;0;1;1;1;0;0;0.72
1;0;1;0;1;0;1;0;0;1;0;0;1;0;0;1;0;0;1;1;0;1;0;0;0;1;0;1;0;0;0;1;0;0;0;0;1;1;1;0;0;0.75
1;0;1;0;1;0;1;0;0;1;0;0;1;0;0;1;0;0;1;1;1;0;0;0;0;1;0;0;1;0;0;1;0;0;0;0;1;1;1;0;0;0.66
1;0;1;0;1;0;1;0;0;1;0;0;1;0;0;1;0;0;1;1;0;0;1;0;0;1;0;0;1;0;0;1;0;0;0;0;1;1;1;0;0;0.79
1;0;1;0;1;0;1;0;0;1;0;0;1;0;0;1;0;1;0;1;1;0;0;0;0;1;0;0;0;1;0;1;0;0;0;0;1;1;1;0;0;0.69
1;0;1;0;1;0;1;0;0;1;0;0;1;0;0;1;0;1;0;1;0;1;0;0;0;1;0;0;0;1;0;1;0;0;0;0;1;1;1;0;0;0.74
1;0;1;0;1;0;1;0;0;1;0;0;1;0;0;1;0;0;1;1;0;1;0;0;0;1;0;0;0;1;0;1;0;0;0;0;1;1;1;0;0;0.72
1;0;1;0;1;0;1;0;0;1;0;0;1;0;0;1;0;1;0;1;0;0;0;1;0;1;0;0;0;1;0;1;0;0;0;0;1;1;1;0;0;0.81
1;0;1;0;1;0;1;0;0;1;0;0;1;0;0;1;0;0;1;1;0;0;0;0;1;1;0;0;0;1;0;1;0;0;0;0;1;1;1;0;0;0.8
1;0;1;0;1;0;1;0;0;1;0;0;1;0;0;1;0;1;0;1;1;0;0;0;0;1;0;0;0;0;1;1;0;0;0;0;1;1;1;0;0;0.66
1;0;1;0;1;0;1;0;0;1;0;0;1;0;0;1;0;0;1;1;1;0;0;0;0;1;0;0;0;0;1;1;0;0;0;0;1;1;1;0;0;0.65
1;0;1;0;1;0;1;0;0;1;0;0;1;0;0;1;0;1;0;1;0;0;1;0;0;1;0;0;0;0;1;1;0;0;0;0;1;1;1;0;0;0.78
1;0;1;0;1;0;1;0;0;1;0;0;1;0;0;1;0;0;1;1;0;0;1;0;0;1;0;0;0;0;1;1;0;0;0;0;1;1;1;0;0;0.77
1;0;1;0;1;0;1;0;0;1;0;0;1;0;0;1;0;1;0;1;0;0;0;1;0;1;0;0;0;0;1;1;0;0;0;0;1;1;1;0;0;0.81
1;0;1;0;1;0;1;0;0;1;0;0;1;0;0;1;0;1;0;1;0;0;0;0;1;1;0;0;0;0;1;1;0;0;0;0;1;1;1;0;0;0.77
1;0;1;1;1;0;0;1;0;1;0;1;0;1;1;1;0;1;0;1;0;1;0;0;0;1;1;0;0;0;0;1;0;0;1;0;0;1;0;0;1;10.03
1;0;1;1;1;0;1;0;0;1;0;0;1;1;1;1;0;0;1;1;0;0;0;0;1;1;1;0;0;0;0;1;0;1;0;0;0;1;0;0;1;21.97
1;0;1;1;1;0;1;0;0;1;0;0;1;1;1;1;0;1;0;1;0;1;0;0;0;1;1;0;0;0;0;1;0;0;1;0;0;1;0;0;1;9.88
1;0;1;1;1;0;1;0;0;1;0;0;1;1;1;1;0;1;0;1;0;0;0;0;1;1;1;0;0;0;0;1;0;0;1;0;0;1;0;0;1;9.99
