Quality;good;realtime;AutoAltRef;AdaptiveQuantizationMode;off;variance;complexity;cyclicRefresh;endUsage;variableBitrate;constantBitrate;constrainedQuality;lossless;FrameBoost;lagInFrames;lagInFrames_0;lagInFrames_8;lagInFrames_16;bitRate;bitRate_300;bitRate_600;bitRate_900;bitRate_1200;bitRate_1500;Threads;Threads_2;Threads_4;Threads_6;Threads_8;Threads_10;cpuUsed;cpuUsed_0;cpuUsed_2;cpuUsed_4;cpuUsed_6;cpuUsed_8;TileColumns;TileColumns_0;TileColumns_3;TileColumns_6;Performance
1;0;1;0;1;0;0;1;0;1;1;0;0;0;0;1;0;0;1;1;0;1;0;0;0;1;0;0;1;0;0;1;1;0;0;0;0;1;1;0;0;54.42
1;0;1;0;1;0;0;1;0;1;1;0;0;0;0;1;0;0;1;1;0;0;1;0;0;1;0;1;0;0;0;1;0;1;0;0;0;1;1;0;0;18.46
1;0;1;0;1;0;0;1;0;1;1;0;0;0;0;1;1;0;0;1;0;0;0;0;1;1;0;0;0;1;0;1;0;0;0;1;0;1;0;0;1;0.31
1;0;1;1;1;0;0;1;0;1;1;0;0;0;0;1;0;1;0;1;1;0;0;0;0;1;0;0;0;0;1;1;0;0;0;0;1;1;0;1;0;0.21
1;0;1;0;1;0;0;1;0;1;1;0;0;0;1;1;0;1;0;1;1;0;0;0;0;1;0;1;0;0;0;1;0;0;1;0;0;1;0;1;0;2.72
1;0;1;0;1;0;0;1;0;1;1;0;0;0;1;1;0;1;0;1;0;0;1;0;0;1;0;0;1;0;0;1;0;0;0;1;0;1;0;1;0;0.31
1;0;1;0;1;0;0;1;0;1;1;0;0;0;1;1;0;0;1;1;1;0;0;0;0;1;0;0;0;1;0;1;0;0;0;1;0;1;0;1;0;0.26
1;0;1;0;1;0;0;1;0;1;1;0;0;0;1;1;0;1;0;1;1;0;0;0;0;1;0;0;0;1;0;1;1;0;0;0;0;1;0;0;1;15.84
1;0;1;0;1;0;0;1;0;1;1;0;0;0;1;1;1;0;0;1;0;0;0;1;0;1;0;0;0;0;1;1;0;0;1;0;0;1;0;0;1;3.31
1;0;1;0;1;0;0;1;0;1;1;0;0;1;1;1;1;0;0;1;0;0;1;0;0;1;1;0;0;0;0;1;0;0;1;0;0;1;0;1;0;10.2
1;0;1;0;1;0;0;1;0;1;1;0;0;1;1;1;1;0;0;1;0;0;0;1;0;1;0;0;1;0;0;1;1;0;0;0;0;1;0;0;1;26.91
1;0;1;0;1;0;0;1;0;1;1;0;0;1;1;1;0;1;0;1;0;1;0;0;0;1;0;1;0;0;0;1;0;0;1;0;0;1;0;0;1;6.03
1;0;1;1;1;0;0;1;0;1;1;0;0;0;1;1;1;0;0;1;0;0;0;0;1;1;0;0;0;1;0;1;1;0;0;0;0;1;1;0;0;63.62
1;0;1;1;1;0;0;1;0;1;1;0;0;0;1;1;0;0;1;1;0;0;0;1;0;1;0;0;0;0;1;1;0;1;0;0;0;1;1;0;0;18.86
1;0;1;1;1;0;0;1;0;1;1;0;0;1;1;1;0;0;1;1;0;0;0;0;1;1;0;0;0;0;1;1;0;0;0;1;0;1;1;0;0;3.07
1;0;1;1;1;0;0;1;0;1;1;0;0;1;1;1;0;0;1;1;0;1;0;0;0;1;0;0;0;1;0;1;0;0;0;1;0;1;0;1;0;1.5
1;0;1;1;1;0;0;1;0;1;1;0;0;1;1;1;0;0;1;1;1;0;0;0;0;1;0;0;1;0;0;1;0;0;0;1;0;1;0;0;1;1.53
1;0;1;0;1;0;1;0;0;1;1;0;0;1;1;1;0;0;1;1;1;0;0;0;0;1;0;1;0;0;0;1;1;0;0;0;0;1;0;1;0;27.11
1;0;1;0;1;0;1;0;0;1;1;0;0;1;1;1;0;1;0;1;0;0;0;1;0;1;0;1;0;0;0;1;0;1;0;0;0;1;0;1;0;14.4
1;0;1;0;1;0;1;0;0;1;1;0;0;1;1;1;0;1;0;1;0;0;1;0;0;1;0;0;0;0;1;1;0;1;0;0;0;1;0;1;0;13.65
1;0;1;0;1;0;1;0;0;1;1;0;0;1;1;1;0;1;0;1;0;0;0;0;1;1;0;0;1;0;0;1;0;1;0;0;0;1;0;0;1;13.23
1;0;1;0;1;0;1;0;0;1;1;0;0;1;0;1;1;0;0;1;1;0;0;0;0;1;0;1;0;0;0;1;0;0;0;0;1;1;0;1;0;1.53
1;0;1;0;1;0;1;0;0;1;1;0;0;1;0;1;1;0;0;1;0;0;1;0;0;1;0;0;0;0;1;1;0;1;0;0;0;1;0;0;1;14.08
1;0;1;0;1;0;1;0;0;1;1;0;0;1;0;1;0;1;0;1;1;0;0;0;0;1;0;0;0;0;1;1;1;0;0;0;0;1;1;0;0;89.78
1;0;1;1;1;0;1;0;0;1;1;0;0;0;1;1;0;0;1;1;1;0;0;0;0;1;0;0;1;0;0;1;1;0;0;0;0;1;0;0;1;17.19
1;0;1;1;1;0;1;0;0;1;1;0;0;0;1;1;1;0;0;1;0;0;0;0;1;1;0;0;1;0;0;1;0;1;0;0;0;1;1;0;0;20.59
1;0;1;0;1;0;1;0;0;1;1;0;0;0;1;1;1;0;0;1;1;0;0;0;0;1;0;0;0;0;1;1;1;0;0;0;0;1;1;0;0;50.18
1;0;1;1;1;0;1;0;0;1;1;0;0;0;0;1;0;1;0;1;1;0;0;0;0;1;0;0;0;0;1;1;0;0;0;1;0;1;0;1;0;0.29
1;0;1;1;1;0;1;0;0;1;1;0;0;0;0;1;1;0;0;1;1;0;0;0;0;1;0;0;0;0;1;1;0;0;0;1;0;1;1;0;0;0.83
1;0;1;0;1;0;1;0;0;1;1;0;0;0;0;1;1;0;0;1;0;0;0;1;0;1;0;0;0;0;1;1;0;1;0;0;0;1;0;0;1;6.01
1;0;1;0;1;0;1;0;0;1;1;0;0;0;0;1;1;0;0;1;0;0;0;1;0;1;0;0;1;0;0;1;1;0;0;0;0;1;0;1;0;21.97
1;0;1;1;1;0;0;1;0;1;1;0;0;0;1;1;1;0;0;1;0;0;0;0;1;1;0;0;0;1;0;1;0;1;0;0;0;1;0;0;1;6.07
1;0;1;0;1;0;0;1;0;1;1;0;0;1;0;1;1;0;0;1;0;1;0;0;0;1;0;0;1;0;0;1;0;1;0;0;0;1;0;0;1;14.2
1;0;1;0;1;0;0;1;0;1;1;0;0;1;0;1;0;0;1;1;0;0;1;0;0;1;1;0;0;0;0;1;1;0;0;0;0;1;1;0;0;89.68
1;0;1;0;1;0;0;1;0;1;1;0;0;1;0;1;1;0;0;1;0;0;0;0;1;1;0;0;0;0;1;1;1;0;0;0;0;1;1;0;0;89.81
1;0;1;0;1;0;0;1;0;1;1;0;0;1;0;1;1;0;0;1;0;1;0;0;0;1;1;0;0;0;0;1;0;0;1;0;0;1;1;0;0;18.41
1;0;1;1;1;1;0;0;0;1;1;0;0;0;1;1;1;0;0;1;0;0;0;1;0;1;1;0;0;0;0;1;0;0;1;0;0;1;0;1;0;4.82
1;0;1;1;1;1;0;0;0;1;1;0;0;0;1;1;0;1;0;1;0;0;1;0;0;1;0;0;0;1;0;1;0;0;0;1;0;1;1;0;0;0.75
1;0;1;0;1;1;0;0;0;1;1;0;0;0;1;1;0;0;1;1;0;0;1;0;0;1;0;0;0;0;1;1;0;0;0;0;1;1;0;1;0;0.25
1;0;1;1;1;1;0;0;0;1;1;0;0;1;0;1;1;0;0;1;0;1;0;0;0;1;0;0;0;0;1;1;0;0;0;1;0;1;0;1;0;1.57
1;0;1;1;1;1;0;0;0;1;1;0;0;1;0;1;0;0;1;1;0;0;0;0;1;1;1;0;0;0;0;1;1;0;0;0;0;1;0;0;1;47.6
1;0;1;1;1;1;0;0;0;1;1;0;0;1;0;1;0;0;1;1;0;1;0;0;0;1;0;1;0;0;0;1;1;0;0;0;0;1;1;0;0;88.86
1;0;1;1;1;1;0;0;0;1;1;0;0;1;0;1;0;0;1;1;0;1;0;0;0;1;1;0;0;0;0;1;0;1;0;0;0;1;1;0;0;38.94
1;0;1;1;1;1;0;0;0;1;1;0;0;0;0;1;0;1;0;1;1;0;0;0;0;1;0;1;0;0;0;1;0;0;1;0;0;1;0;1;0;2.62
1;0;1;0;1;1;0;0;0;1;1;0;0;1;0;1;1;0;0;1;1;0;0;0;0;1;0;0;0;0;1;1;0;0;1;0;0;1;0;0;1;5.6
1;0;1;0;1;1;0;0;0;1;1;0;0;1;0;1;1;0;0;1;0;0;1;0;0;1;1;0;0;0;0;1;1;0;0;0;0;1;1;0;0;89.6
1;0;1;0;1;1;0;0;0;1;1;0;0;0;0;1;0;0;1;1;1;0;0;0;0;1;1;0;0;0;0;1;1;0;0;0;0;1;0;0;1;24.74
1;0;1;0;1;1;0;0;0;1;1;0;0;0;0;1;1;0;0;1;1;0;0;0;0;1;0;1;0;0;0;1;0;0;1;0;0;1;1;0;0;7.2
1;0;1;0;1;1;0;0;0;1;1;0;0;0;0;1;0;1;0;1;1;0;0;0;0;1;0;1;0;0;0;1;0;0;1;0;0;1;1;0;0;7.02
1;0;1;1;1;0;1;0;0;1;1;0;0;1;1;1;0;0;1;1;0;0;0;0;1;1;1;0;0;0;0;1;0;0;0;0;1;1;0;1;0;1.82
1;0;1;0;1;0;1;0;0;1;1;0;0;1;1;1;0;1;0;1;0;0;0;1;0;1;0;0;0;0;1;1;0;0;0;1;0;1;0;0;1;1.55
1;0;1;1;1;0;1;0;0;1;0;1;0;0;0;1;1;0;0;1;0;0;0;1;0;1;0;0;1;0;0;1;0;1;0;0;0;1;0;0;1;5.99
1;0;1;1;1;0;1;0;0;1;0;1;0;0;0;1;0;0;1;1;0;1;0;0;0;1;0;0;1;0;0;1;0;0;0;0;1;1;1;0;0;0.77
1;0;1;1;1;0;1;0;0;1;0;1;0;0;0;1;0;0;1;1;0;0;0;0;1;1;0;0;0;0;1;1;0;0;0;0;1;1;0;1;0;0.32
1;0;1;0;1;0;1;0;0;1;0;1;0;0;1;1;0;1;0;1;0;0;0;0;1;1;0;1;0;0;0;1;0;0;0;0;1;1;0;0;1;0.3
1;0;1;0;1;0;1;0;0;1;0;1;0;0;1;1;1;0;0;1;1;0;0;0;0;1;0;0;1;0;0;1;1;0;0;0;0;1;0;1;0;18.48
1;0;1;0;1;0;1;0;0;1;0;1;0;0;0;1;0;0;1;1;0;1;0;0;0;1;0;0;0;1;0;1;1;0;0;0;0;1;0;0;1;20.45
1;0;1;0;1;0;1;0;0;1;0;1;0;0;0;1;0;0;1;1;0;0;0;1;0;1;1;0;0;0;0;1;0;0;0;1;0;1;1;0;0;0.92
1;0;1;1;1;1;0;0;0;1;0;1;0;1;1;1;0;1;0;1;0;0;0;1;0;1;0;1;0;0;0;1;0;0;0;1;0;1;0;1;0;1.53
1;0;1;1;1;1;0;0;0;1;0;1;0;1;1;1;0;1;0;1;1;0;0;0;0;1;0;1;0;0;0;1;0;0;0;1;0;1;0;0;1;1.51
1;0;1;1;1;1;0;0;0;1;0;1;0;1;1;1;0;0;1;1;0;0;1;0;0;1;0;0;1;0;0;1;0;0;1;0;0;1;1;0;0;17.63
1;0;1;1;1;1;0;0;0;1;0;1;0;1;1;1;0;1;0;1;0;1;0;0;0;1;0;0;0;1;0;1;0;1;0;0;0;1;0;1;0;13.51
1;0;1;1;1;1;0;0;0;1;0;1;0;0;1;1;1;0;0;1;0;0;0;0;1;1;0;1;0;0;0;1;1;0;0;0;0;1;0;1;0;21.25
1;0;1;1;1;1;0;0;0;1;0;1;0;0;0;1;1;0;0;1;0;0;0;1;0;1;1;0;0;0;0;1;0;0;1;0;0;1;0;1;0;5.02
1;0;1;1;1;1;0;0;0;1;0;1;0;0;0;1;0;0;1;1;0;0;1;0;0;1;0;1;0;0;0;1;0;0;1;0;0;1;0;1;0;3.08
1;0;1;1;1;1;0;0;0;1;0;1;0;0;0;1;0;1;0;1;0;1;0;0;0;1;0;0;0;0;1;1;1;0;0;0;0;1;0;0;1;18.53
1;0;1;0;1;1;0;0;0;1;0;1;0;1;0;1;0;1;0;1;0;0;1;0;0;1;0;0;0;1;0;1;0;1;0;0;0;1;0;0;1;13.54
1;0;1;0;1;1;0;0;0;1;0;1;0;1;0;1;0;1;0;1;0;0;0;1;0;1;1;0;0;0;0;1;0;0;1;0;0;1;0;0;1;9.66
1;0;1;0;1;1;0;0;0;1;0;1;0;0;1;1;1;0;0;1;0;0;0;0;1;1;0;0;1;0;0;1;0;0;0;0;1;1;0;0;1;0.28
1;0;1;0;1;1;0;0;0;1;0;1;0;0;1;1;0;1;0;1;1;0;0;0;0;1;1;0;0;0;0;1;1;0;0;0;0;1;0;1;0;26.83
1;0;1;0;1;1;0;0;0;1;0;1;0;0;1;1;0;1;0;1;0;0;0;0;1;1;0;0;0;1;0;1;1;0;0;0;0;1;1;0;0;61.36
1;0;1;0;1;1;0;0;0;1;0;1;0;0;0;1;1;0;0;1;0;0;1;0;0;1;0;0;0;0;1;1;0;0;0;0;1;1;1;0;0;0.61
1;0;1;1;1;0;0;0;1;1;1;0;0;1;1;1;0;1;0;1;0;0;0;1;0;1;0;0;0;1;0;1;0;0;1;0;0;1;0;0;1;5.93
1;0;1;1;1;0;0;0;1;1;1;0;0;0;1;1;0;0;1;1;0;0;0;1;0;1;0;0;1;0;0;1;0;1;0;0;0;1;0;0;1;6.1
1;0;1;1;1;0;0;0;1;1;1;0;0;0;1;1;0;0;1;1;0;1;0;0;0;1;1;0;0;0;0;1;0;0;0;1;0;1;0;0;1;0.47
1;0;1;1;1;0;0;0;1;1;1;0;0;0;1;1;0;1;0;1;1;0;0;0;0;1;0;1;0;0;0;1;0;0;0;0;1;1;1;0;0;0.54
1;0;1;1;1;0;0;0;1;1;1;0;0;0;1;1;1;0;0;1;0;0;0;1;0;1;0;1;0;0;0;1;0;0;0;0;1;1;0;1;0;0.26
1;0;1;1;1;0;0;0;1;1;1;0;0;1;0;1;1;0;0;1;0;0;1;0;0;1;0;1;0;0;0;1;0;0;0;0;1;1;1;0;0;2.37
1;0;1;0;1;0;0;0;1;1;1;0;0;1;0;1;0;1;0;1;0;1;0;0;0;1;1;0;0;0;0;1;0;1;0;0;0;1;0;0;1;21.64
1;0;1;0;1;0;0;0;1;1;1;0;0;0;1;1;0;1;0;1;0;1;0;0;0;1;0;0;0;1;0;1;0;0;0;0;1;1;0;0;1;0.22
1;0;1;0;1;0;0;0;1;1;1;0;0;1;0;1;0;0;1;1;0;1;0;0;0;1;1;0;0;0;0;1;0;0;0;1;0;1;1;0;0;2.77
1;0;1;0;1;0;0;0;1;1;1;0;0;0;0;1;0;1;0;1;0;1;0;0;0;1;0;1;0;0;0;1;0;0;1;0;0;1;0;1;0;2.83
1;0;1;0;1;0;0;0;1;1;1;0;0;0;0;1;1;0;0;1;0;0;0;1;0;1;0;0;1;0;0;1;0;0;0;1;0;1;0;1;0;0.3
1;0;1;0;1;0;0;0;1;1;1;0;0;0;0;1;0;1;0;1;0;0;0;0;1;1;0;0;0;0;1;1;0;0;0;1;0;1;0;1;0;0.31
1;0;1;0;1;0;0;0;1;1;1;0;0;0;0;1;1;0;0;1;1;0;0;0;0;1;0;1;0;0;0;1;1;0;0;0;0;1;0;0;1;15.49
1;0;1;1;1;1;0;0;0;1;1;0;0;1;1;1;0;0;1;1;0;0;0;0;1;1;1;0;0;0;0;1;0;0;1;0;0;1;0;0;1;9.66
1;0;1;1;1;1;0;0;0;1;1;0;0;1;1;1;1;0;0;1;1;0;0;0;0;1;0;1;0;0;0;1;0;0;0;1;0;1;1;0;0;2.76
1;0;1;0;1;0;0;0;1;1;0;1;0;0;1;1;0;1;0;1;0;0;0;1;0;1;0;1;0;0;0;1;0;1;0;0;0;1;1;0;0;14.54
1;0;1;0;1;0;0;0;1;1;0;1;0;1;0;1;1;0;0;1;0;0;0;1;0;1;0;0;1;0;0;1;1;0;0;0;0;1;1;0;0;75.38
1;0;1;0;1;0;0;0;1;1;0;1;0;1;0;1;0;0;1;1;0;1;0;0;0;1;0;0;1;0;0;1;0;1;0;0;0;1;1;0;0;35
1;0;1;0;1;0;0;0;1;1;0;1;0;1;0;1;1;0;0;1;0;0;0;0;1;1;0;0;0;1;0;1;0;1;0;0;0;1;1;0;0;35.07
1;0;1;0;1;0;0;0;1;1;0;1;0;0;0;1;1;0;0;1;1;0;0;0;0;1;1;0;0;0;0;1;0;0;0;0;1;1;0;1;0;0.33
1;0;1;0;1;0;0;0;1;1;0;1;0;0;0;1;0;0;1;1;0;0;0;1;0;1;0;0;0;0;1;1;0;0;0;0;1;1;0;1;0;0.31
1;0;1;1;1;0;1;0;0;1;0;1;0;1;1;1;0;1;0;1;0;1;0;0;0;1;0;0;1;0;0;1;0;1;0;0;0;1;0;1;0;13.58
1;0;1;0;1;0;1;0;0;1;0;1;0;1;1;1;0;1;0;1;1;0;0;0;0;1;0;0;0;0;1;1;1;0;0;0;0;1;0;0;1;26.95
1;0;1;0;1;0;1;0;0;1;0;1;0;1;1;1;1;0;0;1;0;0;0;1;0;1;0;0;0;0;1;1;0;1;0;0;0;1;0;0;1;13.24
1;0;1;0;1;0;1;0;0;1;0;1;0;1;1;1;1;0;0;1;0;0;0;0;1;1;0;0;0;0;1;1;0;1;0;0;0;1;0;0;1;13.58
1;0;1;0;1;0;1;0;0;1;0;1;0;1;1;1;0;0;1;1;0;1;0;0;0;1;0;0;1;0;0;1;0;0;0;0;1;1;0;1;0;1.44
1;0;1;1;1;0;1;0;0;1;0;1;0;1;0;1;0;0;1;1;0;1;0;0;0;1;0;0;0;1;0;1;0;1;0;0;0;1;0;0;1;14.06
1;0;1;1;1;0;1;0;0;1;0;1;0;1;0;1;1;0;0;1;0;1;0;0;0;1;1;0;0;0;0;1;0;1;0;0;0;1;0;1;0;23.41
1;0;1;1;1;0;1;0;0;1;0;1;0;1;0;1;0;0;1;1;0;0;0;0;1;1;0;0;1;0;0;1;0;1;0;0;0;1;1;0;0;39.35
1;0;1;1;1;0;1;0;0;1;0;1;0;1;0;1;0;1;0;1;0;1;0;0;0;1;0;0;0;0;1;1;0;1;0;0;0;1;1;0;0;39.21
1;0;1;0;1;0;1;0;0;1;0;1;0;1;0;1;0;0;1;1;0;0;0;1;0;1;0;0;1;0;0;1;0;0;1;0;0;1;0;0;1;6.09
1;0;1;0;1;0;1;0;0;1;0;1;0;1;0;1;0;1;0;1;0;1;0;0;0;1;0;0;0;0;1;1;0;0;0;0;1;1;1;0;0;2.4
1;0;1;0;1;0;1;0;0;1;0;1;0;1;0;1;1;0;0;1;0;0;0;1;0;1;0;1;0;0;0;1;0;1;0;0;0;1;0;1;0;14.09
1;0;1;1;1;0;1;0;0;1;0;1;0;0;1;1;0;1;0;1;1;0;0;0;0;1;0;0;0;0;1;1;0;1;0;0;0;1;1;0;0;16.29
1;0;1;1;1;0;0;0;1;1;0;1;0;0;1;1;1;0;0;1;1;0;0;0;0;1;0;0;0;1;0;1;1;0;0;0;0;1;0;1;0;14.56
1;0;1;1;1;0;0;0;1;1;0;1;0;0;1;1;1;0;0;1;1;0;0;0;0;1;0;0;1;0;0;1;1;0;0;0;0;1;0;0;1;14.5
1;0;1;1;1;0;0;0;1;1;0;1;0;0;0;1;0;1;0;1;0;1;0;0;0;1;1;0;0;0;0;1;0;0;0;0;1;1;0;1;0;0.38
1;0;1;1;1;0;0;0;1;1;0;1;0;0;0;1;1;0;0;1;0;0;0;1;0;1;0;0;1;0;0;1;0;1;0;0;0;1;0;0;1;4.62
1;0;1;1;1;0;0;0;1;1;0;1;0;0;0;1;1;0;0;1;0;0;1;0;0;1;1;0;0;0;0;1;0;1;0;0;0;1;1;0;0;14.27
1;0;1;1;1;0;0;0;1;1;0;1;0;0;0;1;0;1;0;1;0;0;1;0;0;1;0;0;0;1;0;1;0;0;1;0;0;1;1;0;0;8.56
1;0;1;0;1;0;0;0;1;1;0;1;0;1;1;1;0;1;0;1;0;0;0;1;0;1;1;0;0;0;0;1;0;0;0;0;1;1;0;1;0;1.89
1;0;1;0;1;0;0;0;1;1;0;1;0;1;1;1;0;1;0;1;0;0;0;1;0;1;0;0;0;1;0;1;0;0;1;0;0;1;1;0;0;16.74
1;0;1;0;1;0;0;0;1;1;0;1;0;0;1;1;0;1;0;1;0;0;1;0;0;1;0;0;1;0;0;1;1;0;0;0;0;1;0;0;1;15.52
1;0;1;0;1;0;0;0;1;1;0;1;0;0;1;1;0;1;0;1;0;0;0;1;0;1;0;0;0;0;1;1;0;0;0;0;1;1;1;0;0;0.72
1;0;1;0;1;0;0;1;0;1;0;1;0;0;0;1;1;0;0;1;0;0;0;1;0;1;0;0;0;1;0;1;1;0;0;0;0;1;1;0;0;62.3
1;0;1;0;1;0;0;1;0;1;0;1;0;0;0;1;0;1;0;1;0;0;0;0;1;1;0;1;0;0;0;1;0;0;1;0;0;1;1;0;0;10.4
1;0;1;1;1;0;0;0;1;1;0;1;0;1;1;1;0;1;0;1;0;0;1;0;0;1;0;0;0;0;1;1;0;0;1;0;0;1;0;0;1;5.6
1;0;1;1;1;0;0;0;1;1;0;1;0;1;1;1;1;0;0;1;0;0;0;1;0;1;0;0;0;1;0;1;0;0;0;1;0;1;0;0;1;1.52
1;0;1;1;1;0;0;0;1;1;0;1;0;1;1;1;1;0;0;1;0;1;0;0;0;1;0;0;0;0;1;1;1;0;0;0;0;1;0;1;0;24.38
1;0;1;1;1;0;0;0;1;1;0;1;0;1;0;1;0;0;1;1;0;1;0;0;0;1;1;0;0;0;0;1;0;0;1;0;0;1;0;0;1;9.37
1;0;1;1;1;0;0;0;1;1;0;1;0;1;0;1;1;0;0;1;0;1;0;0;0;1;0;0;0;1;0;1;0;0;0;1;0;1;1;0;0;3.1
1;0;1;1;1;0;0;0;1;1;0;1;0;1;0;1;0;0;1;1;0;1;0;0;0;1;1;0;0;0;0;1;0;0;0;0;1;1;0;1;0;1.91
1;1;0;0;1;0;0;0;1;1;1;0;0;0;1;1;0;1;0;1;0;0;1;0;0;1;0;0;0;1;0;1;0;0;1;0;0;1;0;1;0;3.32
1;1;0;0;1;0;0;0;1;1;1;0;0;0;1;1;1;0;0;1;0;1;0;0;0;1;0;1;0;0;0;1;0;0;0;1;0;1;0;1;0;2.48
1;1;0;1;1;0;0;0;1;1;1;0;0;1;0;1;0;0;1;1;0;0;0;0;1;1;0;0;0;0;1;1;0;0;0;1;0;1;0;1;0;6.35
1;1;0;1;1;0;0;0;1;1;1;0;0;1;0;1;0;0;1;1;0;0;0;1;0;1;0;0;0;1;0;1;0;0;0;0;1;1;0;1;0;6.33
1;1;0;1;1;0;0;0;1;1;1;0;0;1;0;1;1;0;0;1;0;0;0;1;0;1;0;0;0;1;0;1;1;0;0;0;0;1;0;0;1;20.94
1;1;0;1;1;0;0;0;1;1;1;0;0;1;0;1;0;1;0;1;0;0;0;1;0;1;1;0;0;0;0;1;0;0;1;0;0;1;0;0;1;10.52
1;1;0;1;1;0;0;0;1;1;1;0;0;1;0;1;1;0;0;1;1;0;0;0;0;1;0;1;0;0;0;1;0;0;1;0;0;1;0;0;1;7.04
1;1;0;1;1;0;0;0;1;1;1;0;0;1;0;1;0;0;1;1;0;0;1;0;0;1;0;0;0;0;1;1;0;0;0;1;0;1;1;0;0;16.04
1;1;0;1;1;0;0;0;1;1;1;0;0;1;0;1;0;0;1;1;0;0;0;0;1;1;0;0;0;0;1;1;0;0;0;0;1;1;1;0;0;16.05
1;1;0;0;1;0;0;0;1;1;1;0;0;1;0;1;0;1;0;1;0;0;1;0;0;1;0;0;0;0;1;1;1;0;0;0;0;1;0;0;1;26.38
1;1;0;0;1;0;0;0;1;1;1;0;0;1;0;1;0;1;0;1;0;0;0;1;0;1;0;1;0;0;0;1;0;1;0;0;0;1;0;0;1;12.33
1;1;0;0;1;0;0;0;1;1;1;0;0;1;0;1;0;1;0;1;0;0;0;0;1;1;0;1;0;0;0;1;0;0;0;0;1;1;0;0;1;7.8
1;1;0;1;1;0;0;0;1;1;1;0;0;1;0;1;1;0;0;1;0;0;1;0;0;1;0;0;0;1;0;1;1;0;0;0;0;1;1;0;0;66.63
1;1;0;0;1;0;0;0;1;1;1;0;0;1;0;1;0;0;1;1;0;0;0;1;0;1;0;1;0;0;0;1;0;1;0;0;0;1;0;1;0;11.38
1;1;0;0;1;0;0;0;1;1;1;0;0;1;0;1;1;0;0;1;0;0;1;0;0;1;1;0;0;0;0;1;1;0;0;0;0;1;1;0;0;60.65
1;1;0;1;1;0;0;0;1;1;1;0;0;0;0;1;1;0;0;1;0;0;1;0;0;1;0;0;1;0;0;1;0;0;1;0;0;1;0;1;0;2.6
1;1;0;1;1;0;0;0;1;1;1;0;0;0;0;1;0;1;0;1;1;0;0;0;0;1;0;0;0;0;1;1;0;0;0;1;0;1;0;1;0;2.67
1;1;0;0;1;0;0;0;1;1;1;0;0;0;0;1;0;1;0;1;0;1;0;0;0;1;1;0;0;0;0;1;0;1;0;0;0;1;0;0;1;6.31
1;0;1;1;1;0;0;1;0;1;0;1;0;1;1;1;0;1;0;1;0;0;0;1;0;1;1;0;0;0;0;1;0;0;1;0;0;1;0;1;0;10.19
1;0;1;1;1;0;0;1;0;1;0;1;0;0;1;1;1;0;0;1;0;0;1;0;0;1;1;0;0;0;0;1;0;1;0;0;0;1;0;0;1;9.93
1;0;1;1;1;0;0;1;0;1;0;1;0;0;1;1;1;0;0;1;0;0;0;1;0;1;0;1;0;0;0;1;1;0;0;0;0;1;0;1;0;20.47
1;0;1;0;1;0;0;1;0;1;0;1;0;1;1;1;0;0;1;1;1;0;0;0;0;1;1;0;0;0;0;1;0;0;0;0;1;1;0;0;1;1.89
1;0;1;0;1;0;0;1;0;1;0;1;0;1;1;1;0;1;0;1;0;1;0;0;0;1;0;0;0;1;0;1;0;0;0;0;1;1;0;0;1;1.45
1;0;1;1;1;0;0;1;0;1;0;1;0;0;1;1;1;0;0;1;0;1;0;0;0;1;1;0;0;0;0;1;1;0;0;0;0;1;1;0;0;53.11
1;0;1;1;1;0;0;1;0;1;0;1;0;0;1;1;1;0;0;1;0;0;0;1;0;1;0;0;0;1;0;1;0;1;0;0;0;1;1;0;0;18.98
1;0;1;0;1;0;0;1;0;1;0;1;0;1;1;1;0;0;1;1;0;0;0;0;1;1;0;0;0;1;0;1;0;0;0;1;0;1;0;1;0;1.51
1;0;1;0;1;0;0;1;0;1;0;1;0;1;1;1;0;1;0;1;1;0;0;0;0;1;0;0;0;0;1;1;1;0;0;0;0;1;0;0;1;26.8
1;0;1;0;1;0;0;1;0;1;0;1;0;1;1;1;1;0;0;1;0;0;1;0;0;1;0;0;0;1;0;1;0;1;0;0;0;1;1;0;0;39.01
1;0;1;0;1;0;0;1;0;1;0;1;0;1;1;1;0;0;1;1;0;0;1;0;0;1;0;0;0;1;0;1;0;1;0;0;0;1;1;0;0;39.84
1;0;1;0;1;0;0;1;0;1;0;1;0;1;1;1;0;0;1;1;0;1;0;0;0;1;1;0;0;0;0;1;0;0;0;0;1;1;1;0;0;2.65
1;0;1;0;1;0;0;1;0;1;0;1;0;0;1;1;1;0;0;1;0;0;0;0;1;1;0;0;0;1;0;1;0;0;0;1;0;1;0;1;0;0.34
1;0;1;0;1;0;0;1;0;1;0;1;0;0;1;1;0;1;0;1;0;0;0;1;0;1;1;0;0;0;0;1;1;0;0;0;0;1;0;0;1;33.11
1;0;1;0;1;0;0;1;0;1;0;1;0;0;1;1;0;0;1;1;0;1;0;0;0;1;0;1;0;0;0;1;0;1;0;0;0;1;0;0;1;5.45
1;0;1;0;1;0;0;1;0;1;0;1;0;0;1;1;1;0;0;1;0;0;0;1;0;1;0;0;1;0;0;1;0;0;0;0;1;1;1;0;0;0.66
1;0;1;1;1;0;0;1;0;1;0;1;0;1;0;1;1;0;0;1;1;0;0;0;0;1;0;0;0;0;1;1;0;0;1;0;0;1;0;0;1;5.91
1;0;1;1;1;0;0;1;0;1;0;1;0;1;0;1;1;0;0;1;1;0;0;0;0;1;0;0;0;1;0;1;0;1;0;0;0;1;0;1;0;13.99
1;0;1;1;1;0;0;1;0;1;0;1;0;0;0;1;0;1;0;1;1;0;0;0;0;1;0;0;0;0;1;1;0;1;0;0;0;1;0;0;1;5.03
1;0;1;1;1;0;0;1;0;1;0;1;0;0;0;1;0;0;1;1;1;0;0;0;0;1;0;1;0;0;0;1;0;0;0;0;1;1;0;0;1;0.22
1;0;1;0;1;0;0;1;0;1;0;1;0;1;0;1;0;1;0;1;1;0;0;0;0;1;0;0;1;0;0;1;1;0;0;0;0;1;1;0;0;90.91
1;0;1;1;1;0;0;1;0;1;0;1;0;0;0;1;1;0;0;1;1;0;0;0;0;1;0;1;0;0;0;1;0;0;1;0;0;1;0;1;0;3.02
1;1;0;1;1;0;0;0;1;1;1;0;0;1;1;1;0;1;0;1;1;0;0;0;0;1;0;0;0;0;1;1;1;0;0;0;0;1;0;0;1;26.91
1;1;0;0;1;0;1;0;0;1;1;0;0;1;0;1;0;0;1;1;1;0;0;0;0;1;0;0;1;0;0;1;1;0;0;0;0;1;0;0;1;25.2
1;1;0;1;1;0;0;0;1;1;1;0;0;0;1;1;0;0;1;1;0;1;0;0;0;1;0;0;1;0;0;1;0;0;0;1;0;1;0;0;1;2.96
1;1;0;1;1;0;1;0;0;1;1;0;0;0;0;1;1;0;0;1;0;0;0;1;0;1;1;0;0;0;0;1;0;0;1;0;0;1;0;1;0;3.73
1;1;0;1;1;0;0;0;1;1;1;0;0;0;1;1;1;0;0;1;0;0;1;0;0;1;0;1;0;0;0;1;1;0;0;0;0;1;0;1;0;14.41
1;1;0;1;1;0;0;0;1;1;1;0;0;0;1;1;0;0;1;1;1;0;0;0;0;1;0;1;0;0;0;1;0;0;1;0;0;1;0;1;0;2.8
1;1;0;0;1;0;0;0;1;1;1;0;0;1;1;1;0;0;1;1;0;0;0;1;0;1;0;0;0;1;0;1;0;1;0;0;0;1;0;0;1;11.36
1;1;0;0;1;0;0;0;1;1;1;0;0;1;1;1;0;1;0;1;0;0;0;1;0;1;0;0;0;0;1;1;0;1;0;0;0;1;0;0;1;11.05
1;1;0;1;1;0;0;0;1;1;1;0;0;0;1;1;1;0;0;1;0;0;0;1;0;1;0;0;1;0;0;1;0;1;0;0;0;1;1;0;0;11.55
1;1;0;0;1;0;1;0;0;1;1;0;0;0;1;1;0;1;0;1;1;0;0;0;0;1;1;0;0;0;0;1;0;0;1;0;0;1;0;0;1;3.16
1;1;0;0;1;0;1;0;0;1;1;0;0;0;1;1;0;1;0;1;0;0;0;0;1;1;0;1;0;0;0;1;0;0;0;1;0;1;0;0;1;3.68
1;1;0;0;1;0;1;0;0;1;1;0;0;0;0;1;1;0;0;1;0;0;0;0;1;1;0;0;0;0;1;1;0;0;0;1;0;1;0;0;1;3.14
1;1;0;1;1;0;1;0;0;1;1;0;0;0;0;1;0;1;0;1;0;1;0;0;0;1;0;0;0;1;0;1;0;0;1;0;0;1;1;0;0;4.85
1;1;0;1;1;0;1;0;0;1;1;0;0;0;0;1;1;0;0;1;0;1;0;0;0;1;0;1;0;0;0;1;0;0;0;0;1;1;1;0;0;3.85
1;1;0;0;1;0;1;0;0;1;1;0;0;0;0;1;1;0;0;1;0;0;1;0;0;1;0;0;1;0;0;1;0;0;0;0;1;1;0;1;0;2.55
1;1;0;0;1;0;1;0;0;1;1;0;0;0;0;1;1;0;0;1;0;0;0;1;0;1;0;1;0;0;0;1;0;0;0;1;0;1;0;0;1;3
1;1;0;0;1;0;1;0;0;1;1;0;0;0;0;1;0;0;1;1;1;0;0;0;0;1;0;1;0;0;0;1;0;0;0;1;0;1;1;0;0;4.15
1;1;0;1;1;0;1;0;0;1;1;0;0;1;1;1;1;0;0;1;0;0;1;0;0;1;0;0;1;0;0;1;0;0;0;0;1;1;0;1;0;5.21
1;1;0;1;1;0;1;0;0;1;1;0;0;1;1;1;0;0;1;1;0;1;0;0;0;1;0;0;0;0;1;1;0;0;1;0;0;1;1;0;0;16.52
1;1;0;1;1;0;1;0;0;1;1;0;0;1;1;1;1;0;0;1;0;0;1;0;0;1;0;1;0;0;0;1;0;0;0;1;0;1;1;0;0;11.98
1;1;0;1;1;0;1;0;0;1;1;0;0;1;0;1;0;0;1;1;0;1;0;0;0;1;0;1;0;0;0;1;0;1;0;0;0;1;0;0;1;11.47
1;1;0;1;1;0;1;0;0;1;1;0;0;1;1;1;0;0;1;1;0;0;0;0;1;1;1;0;0;0;0;1;1;0;0;0;0;1;1;0;0;76.96
1;1;0;0;1;0;1;0;0;1;1;0;0;1;1;1;0;0;1;1;0;1;0;0;0;1;0;1;0;0;0;1;0;0;1;0;0;1;0;0;1;6.97
1;1;0;1;1;0;1;0;0;1;1;0;0;1;0;1;1;0;0;1;0;0;0;1;0;1;1;0;0;0;0;1;0;0;0;1;0;1;1;0;0;11.95
1;1;0;0;1;0;1;0;0;1;1;0;0;1;1;1;1;0;0;1;0;0;1;0;0;1;0;1;0;0;0;1;1;0;0;0;0;1;0;1;0;21.53
1;1;0;0;1;0;0;1;0;1;1;0;0;1;0;1;0;1;0;1;0;1;0;0;0;1;0;1;0;0;0;1;0;0;0;1;0;1;0;0;1;6.6
1;1;0;1;1;0;0;1;0;1;1;0;0;0;0;1;0;0;1;1;0;0;1;0;0;1;0;0;0;0;1;1;0;0;1;0;0;1;1;0;0;5.82
1;1;0;0;1;0;0;1;0;1;1;0;0;1;0;1;0;1;0;1;1;0;0;0;0;1;0;1;0;0;0;1;1;0;0;0;0;1;0;1;0;25.43
1;1;0;0;1;0;0;1;0;1;1;0;0;1;0;1;1;0;0;1;0;0;0;0;1;1;0;0;0;1;0;1;1;0;0;0;0;1;0;1;0;20.73
1;1;0;0;1;0;0;1;0;1;1;0;0;1;0;1;1;0;0;1;0;0;0;1;0;1;0;0;0;0;1;1;0;0;0;1;0;1;0;1;0;5.11
1;1;0;0;1;0;0;1;0;1;1;0;0;1;0;1;0;0;1;1;0;0;0;1;0;1;1;0;0;0;0;1;0;0;0;0;1;1;0;1;0;9.47
1;1;0;0;1;0;0;1;0;1;1;0;0;1;0;1;1;0;0;1;0;0;1;0;0;1;1;0;0;0;0;1;0;0;0;0;1;1;1;0;0;13.03
1;1;0;0;1;0;0;1;0;1;1;0;0;0;0;1;0;1;0;1;0;0;1;0;0;1;0;0;0;0;1;1;0;1;0;0;0;1;0;1;0;5.47
1;1;0;1;1;0;1;0;0;1;1;0;0;1;0;1;1;0;0;1;0;0;0;0;1;1;0;0;0;1;0;1;0;0;1;0;0;1;0;1;0;7.16
1;1;0;0;1;0;0;1;0;1;1;0;0;0;0;1;0;1;0;1;0;0;0;0;1;1;0;0;1;0;0;1;0;0;1;0;0;1;1;0;0;6.42
1;1;0;0;1;0;1;0;0;1;0;1;0;0;0;1;1;0;0;1;0;0;0;1;0;1;1;0;0;0;0;1;0;0;1;0;0;1;1;0;0;5.49
1;1;0;0;1;0;1;0;0;1;0;1;0;0;0;1;1;0;0;1;0;0;0;0;1;1;0;0;0;0;1;1;0;0;1;0;0;1;1;0;0;6.29
1;1;0;0;1;0;1;0;0;1;0;1;0;0;0;1;0;1;0;1;0;0;0;1;0;1;0;0;1;0;0;1;0;0;0;1;0;1;1;0;0;7.66
1;1;0;0;1;0;0;1;0;1;1;0;0;1;1;1;0;0;1;1;0;1;0;0;0;1;0;0;0;0;1;1;0;0;0;0;1;1;0;0;1;6.53
1;1;0;0;1;0;0;1;0;1;1;0;0;1;1;1;1;0;0;1;0;0;0;0;1;1;0;0;0;1;0;1;0;0;0;0;1;1;1;0;0;12.24
1;1;0;1;1;0;0;1;0;1;1;0;0;0;1;1;1;0;0;1;0;1;0;0;0;1;0;0;0;1;0;1;0;0;0;1;0;1;0;0;1;2.45
1;1;0;0;1;0;0;1;0;1;1;0;0;1;1;1;0;1;0;1;0;1;0;0;0;1;0;1;0;0;0;1;0;1;0;0;0;1;1;0;0;29.69
1;1;0;1;1;0;0;1;0;1;1;0;0;0;1;1;1;0;0;1;0;0;0;1;0;1;1;0;0;0;0;1;0;0;1;0;0;1;1;0;0;4.34
1;1;0;0;1;0;0;1;0;1;1;0;0;0;1;1;1;0;0;1;0;0;1;0;0;1;0;1;0;0;0;1;0;0;1;0;0;1;0;1;0;2.65
1;1;0;0;1;0;0;1;0;1;1;0;0;0;1;1;0;0;1;1;0;0;0;1;0;1;0;0;1;0;0;1;0;0;0;0;1;1;0;1;0;3.24
1;1;0;0;1;0;0;1;0;1;1;0;0;0;1;1;1;0;0;1;0;0;0;0;1;1;0;0;0;1;0;1;0;0;1;0;0;1;1;0;0;4.93
1;1;0;1;1;0;0;1;0;1;1;0;0;1;0;1;0;1;0;1;0;1;0;0;0;1;0;0;0;1;0;1;0;0;0;0;1;1;0;1;0;6.59
1;1;0;1;1;0;0;1;0;1;1;0;0;1;0;1;0;1;0;1;1;0;0;0;0;1;0;0;0;0;1;1;0;0;1;0;0;1;0;0;1;7.2
1;1;0;1;1;0;0;1;0;1;1;0;0;1;0;1;0;1;0;1;0;1;0;0;0;1;0;0;0;0;1;1;0;1;0;0;0;1;0;1;0;11.49
1;1;0;1;1;0;0;1;0;1;1;0;0;0;0;1;0;1;0;1;0;1;0;0;0;1;0;0;0;1;0;1;0;0;0;0;1;1;0;0;1;3.01
1;1;0;1;1;0;0;1;0;1;1;0;0;1;0;1;0;0;1;1;0;0;1;0;0;1;0;0;1;0;0;1;1;0;0;0;0;1;1;0;0;76.47
1;1;0;1;1;0;0;1;0;1;1;0;0;1;0;1;1;0;0;1;0;0;1;0;0;1;1;0;0;0;0;1;0;1;0;0;0;1;1;0;0;23.46
1;1;0;1;1;0;1;0;0;1;0;1;0;1;0;1;0;0;1;1;1;0;0;0;0;1;0;1;0;0;0;1;0;0;0;0;1;1;0;1;0;6.2
1;1;0;1;1;0;1;0;0;1;0;1;0;1;0;1;1;0;0;1;0;0;0;1;0;1;0;0;0;1;0;1;0;0;1;0;0;1;0;0;1;7.04
1;1;0;1;1;0;1;0;0;1;0;1;0;0;0;1;1;0;0;1;0;0;1;0;0;1;0;1;0;0;0;1;0;0;0;1;0;1;0;1;0;2.61
1;1;0;0;1;0;1;0;0;1;0;1;0;1;0;1;0;1;0;1;1;0;0;0;0;1;0;1;0;0;0;1;0;0;0;0;1;1;1;0;0;17.07
1;1;0;0;1;0;1;0;0;1;0;1;0;1;1;1;0;0;1;1;0;0;0;0;1;1;0;0;1;0;0;1;1;0;0;0;0;1;0;0;1;25.2
1;1;0;0;1;0;0;1;0;1;0;1;0;0;0;1;0;0;1;1;1;0;0;0;0;1;1;0;0;0;0;1;0;0;0;1;0;1;0;1;0;3.23
1;1;0;0;1;0;0;1;0;1;0;1;0;0;0;1;0;0;1;1;0;0;1;0;0;1;0;0;1;0;0;1;0;0;0;1;0;1;0;1;0;3.18
1;1;0;0;1;0;0;1;0;1;0;1;0;0;0;1;0;0;1;1;0;0;1;0;0;1;0;0;1;0;0;1;0;0;1;0;0;1;0;0;1;3.32
1;1;0;1;1;0;1;0;0;1;0;1;0;1;1;1;0;0;1;1;0;0;1;0;0;1;0;1;0;0;0;1;0;0;0;0;1;1;0;0;1;6.3
1;1;0;1;1;0;1;0;0;1;0;1;0;1;1;1;0;0;1;1;1;0;0;0;0;1;0;0;1;0;0;1;1;0;0;0;0;1;0;1;0;25.22
1;1;0;1;1;0;1;0;0;1;0;1;0;0;1;1;1;0;0;1;1;0;0;0;0;1;0;0;0;1;0;1;0;0;0;0;1;1;0;0;1;2.29
1;1;0;0;1;0;1;0;0;1;0;1;0;1;1;1;0;1;0;1;1;0;0;0;0;1;0;1;0;0;0;1;0;0;0;0;1;1;1;0;0;17.3
1;1;0;0;1;0;0;1;0;1;0;1;0;0;1;1;0;1;0;1;0;0;1;0;0;1;0;0;1;0;0;1;0;0;0;1;0;1;1;0;0;5.24
1;1;0;0;1;0;0;1;0;1;0;1;0;0;1;1;0;0;1;1;0;0;1;0;0;1;1;0;0;0;0;1;0;0;0;0;1;1;1;0;0;5.27
1;1;0;0;1;0;1;0;0;1;0;1;0;1;0;1;0;1;0;1;0;1;0;0;0;1;0;0;1;0;0;1;0;0;1;0;0;1;0;0;1;7.15
1;1;0;0;1;0;0;1;0;1;0;1;0;1;0;1;0;0;1;1;0;1;0;0;0;1;0;0;0;0;1;1;0;0;0;1;0;1;0;1;0;6.31
1;1;0;1;1;0;0;1;0;1;0;1;0;0;1;1;1;0;0;1;0;0;1;0;0;1;0;0;1;0;0;1;0;0;0;1;0;1;0;1;0;2.49
1;1;0;0;1;0;0;1;0;1;0;1;0;0;1;1;0;1;0;1;0;0;0;1;0;1;0;0;0;1;0;1;0;0;1;0;0;1;0;0;1;3.57
1;1;0;0;1;0;0;1;0;1;0;1;0;0;1;1;0;1;0;1;0;1;0;0;0;1;1;0;0;0;0;1;0;0;0;1;0;1;0;0;1;3.53
1;1;0;1;1;0;0;1;0;1;0;1;0;0;0;1;0;0;1;1;0;1;0;0;0;1;0;0;0;0;1;1;0;0;0;0;1;1;0;1;0;3.04
1;1;0;1;1;0;0;1;0;1;0;1;0;0;0;1;0;0;1;1;0;0;0;0;1;1;0;1;0;0;0;1;0;1;0;0;0;1;0;0;1;6.69
1;1;0;1;1;0;0;1;0;1;0;1;0;0;0;1;1;0;0;1;0;0;0;0;1;1;0;1;0;0;0;1;0;1;0;0;0;1;1;0;0;11.38
1;1;0;1;1;0;0;1;0;1;0;1;0;0;0;1;0;0;1;1;1;0;0;0;0;1;0;1;0;0;0;1;0;0;1;0;0;1;1;0;0;4.43
1;1;0;1;1;0;0;1;0;1;0;1;0;0;0;1;1;0;0;1;0;0;1;0;0;1;0;0;1;0;0;1;0;0;0;1;0;1;1;0;0;3.8
1;1;0;0;1;0;0;0;1;1;0;1;0;0;1;1;0;0;1;1;0;0;0;1;0;1;0;0;1;0;0;1;0;0;0;0;1;1;0;1;0;3.37
1;1;0;0;1;0;0;0;1;1;0;1;0;0;1;1;0;1;0;1;0;0;0;0;1;1;0;0;1;0;0;1;0;0;0;0;1;1;0;1;0;3.36
1;1;0;1;1;0;0;0;1;1;0;1;0;0;0;1;0;0;1;1;0;0;0;0;1;1;0;1;0;0;0;1;1;0;0;0;0;1;1;0;0;56.27
1;1;0;0;1;0;0;0;1;1;0;1;0;0;0;1;1;0;0;1;0;0;1;0;0;1;0;1;0;0;0;1;0;0;0;0;1;1;1;0;0;3.79
1;1;0;1;1;0;0;1;0;1;0;1;0;1;1;1;0;1;0;1;0;0;0;0;1;1;0;1;0;0;0;1;0;1;0;0;0;1;0;0;1;11.87
1;1;0;1;1;0;0;1;0;1;0;1;0;1;0;1;1;0;0;1;0;0;0;1;0;1;1;0;0;0;0;1;0;0;0;0;1;1;1;0;0;12.28
1;1;0;1;1;0;0;1;0;1;0;1;0;1;0;1;0;0;1;1;0;0;0;1;0;1;0;1;0;0;0;1;1;0;0;0;0;1;0;1;0;25.52
1;1;0;0;1;0;0;1;0;1;0;1;0;1;1;1;1;0;0;1;1;0;0;0;0;1;0;1;0;0;0;1;0;0;0;0;1;1;0;1;0;5.14
1;1;0;0;1;0;0;1;0;1;0;1;0;1;1;1;0;1;0;1;0;1;0;0;0;1;0;0;0;0;1;1;1;0;0;0;0;1;0;0;1;25.13
1;1;0;0;1;0;0;1;0;1;0;1;0;1;1;1;1;0;0;1;0;1;0;0;0;1;0;0;0;1;0;1;1;0;0;0;0;1;1;0;0;61.62
1;1;0;0;1;0;0;1;0;1;0;1;0;1;1;1;0;0;1;1;0;0;0;0;1;1;0;0;1;0;0;1;0;0;0;1;0;1;1;0;0;16.27
1;1;0;0;1;0;0;1;0;1;0;1;0;1;0;1;0;1;0;1;0;1;0;0;0;1;1;0;0;0;0;1;0;0;0;0;1;1;1;0;0;17.19
1;1;0;0;1;0;0;1;0;1;0;1;0;1;0;1;0;0;1;1;1;0;0;0;0;1;1;0;0;0;0;1;1;0;0;0;0;1;0;1;0;41.94
1;1;0;0;1;1;0;0;0;1;0;1;0;1;1;1;0;1;0;1;0;0;0;1;0;1;1;0;0;0;0;1;0;0;1;0;0;1;0;0;1;10
1;1;0;0;1;1;0;0;0;1;0;1;0;1;0;1;0;0;1;1;0;1;0;0;0;1;0;0;0;0;1;1;0;0;0;1;0;1;0;1;0;8.19
1;1;0;0;1;1;0;0;0;1;0;1;0;1;1;1;1;0;0;1;0;0;0;1;0;1;1;0;0;0;0;1;0;0;1;0;0;1;1;0;0;14.49
1;1;0;0;1;1;0;0;0;1;0;1;0;0;1;1;0;1;0;1;0;1;0;0;0;1;0;0;1;0;0;1;0;0;0;1;0;1;0;1;0;2.93
1;1;0;0;1;1;0;0;0;1;0;1;0;0;1;1;1;0;0;1;0;0;0;0;1;1;0;0;0;1;0;1;0;0;1;0;0;1;1;0;0;4.22
1;1;0;0;1;1;0;0;0;1;0;1;0;0;0;1;0;0;1;1;0;1;0;0;0;1;0;0;0;0;1;1;0;1;0;0;0;1;0;1;0;4.98
1;1;0;0;1;1;0;0;0;1;0;1;0;0;0;1;1;0;0;1;0;1;0;0;0;1;0;1;0;0;0;1;0;0;0;1;0;1;0;1;0;2.39
1;1;0;1;1;0;0;0;1;1;0;1;0;1;1;1;0;1;0;1;0;0;0;1;0;1;1;0;0;0;0;1;0;0;1;0;0;1;1;0;0;19.56
1;1;0;1;1;0;0;0;1;1;0;1;0;1;1;1;0;1;0;1;0;0;1;0;0;1;0;0;0;1;0;1;0;0;0;1;0;1;1;0;0;18.36
1;1;0;1;1;0;0;0;1;1;0;1;0;1;1;1;0;1;0;1;0;0;0;1;0;1;0;0;0;1;0;1;0;0;1;0;0;1;0;1;0;7.84
1;1;0;0;1;0;0;0;1;1;0;1;0;1;1;1;1;0;0;1;0;0;0;0;1;1;0;0;0;1;0;1;0;0;1;0;0;1;0;0;1;7.16
1;1;0;0;1;0;0;0;1;1;0;1;0;1;1;1;0;1;0;1;1;0;0;0;0;1;0;0;0;1;0;1;0;0;0;0;1;1;0;0;1;6.78
1;1;0;0;1;0;0;0;1;1;0;1;0;1;1;1;1;0;0;1;0;0;0;1;0;1;0;1;0;0;0;1;0;0;0;0;1;1;1;0;0;12.49
1;1;0;0;1;0;0;0;1;1;0;1;0;1;1;1;0;1;0;1;0;0;0;0;1;1;1;0;0;0;0;1;0;0;1;0;0;1;0;1;0;10.3
1;1;0;0;1;0;0;0;1;1;0;1;0;1;1;1;0;0;1;1;0;0;1;0;0;1;0;0;1;0;0;1;0;0;0;1;0;1;0;1;0;6.27
1;1;0;1;1;0;0;0;1;1;0;1;0;0;1;1;0;0;1;1;0;1;0;0;0;1;0;0;0;0;1;1;0;1;0;0;0;1;0;0;1;5.09
1;1;0;1;1;0;0;0;1;1;0;1;0;0;1;1;1;0;0;1;0;0;0;0;1;1;0;0;1;0;0;1;1;0;0;0;0;1;0;0;1;16.01
1;1;0;1;1;0;0;0;1;1;0;1;0;0;1;1;0;1;0;1;0;0;0;1;0;1;0;0;1;0;0;1;0;0;0;0;1;1;1;0;0;6.27
1;1;0;1;1;0;0;0;1;1;0;1;0;1;0;1;0;1;0;1;0;1;0;0;0;1;0;1;0;0;0;1;0;0;1;0;0;1;1;0;0;18.31
1;1;0;1;1;0;0;0;1;1;0;1;0;1;0;1;1;0;0;1;1;0;0;0;0;1;0;0;1;0;0;1;0;0;0;0;1;1;1;0;0;13.08
1;1;0;1;1;0;0;0;1;1;0;1;0;1;0;1;1;0;0;1;0;0;0;0;1;1;0;0;1;0;0;1;0;0;0;0;1;1;1;0;0;13.35
1;1;0;1;1;0;0;0;1;1;0;1;0;0;0;1;0;1;0;1;0;1;0;0;0;1;0;0;1;0;0;1;0;0;0;1;0;1;0;0;1;3
1;1;0;1;1;0;0;0;1;1;0;1;0;1;0;1;1;0;0;1;0;1;0;0;0;1;0;0;0;0;1;1;1;0;0;0;0;1;1;0;0;60.82
1;1;0;1;1;0;0;0;1;1;0;1;0;1;0;1;1;0;0;1;0;0;0;1;0;1;1;0;0;0;0;1;0;1;0;0;0;1;1;0;0;23.65
1;1;0;1;1;0;0;0;1;1;0;1;0;1;0;1;0;1;0;1;1;0;0;0;0;1;0;0;0;1;0;1;0;1;0;0;0;1;1;0;0;29.48
1;1;0;0;1;0;0;0;1;1;0;1;0;0;0;1;0;1;0;1;0;0;1;0;0;1;0;1;0;0;0;1;0;0;0;0;1;1;0;0;1;3.57
1;1;0;0;1;0;0;0;1;1;0;1;0;1;0;1;1;0;0;1;0;0;0;1;0;1;1;0;0;0;0;1;0;0;0;1;0;1;1;0;0;13.08
1;1;0;1;1;0;0;1;0;1;0;1;0;1;1;1;0;0;1;1;0;0;0;0;1;1;1;0;0;0;0;1;1;0;0;0;0;1;0;1;0;42.07
1;1;0;1;1;0;0;1;0;1;0;1;0;1;0;1;1;0;0;1;0;0;0;1;0;1;0;0;1;0;0;1;0;0;0;0;1;1;0;0;1;5.11
1;1;0;1;1;0;0;1;0;1;0;1;0;1;1;1;1;0;0;1;0;0;0;0;1;1;1;0;0;0;0;1;1;0;0;0;0;1;1;0;0;60.6
1;1;0;1;1;0;0;1;0;1;0;1;0;1;1;1;0;1;0;1;0;0;0;1;0;1;0;0;0;0;1;1;1;0;0;0;0;1;1;0;0;76.7
1;1;0;1;1;0;0;1;0;1;0;1;0;1;1;1;0;0;1;1;0;0;0;1;0;1;0;0;1;0;0;1;0;1;0;0;0;1;1;0;0;29.42
1;1;0;0;1;1;0;0;0;1;1;0;0;0;0;1;1;0;0;1;0;0;1;0;0;1;0;0;0;1;0;1;0;0;0;1;0;1;0;1;0;2.6
1;1;0;1;1;1;0;0;0;1;0;1;0;0;1;1;1;0;0;1;0;0;1;0;0;1;0;0;1;0;0;1;0;0;0;1;0;1;0;1;0;2.6
1;1;0;1;1;1;0;0;0;1;1;0;0;0;0;1;1;0;0;1;0;1;0;0;0;1;0;0;0;0;1;1;1;0;0;0;0;1;0;1;0;12.68
1;1;0;0;1;1;0;0;0;1;1;0;0;0;1;1;0;1;0;1;1;0;0;0;0;1;1;0;0;0;0;1;0;0;0;1;0;1;0;1;0;3.03
1;1;0;0;1;1;0;0;0;1;1;0;0;0;1;1;1;0;0;1;0;0;0;0;1;1;0;1;0;0;0;1;0;0;1;0;0;1;0;0;1;2.64
1;1;0;0;1;1;0;0;0;1;1;0;0;0;1;1;1;0;0;1;0;0;1;0;0;1;1;0;0;0;0;1;0;1;0;0;0;1;1;0;0;10.49
1;1;0;1;1;1;0;0;0;1;1;0;0;0;0;1;0;0;1;1;0;1;0;0;0;1;0;0;1;0;0;1;0;0;0;1;0;1;0;0;1;2.91
1;1;0;1;1;1;0;0;0;1;1;0;0;0;0;1;0;1;0;1;0;0;1;0;0;1;0;1;0;0;0;1;0;0;0;0;1;1;0;0;1;3.03
1;1;0;1;1;1;0;0;0;1;1;0;0;0;0;1;0;0;1;1;0;0;1;0;0;1;0;1;0;0;0;1;0;0;0;0;1;1;0;0;1;3
1;1;0;1;1;1;0;0;0;1;0;1;0;1;0;1;1;0;0;1;0;0;0;0;1;1;0;1;0;0;0;1;0;0;1;0;0;1;0;0;1;7.15
1;1;0;1;1;1;0;0;0;1;0;1;0;0;1;1;1;0;0;1;0;1;0;0;0;1;1;0;0;0;0;1;0;0;0;1;0;1;1;0;0;3.34
1;1;0;1;1;1;0;0;0;1;0;1;0;0;0;1;0;1;0;1;0;0;0;0;1;1;0;1;0;0;0;1;0;0;1;0;0;1;1;0;0;5.84
1;1;0;0;1;1;0;0;0;1;1;0;0;0;0;1;1;0;0;1;0;0;0;0;1;1;0;0;0;0;1;1;0;0;0;1;0;1;1;0;0;4.54
1;1;0;1;1;1;0;0;0;1;0;1;0;1;0;1;1;0;0;1;0;0;1;0;0;1;0;0;0;1;0;1;0;1;0;0;0;1;0;1;0;9.61
1;1;0;1;1;1;0;0;0;1;0;1;0;1;0;1;0;0;1;1;0;1;0;0;0;1;0;1;0;0;0;1;0;0;0;1;0;1;0;1;0;6.25
1;1;0;1;1;1;0;0;0;1;0;1;0;1;1;1;0;0;1;1;0;0;0;0;1;1;0;0;1;0;0;1;1;0;0;0;0;1;0;1;0;24.99
1;0;1;0;1;0;0;0;1;1;0;0;1;0;0;1;0;0;1;1;0;0;0;0;1;1;0;0;0;1;0;1;0;1;0;0;0;1;0;1;0;5.85
1;0;1;0;1;0;0;0;1;1;0;0;1;0;0;1;0;1;0;1;0;0;1;0;0;1;0;1;0;0;0;1;0;0;0;0;1;1;0;1;0;0.25
1;1;0;1;1;1;0;0;0;1;0;1;0;1;0;1;0;1;0;1;1;0;0;0;0;1;0;1;0;0;0;1;0;0;1;0;0;1;1;0;0;17.22
1;1;0;0;1;1;0;0;0;1;1;0;0;1;0;1;1;0;0;1;0;0;0;0;1;1;0;0;0;0;1;1;0;1;0;0;0;1;0;1;0;10.44
1;0;1;1;1;0;0;0;1;1;0;0;1;0;0;1;1;0;0;1;1;0;0;0;0;1;0;0;1;0;0;1;1;0;0;0;0;1;0;1;0;15.57
1;1;0;1;1;1;0;0;0;1;1;0;0;1;1;1;1;0;0;1;1;0;0;0;0;1;0;0;0;0;1;1;0;1;0;0;0;1;0;0;1;10.18
1;1;0;1;1;1;0;0;0;1;1;0;0;1;1;1;0;0;1;1;0;0;0;1;0;1;0;0;1;0;0;1;0;0;0;1;0;1;0;0;1;6.29
1;0;1;0;1;0;0;0;1;1;0;0;1;0;1;1;0;1;0;1;1;0;0;0;0;1;0;0;1;0;0;1;0;1;0;0;0;1;0;1;0;4.75
1;1;0;0;1;1;0;0;0;1;1;0;0;1;1;1;0;0;1;1;0;0;1;0;0;1;0;0;1;0;0;1;0;0;0;1;0;1;0;1;0;6.41
1;0;1;1;1;0;0;0;1;1;0;0;1;0;0;1;0;0;1;1;0;1;0;0;0;1;0;0;0;0;1;1;1;0;0;0;0;1;1;0;0;50.39
1;1;0;1;1;1;0;0;0;1;1;0;0;1;1;1;0;1;0;1;0;1;0;0;0;1;1;0;0;0;0;1;0;0;0;0;1;1;1;0;0;16.78
1;0;1;1;1;0;0;0;1;1;0;0;1;0;0;1;0;0;1;1;0;1;0;0;0;1;0;0;0;0;1;1;0;0;0;0;1;1;0;0;1;0.25
1;0;1;0;1;0;0;0;1;1;0;0;1;0;1;1;0;1;0;1;0;0;1;0;0;1;0;0;1;0;0;1;0;1;0;0;0;1;1;0;0;17.34
1;1;0;0;1;1;0;0;0;1;1;0;0;1;1;1;0;1;0;1;0;0;1;0;0;1;0;1;0;0;0;1;1;0;0;0;0;1;1;0;0;76.45
1;1;0;0;1;1;0;0;0;1;1;0;0;1;1;1;0;0;1;1;1;0;0;0;0;1;0;0;0;1;0;1;0;0;1;0;0;1;0;0;1;6.94
1;0;1;1;1;0;0;0;1;1;0;0;1;0;1;1;0;0;1;1;0;0;0;1;0;1;0;0;0;0;1;1;0;0;0;1;0;1;0;1;0;0.34
1;0;1;0;1;0;0;0;1;1;0;0;1;0;1;1;0;1;0;1;0;0;0;0;1;1;0;0;1;0;0;1;0;0;0;1;0;1;0;0;1;0.33
1;0;1;0;1;0;0;0;1;1;0;0;1;0;1;1;0;1;0;1;0;0;0;1;0;1;0;1;0;0;0;1;0;0;0;0;1;1;0;0;1;0.24
1;1;0;1;1;1;0;0;0;1;1;0;0;1;0;1;0;0;1;1;0;0;1;0;0;1;0;0;1;0;0;1;0;0;0;1;0;1;1;0;0;15.6
1;0;1;1;1;0;0;0;1;1;0;0;1;0;1;1;0;0;1;1;1;0;0;0;0;1;0;0;0;0;1;1;0;0;0;1;0;1;1;0;0;0.64
1;0;1;1;1;0;0;0;1;1;0;0;1;0;1;1;0;1;0;1;0;0;1;0;0;1;0;0;1;0;0;1;1;0;0;0;0;1;0;1;0;20.19
1;0;1;1;1;0;0;1;0;1;0;0;1;0;1;1;1;0;0;1;0;1;0;0;0;1;0;0;1;0;0;1;0;0;0;0;1;1;0;1;0;0.24
1;0;1;0;1;0;0;0;1;1;0;0;1;1;1;1;0;0;1;1;0;0;0;1;0;1;0;0;1;0;0;1;0;0;1;0;0;1;0;0;1;6.22
1;0;1;0;1;0;0;0;1;1;0;0;1;1;1;1;0;1;0;1;0;0;0;0;1;1;0;1;0;0;0;1;0;0;0;0;1;1;0;0;1;1.48
1;0;1;0;1;0;0;0;1;1;0;0;1;1;1;1;0;0;1;1;0;0;1;0;0;1;0;0;0;0;1;1;0;1;0;0;0;1;1;0;0;39.28
1;0;1;0;1;0;0;1;0;1;0;0;1;0;0;1;0;1;0;1;0;1;0;0;0;1;1;0;0;0;0;1;0;0;1;0;0;1;1;0;0;8.62
1;0;1;0;1;0;0;1;0;1;0;0;1;0;0;1;0;1;0;1;0;1;0;0;0;1;0;0;1;0;0;1;0;0;0;0;1;1;1;0;0;0.58
1;0;1;0;1;0;0;1;0;1;0;0;1;1;0;1;0;1;0;1;1;0;0;0;0;1;0;0;0;0;1;1;0;0;1;0;0;1;0;1;0;6.08
1;0;1;1;1;0;0;0;1;1;0;0;1;1;1;1;1;0;0;1;0;1;0;0;0;1;0;0;0;1;0;1;0;1;0;0;0;1;0;1;0;13.53
1;1;0;0;1;1;0;0;0;1;1;0;0;1;0;1;0;0;1;1;0;0;1;0;0;1;0;0;1;0;0;1;0;0;0;1;0;1;1;0;0;16.89
1;0;1;0;1;0;0;0;1;1;0;0;1;1;0;1;1;0;0;1;0;0;0;1;0;1;0;0;0;1;0;1;0;1;0;0;0;1;0;1;0;13.82
1;0;1;0;1;0;0;0;1;1;0;0;1;1;0;1;0;0;1;1;0;1;0;0;0;1;0;1;0;0;0;1;0;0;0;0;1;1;0;1;0;1.53
1;0;1;0;1;0;0;0;1;1;0;0;1;1;0;1;1;0;0;1;0;1;0;0;0;1;1;0;0;0;0;1;0;0;1;0;0;1;0;0;1;10.19
1;0;1;1;1;0;0;1;0;1;0;0;1;1;1;1;0;0;1;1;0;0;1;0;0;1;0;1;0;0;0;1;0;1;0;0;0;1;1;0;0;39.42
1;0;1;0;1;1;0;0;0;1;0;0;1;0;0;1;1;0;0;1;0;0;1;0;0;1;0;0;0;0;1;1;0;0;0;1;0;1;1;0;0;0.75
1;0;1;1;1;1;0;0;0;1;0;0;1;0;0;1;1;0;0;1;0;0;0;0;1;1;0;0;1;0;0;1;1;0;0;0;0;1;1;0;0;59.57
1;0;1;0;1;0;0;1;0;1;0;0;1;0;1;1;0;0;1;1;0;0;0;1;0;1;0;0;0;1;0;1;0;0;0;0;1;1;0;0;1;0.26
1;0;1;0;1;1;0;0;0;1;0;0;1;0;1;1;0;0;1;1;0;0;0;0;1;1;0;1;0;0;0;1;1;0;0;0;0;1;1;0;0;59.38
1;0;1;1;1;0;0;1;0;1;0;0;1;1;1;1;0;0;1;1;0;0;1;0;0;1;1;0;0;0;0;1;0;0;0;0;1;1;1;0;0;2.49
1;0;1;1;1;0;0;1;0;1;0;0;1;1;1;1;1;0;0;1;0;1;0;0;0;1;0;0;1;0;0;1;0;0;0;0;1;1;1;0;0;2.52
1;0;1;0;1;0;0;1;0;1;0;0;1;1;1;1;0;0;1;1;1;0;0;0;0;1;0;0;0;0;1;1;0;0;1;0;0;1;0;0;1;5.98
1;0;1;1;1;0;0;1;0;1;0;0;1;0;1;1;0;0;1;1;0;0;0;0;1;1;0;0;1;0;0;1;1;0;0;0;0;1;1;0;0;63.56
1;0;1;0;1;1;0;0;0;1;0;0;1;0;0;1;0;0;1;1;0;1;0;0;0;1;0;0;1;0;0;1;0;0;0;1;0;1;0;1;0;0.26
1;0;1;0;1;1;0;0;0;1;0;0;1;0;0;1;0;0;1;1;0;0;0;1;0;1;0;1;0;0;0;1;0;0;1;0;0;1;0;0;1;3.02
1;0;1;1;1;0;0;1;0;1;0;0;1;1;0;1;0;1;0;1;0;1;0;0;0;1;0;1;0;0;0;1;0;1;0;0;0;1;0;1;0;13.59
1;0;1;0;1;0;0;0;1;1;0;0;1;1;0;1;1;0;0;1;0;0;0;1;0;1;0;0;0;0;1;1;0;0;1;0;0;1;1;0;0;18.73
1;0;1;0;1;0;0;0;1;1;0;0;1;1;0;1;0;0;1;1;0;0;0;1;0;1;0;0;0;0;1;1;0;0;1;0;0;1;1;0;0;18.45
1;1;0;1;1;0;0;1;0;1;0;0;1;0;0;1;1;0;0;1;1;0;0;0;0;1;0;0;1;0;0;1;1;0;0;0;0;1;0;0;1;12.64
1;0;1;1;1;1;0;0;0;1;0;0;1;1;0;1;0;0;1;1;0;0;1;0;0;1;0;0;0;1;0;1;0;0;1;0;0;1;0;1;0;5.71
1;0;1;1;1;1;0;0;0;1;0;0;1;1;0;1;0;1;0;1;0;0;0;0;1;1;0;0;0;1;0;1;0;0;0;1;0;1;0;1;0;1.56
1;0;1;1;1;1;0;0;0;1;0;0;1;1;1;1;0;1;0;1;0;0;0;0;1;1;0;0;0;0;1;1;0;1;0;0;0;1;1;0;0;38.53
1;0;1;1;1;1;0;0;0;1;0;0;1;1;1;1;0;0;1;1;0;1;0;0;0;1;0;0;1;0;0;1;0;0;1;0;0;1;1;0;0;17.39
1;1;0;0;1;0;0;1;0;1;0;0;1;0;0;1;0;0;1;1;0;0;1;0;0;1;1;0;0;0;0;1;1;0;0;0;0;1;0;1;0;22.7
1;1;0;1;1;0;0;1;0;1;0;0;1;0;1;1;0;1;0;1;0;0;1;0;0;1;0;0;0;0;1;1;0;0;0;1;0;1;0;1;0;3.08
1;1;0;1;1;0;0;1;0;1;0;0;1;0;1;1;0;0;1;1;0;0;0;0;1;1;0;0;0;0;1;1;0;0;0;0;1;1;0;0;1;3.34
1;1;0;1;1;0;0;1;0;1;0;0;1;0;0;1;0;0;1;1;0;0;0;1;0;1;0;1;0;0;0;1;0;1;0;0;0;1;1;0;0;12.43
1;1;0;0;1;0;0;1;0;1;0;0;1;0;1;1;0;1;0;1;0;0;0;0;1;1;0;0;1;0;0;1;0;0;0;1;0;1;1;0;0;6.18
1;0;1;1;1;1;0;0;0;1;0;0;1;1;1;1;0;0;1;1;0;0;1;0;0;1;0;0;0;0;1;1;0;0;0;1;0;1;0;1;0;1.52
1;0;1;1;1;1;0;0;0;1;0;0;1;1;1;1;1;0;0;1;0;0;0;0;1;1;0;0;0;0;1;1;0;0;0;1;0;1;0;0;1;1.52
1;0;1;1;1;1;0;0;0;1;0;0;1;1;0;1;1;0;0;1;0;0;0;0;1;1;0;0;0;0;1;1;0;1;0;0;0;1;0;0;1;13.75
1;0;1;1;1;1;0;0;0;1;0;0;1;1;0;1;0;0;1;1;0;0;0;0;1;1;1;0;0;0;0;1;0;0;0;0;1;1;0;0;1;1.73
1;0;1;0;1;1;0;0;0;1;0;0;1;1;0;1;0;1;0;1;0;1;0;0;0;1;0;0;1;0;0;1;0;0;0;0;1;1;0;0;1;1.54
1;1;0;1;1;0;0;1;0;1;0;0;1;0;1;1;0;0;1;1;0;1;0;0;0;1;0;0;0;0;1;1;0;0;0;1;0;1;1;0;0;4.82
1;1;0;1;1;0;0;1;0;1;0;0;1;0;0;1;1;0;0;1;0;0;0;1;0;1;0;0;0;0;1;1;0;0;0;1;0;1;0;0;1;2.57
1;1;0;0;1;0;0;1;0;1;0;0;1;0;1;1;0;0;1;1;1;0;0;0;0;1;0;0;0;1;0;1;0;1;0;0;0;1;1;0;0;8.24
1;1;0;0;1;0;0;1;0;1;0;0;1;0;1;1;0;0;1;1;0;0;0;0;1;1;1;0;0;0;0;1;0;0;1;0;0;1;1;0;0;6.35
1;0;1;0;1;1;0;0;0;1;0;0;1;1;0;1;1;0;0;1;1;0;0;0;0;1;0;1;0;0;0;1;0;0;0;1;0;1;1;0;0;2.75
1;1;0;0;1;0;0;1;0;1;0;0;1;1;1;1;0;0;1;1;1;0;0;0;0;1;0;1;0;0;0;1;1;0;0;0;0;1;0;0;1;25.22
1;1;0;0;1;0;0;1;0;1;0;0;1;1;1;1;1;0;0;1;0;1;0;0;0;1;0;1;0;0;0;1;1;0;0;0;0;1;0;0;1;21.32
1;1;0;1;1;0;0;1;0;1;0;0;1;1;1;1;0;1;0;1;0;0;0;0;1;1;0;0;0;0;1;1;0;0;1;0;0;1;1;0;0;17.94
1;1;0;1;1;0;0;1;0;1;0;0;1;1;1;1;0;1;0;1;0;1;0;0;0;1;0;0;0;1;0;1;0;0;0;1;0;1;1;0;0;17.56
1;1;0;1;1;0;0;1;0;1;0;0;1;1;1;1;0;1;0;1;0;0;1;0;0;1;0;0;1;0;0;1;0;1;0;0;0;1;0;1;0;11.92
1;1;0;1;1;0;0;1;0;1;0;0;1;1;1;1;1;0;0;1;0;0;0;1;0;1;0;0;1;0;0;1;0;1;0;0;0;1;0;1;0;9.7
1;1;0;1;1;0;0;1;0;1;0;0;1;1;1;1;0;1;0;1;1;0;0;0;0;1;0;0;0;1;0;1;0;1;0;0;0;1;0;1;0;11.8
1;1;0;1;1;0;0;1;0;1;0;0;1;1;1;1;0;0;1;1;1;0;0;0;0;1;0;0;0;0;1;1;0;0;0;0;1;1;0;1;0;6.37
1;1;0;1;1;0;0;1;0;1;0;0;1;1;1;1;0;0;1;1;0;0;1;0;0;1;0;0;1;0;0;1;0;1;0;0;0;1;0;0;1;11.04
1;1;0;1;1;0;0;1;0;1;0;0;1;1;1;1;1;0;0;1;0;0;0;1;0;1;0;0;1;0;0;1;0;0;0;1;0;1;0;0;1;5.09
1;1;0;0;1;1;0;0;0;1;0;0;1;0;0;1;1;0;0;1;0;0;1;0;0;1;1;0;0;0;0;1;0;1;0;0;0;1;0;1;0;6.3
1;1;0;0;1;1;0;0;0;1;0;0;1;0;0;1;1;0;0;1;1;0;0;0;0;1;0;0;0;0;1;1;0;1;0;0;0;1;0;1;0;4.13
1;1;0;0;1;0;0;1;0;1;0;0;1;1;0;1;0;1;0;1;1;0;0;0;0;1;0;0;0;1;0;1;1;0;0;0;0;1;1;0;0;77.68
1;1;0;0;1;0;0;1;0;1;0;0;1;1;0;1;1;0;0;1;0;1;0;0;0;1;1;0;0;0;0;1;1;0;0;0;0;1;0;1;0;34.62
1;1;0;0;1;1;0;0;0;1;0;0;1;0;1;1;0;0;1;1;0;0;1;0;0;1;0;0;0;1;0;1;0;1;0;0;0;1;0;0;1;5.29
1;1;0;0;1;0;0;0;1;1;0;0;1;0;0;1;0;0;1;1;0;1;0;0;0;1;0;0;1;0;0;1;1;0;0;0;0;1;0;0;1;13.21
1;1;0;1;1;1;0;0;0;1;0;0;1;0;1;1;0;1;0;1;0;0;1;0;0;1;0;0;0;1;0;1;0;0;0;1;0;1;1;0;0;4.74
1;1;0;1;1;1;0;0;0;1;0;0;1;0;1;1;1;0;0;1;0;1;0;0;0;1;0;0;1;0;0;1;0;0;0;0;1;1;1;0;0;3.82
1;1;0;1;1;1;0;0;0;1;0;0;1;0;1;1;0;1;0;1;0;0;1;0;0;1;0;0;0;1;0;1;0;0;0;0;1;1;1;0;0;4.68
1;1;0;1;1;1;0;0;0;1;0;0;1;0;0;1;1;0;0;1;0;0;0;1;0;1;0;0;0;0;1;1;0;0;0;1;0;1;0;1;0;2.49
1;1;0;1;1;1;0;0;0;1;0;0;1;0;0;1;0;0;1;1;1;0;0;0;0;1;0;0;0;1;0;1;0;0;0;0;1;1;0;1;0;2.58
1;1;0;0;1;1;0;0;0;1;0;0;1;1;1;1;0;1;0;1;0;1;0;0;0;1;0;0;1;0;0;1;0;0;0;1;0;1;0;0;1;6.53
1;1;0;0;1;1;0;0;0;1;0;0;1;0;1;1;1;0;0;1;0;1;0;0;0;1;0;0;0;0;1;1;0;0;0;0;1;1;1;0;0;3.39
1;1;0;0;1;1;0;0;0;1;0;0;1;0;1;1;1;0;0;1;1;0;0;0;0;1;0;0;0;0;1;1;1;0;0;0;0;1;0;1;0;12.5
1;1;0;0;1;1;0;0;0;1;0;0;1;1;0;1;1;0;0;1;0;0;0;1;0;1;1;0;0;0;0;1;1;0;0;0;0;1;0;1;0;33.67
1;1;0;0;1;1;0;0;0;1;0;0;1;1;0;1;0;1;0;1;0;0;0;0;1;1;0;1;0;0;0;1;1;0;0;0;0;1;0;1;0;25.13
1;1;0;0;1;1;0;0;0;1;0;0;1;1;0;1;0;1;0;1;0;1;0;0;0;1;0;1;0;0;0;1;0;1;0;0;0;1;0;1;0;11.57
1;1;0;0;1;1;0;0;0;1;0;0;1;1;0;1;0;0;1;1;0;1;0;0;0;1;0;1;0;0;0;1;0;0;0;1;0;1;0;1;0;6.27
1;1;0;0;1;0;0;0;1;1;0;0;1;0;0;1;1;0;0;1;0;0;0;0;1;1;0;0;0;0;1;1;0;0;0;0;1;1;1;0;0;4.21
1;1;0;0;1;1;0;0;0;1;0;0;1;1;1;1;0;0;1;1;0;1;0;0;0;1;1;0;0;0;0;1;0;0;0;1;0;1;0;1;0;9.3
1;1;0;0;1;1;0;0;0;1;0;0;1;1;1;1;1;0;0;1;0;1;0;0;0;1;0;0;1;0;0;1;0;0;0;0;1;1;0;1;0;4.98
1;1;0;1;1;1;0;0;0;1;0;0;1;1;1;1;0;0;1;1;0;0;0;1;0;1;1;0;0;0;0;1;0;0;0;1;0;1;1;0;0;16.12
1;1;0;1;1;1;0;0;0;1;0;0;1;1;1;1;0;0;1;1;0;0;0;1;0;1;0;0;1;0;0;1;0;0;0;0;1;1;1;0;0;15.56
1;1;0;1;1;1;0;0;0;1;0;0;1;1;1;1;0;0;1;1;1;0;0;0;0;1;0;1;0;0;0;1;0;1;0;0;0;1;0;1;0;11.31
1;1;0;1;1;1;0;0;0;1;0;0;1;1;0;1;0;1;0;1;0;1;0;0;0;1;1;0;0;0;0;1;1;0;0;0;0;1;0;1;0;45.62
1;1;0;0;1;1;0;0;0;1;0;0;1;1;0;1;0;0;1;1;1;0;0;0;0;1;0;0;1;0;0;1;0;0;1;0;0;1;1;0;0;16.23
1;1;0;0;1;1;0;0;0;1;0;0;1;0;1;1;0;0;1;1;0;0;0;1;0;1;0;0;0;1;0;1;0;0;0;0;1;1;0;0;1;3.09
1;1;0;0;1;1;0;0;0;1;0;0;1;1;1;1;1;0;0;1;0;1;0;0;0;1;0;1;0;0;0;1;1;0;0;0;0;1;1;0;0;60.91
1;1;0;0;1;1;0;0;0;1;0;0;1;1;1;1;0;0;1;1;0;1;0;0;0;1;0;0;1;0;0;1;1;0;0;0;0;1;1;0;0;76.46
1;1;0;0;1;1;0;0;0;1;0;0;1;1;1;1;0;0;1;1;0;0;1;0;0;1;0;0;1;0;0;1;0;0;0;1;0;1;1;0;0;15.46
1;1;0;1;1;0;0;0;1;1;0;0;1;0;1;1;1;0;0;1;0;1;0;0;0;1;0;0;0;0;1;1;0;0;0;1;0;1;1;0;0;3.48
1;1;0;1;1;0;0;0;1;1;0;0;1;0;1;1;1;0;0;1;0;0;1;0;0;1;0;0;0;1;0;1;0;0;0;0;1;1;1;0;0;3.72
1;1;0;1;1;0;0;0;1;1;0;0;1;0;1;1;0;1;0;1;0;0;1;0;0;1;1;0;0;0;0;1;1;0;0;0;0;1;0;1;0;22.59
1;1;0;1;1;0;0;0;1;1;0;0;1;0;0;1;0;0;1;1;0;1;0;0;0;1;0;1;0;0;0;1;1;0;0;0;0;1;0;1;0;13.17
1;1;0;1;1;0;0;0;1;1;0;0;1;1;0;1;0;0;1;1;1;0;0;0;0;1;0;1;0;0;0;1;0;0;1;0;0;1;0;1;0;7.09
1;1;0;1;1;0;0;0;1;1;0;0;1;0;0;1;0;1;0;1;0;0;0;1;0;1;0;1;0;0;0;1;1;0;0;0;0;1;0;0;1;16.68
1;1;0;1;1;0;0;0;1;1;0;0;1;0;0;1;0;0;1;1;0;0;0;0;1;1;0;1;0;0;0;1;1;0;0;0;0;1;0;0;1;17.54
1;1;0;0;1;0;0;0;1;1;0;0;1;1;0;1;0;1;0;1;0;1;0;0;0;1;1;0;0;0;0;1;0;0;1;0;0;1;0;0;1;10.32
1;1;0;0;1;0;1;0;0;1;0;0;1;0;0;1;1;0;0;1;0;0;0;0;1;1;0;0;0;0;1;1;0;0;0;0;1;1;0;1;0;3.01
1;1;0;0;1;0;1;0;0;1;0;0;1;0;0;1;0;0;1;1;0;0;0;0;1;1;0;0;0;1;0;1;1;0;0;0;0;1;0;0;1;17.77
1;1;0;0;1;0;0;0;1;1;0;0;1;1;0;1;0;1;0;1;0;0;1;0;0;1;0;1;0;0;0;1;1;0;0;0;0;1;1;0;0;77.61
1;1;0;0;1;0;0;0;1;1;0;0;1;1;0;1;0;1;0;1;1;0;0;0;0;1;0;0;0;1;0;1;0;0;1;0;0;1;1;0;0;17.91
1;1;0;0;1;0;0;0;1;1;0;0;1;1;0;1;1;0;0;1;0;0;0;0;1;1;0;0;1;0;0;1;0;1;0;0;0;1;0;1;0;10.03
1;1;0;1;1;0;0;0;1;1;0;0;1;1;0;1;1;0;0;1;1;0;0;0;0;1;0;0;0;1;0;1;0;0;0;0;1;1;0;0;1;5.08
1;1;0;0;1;0;0;0;1;1;0;0;1;1;1;1;0;0;1;1;0;0;0;1;0;1;1;0;0;0;0;1;0;0;0;1;0;1;1;0;0;15.94
1;1;0;0;1;0;1;0;0;1;0;0;1;0;1;1;1;0;0;1;0;0;0;0;1;1;0;0;0;0;1;1;0;0;0;1;0;1;0;1;0;3.12
1;1;0;1;1;0;1;0;0;1;0;0;1;0;1;1;0;1;0;1;0;0;0;1;0;1;1;0;0;0;0;1;0;0;0;0;1;1;0;1;0;4.52
1;1;0;1;1;0;1;0;0;1;0;0;1;0;1;1;1;0;0;1;0;0;1;0;0;1;0;0;1;0;0;1;0;0;0;1;0;1;1;0;0;4.31
1;1;0;0;1;0;1;0;0;1;0;0;1;1;0;1;0;1;0;1;0;1;0;0;0;1;0;1;0;0;0;1;0;0;0;1;0;1;0;0;1;6.67
1;1;0;0;1;0;1;0;0;1;0;0;1;1;0;1;1;0;0;1;0;0;0;0;1;1;0;0;0;1;0;1;0;0;0;0;1;1;0;0;1;5.25
1;1;0;1;1;0;1;0;0;1;0;0;1;0;0;1;0;1;0;1;0;1;0;0;0;1;0;0;0;1;0;1;0;0;0;1;0;1;1;0;0;4.75
1;1;0;1;1;0;1;0;0;1;0;0;1;0;0;1;0;0;1;1;0;1;0;0;0;1;0;1;0;0;0;1;1;0;0;0;0;1;0;1;0;15.64
1;1;0;0;1;0;1;0;0;1;0;0;1;1;0;1;1;0;0;1;0;0;0;1;0;1;0;0;0;1;0;1;1;0;0;0;0;1;0;1;0;21.41
1;1;0;0;1;0;1;0;0;1;0;0;1;1;0;1;0;0;1;1;0;0;1;0;0;1;0;1;0;0;0;1;0;0;0;1;0;1;0;1;0;6.48
1;1;0;1;1;0;1;0;0;1;0;0;1;1;0;1;0;1;0;1;0;0;0;0;1;1;0;0;1;0;0;1;0;0;0;0;1;1;1;0;0;17.17
1;1;0;0;1;0;1;0;0;1;0;0;1;0;1;1;1;0;0;1;1;0;0;0;0;1;1;0;0;0;0;1;0;0;1;0;0;1;0;0;1;2.61
1;1;0;1;1;0;1;0;0;1;0;0;1;1;1;1;1;0;0;1;0;0;0;1;0;1;0;0;0;1;0;1;0;0;0;1;0;1;1;0;0;11.94
1;0;1;1;1;0;1;0;0;1;0;0;1;0;0;1;0;0;1;1;0;1;0;0;0;1;0;0;1;0;0;1;0;0;0;1;0;1;1;0;0;0.86
1;1;0;0;1;0;1;0;0;1;0;0;1;1;0;1;0;0;1;1;0;0;0;0;1;1;0;1;0;0;0;1;1;0;0;0;0;1;1;0;0;81.14
1;1;0;1;1;0;1;0;0;1;0;0;1;1;0;1;0;1;0;1;0;0;0;1;0;1;1;0;0;0;0;1;0;0;0;0;1;1;0;0;1;10.37
1;0;1;0;1;0;1;0;0;1;0;0;1;0;1;1;0;1;0;1;0;1;0;0;0;1;0;0;1;0;0;1;0;0;1;0;0;1;0;0;1;2.84
1;0;1;1;1;0;1;0;0;1;0;0;1;1;0;1;0;0;1;1;1;0;0;0;0;1;1;0;0;0;0;1;0;0;1;0;0;1;1;0;0;17.82
1;0;1;1;1;0;1;0;0;1;0;0;1;1;0;1;0;1;0;1;1;0;0;0;0;1;0;0;0;0;1;1;1;0;0;0;0;1;0;1;0;27.06
1;0;1;0;1;0;1;0;0;1;0;0;1;1;0;1;1;0;0;1;0;1;0;0;0;1;0;0;0;0;1;1;0;0;0;1;0;1;1;0;0;2.74
1;0;1;1;1;0;0;1;0;1;0;1;0;1;1;1;1;0;0;1;0;0;0;1;0;1;0;0;0;1;0;1;0;0;0;1;0;1;0;1;0;1.52
1;0;1;1;1;0;0;1;0;1;0;1;0;1;1;1;0;0;1;1;0;0;0;0;1;1;1;0;0;0;0;1;0;1;0;0;0;1;0;0;1;22.44
1;0;1;1;1;0;0;1;0;1;0;1;0;1;1;1;0;0;1;1;0;1;0;0;0;1;0;1;0;0;0;1;0;1;0;0;0;1;0;0;1;13.06
1;0;1;1;1;0;1;0;0;1;0;0;1;1;1;1;1;0;0;1;0;1;0;0;0;1;1;0;0;0;0;1;1;0;0;0;0;1;0;0;1;47.17
1;0;1;0;1;0;1;0;0;1;0;0;1;1;1;1;1;0;0;1;0;0;1;0;0;1;0;0;0;0;1;1;0;1;0;0;0;1;0;1;0;13.8
1;0;1;1;1;0;1;0;0;1;0;0;1;1;1;1;0;1;0;1;0;0;1;0;0;1;0;0;1;0;0;1;0;0;1;0;0;1;1;0;0;18.9
1;0;1;1;1;0;1;0;0;1;0;0;1;0;1;1;0;1;0;1;1;0;0;0;0;1;0;0;0;1;0;1;0;0;0;1;0;1;0;0;1;0.31
