Precon;Solver;SeqGS;SeqSOR;CGSolver;BiCGSTABSolver;LoopSolver;GradientSolver;PreSmoothing;pre_0;pre_1;pre_2;pre_3;pre_4;pre_5;pre_6;PostSmoothing;post_0;post_1;post_2;post_3;post_4;post_5;post_6;Cells;cells_50;cells_51;cells_52;cells_53;cells_54;cells_55;Performance
1;1;1;0;0;0;1;0;1;0;1;0;0;0;0;0;1;1;0;0;0;0;0;0;1;1;0;0;0;0;0;13218.6892857143
1;1;1;0;0;1;0;0;1;0;1;0;0;0;0;0;1;0;0;1;0;0;0;0;1;0;0;0;1;0;0;10050.6425
1;1;1;0;0;0;0;1;1;0;1;0;0;0;0;0;1;1;0;0;0;0;0;0;1;0;1;0;0;0;0;11569.4892857143
1;1;1;0;0;0;1;0;1;0;0;0;1;0;0;0;1;0;0;0;0;0;1;0;1;0;1;0;0;0;0;9130.73964285714
1;1;0;1;0;1;0;0;1;0;0;0;1;0;0;0;1;0;1;0;0;0;0;0;1;1;0;0;0;0;0;9600.6725
1;1;0;1;1;0;0;0;1;0;0;0;0;1;0;0;1;0;0;0;0;0;1;0;1;1;0;0;0;0;0;7374.26321428571
1;1;1;0;1;0;0;0;1;0;0;0;0;1;0;0;1;0;1;0;0;0;0;0;1;0;0;1;0;0;0;12330.3535714286
1;1;1;0;0;1;0;0;1;1;0;0;0;0;0;0;1;0;0;1;0;0;0;0;1;0;0;0;1;0;0;10082.8635714286
1;1;0;1;0;1;0;0;1;0;0;0;1;0;0;0;1;0;0;0;0;0;1;0;1;0;0;0;1;0;0;10800.9892857143
1;1;1;0;0;0;0;1;1;1;0;0;0;0;0;0;1;0;0;0;0;0;0;1;1;1;0;0;0;0;0;6634.9125
1;1;1;0;1;0;0;0;1;0;0;0;0;1;0;0;1;0;1;0;0;0;0;0;1;1;0;0;0;0;0;8753.80071428572
1;1;0;1;0;1;0;0;1;0;1;0;0;0;0;0;1;0;0;0;0;0;1;0;1;0;0;0;0;1;0;11265.4857142857
1;1;1;0;0;1;0;0;1;0;0;0;1;0;0;0;1;0;0;0;0;1;0;0;1;0;0;0;1;0;0;9883.89035714286
1;1;1;0;0;1;0;0;1;0;0;0;0;1;0;0;1;0;0;0;0;0;1;0;1;1;0;0;0;0;0;6610.51892857143
1;1;1;0;0;0;0;1;1;1;0;0;0;0;0;0;1;0;0;0;0;0;0;1;1;0;0;1;0;0;0;7435.68892857143
1;1;0;1;0;1;0;0;1;0;1;0;0;0;0;0;1;0;1;0;0;0;0;0;1;0;0;0;0;1;0;14143.6392857143
1;1;0;1;0;0;1;0;1;0;0;0;0;1;0;0;1;0;0;0;0;0;1;0;1;0;0;0;0;0;1;11726.9535714286
1;1;1;0;0;0;1;0;1;0;1;0;0;0;0;0;1;1;0;0;0;0;0;0;1;0;0;1;0;0;0;16783.8857142857
1;1;0;1;0;0;1;0;1;1;0;0;0;0;0;0;1;0;0;0;0;1;0;0;1;0;0;0;1;0;0;10802.3642857143
1;1;1;0;0;0;1;0;1;0;1;0;0;0;0;0;1;0;0;1;0;0;0;0;1;0;1;0;0;0;0;6867.65142857143
1;1;1;0;0;1;0;0;1;0;1;0;0;0;0;0;1;0;0;1;0;0;0;0;1;0;0;1;0;0;0;9805.19964285714
1;1;1;0;0;0;1;0;1;0;0;0;0;0;0;1;1;0;0;0;0;0;1;0;1;0;1;0;0;0;0;6837.88607142857
1;1;1;0;0;1;0;0;1;1;0;0;0;0;0;0;1;0;1;0;0;0;0;0;1;0;0;0;1;0;0;22299.7035714286
1;1;0;1;0;0;1;0;1;0;1;0;0;0;0;0;1;1;0;0;0;0;0;0;1;0;0;0;0;0;1;23177.1071428571
1;1;0;1;0;1;0;0;1;1;0;0;0;0;0;0;1;0;0;1;0;0;0;0;1;0;0;0;1;0;0;10826.9321428571
1;1;0;1;0;1;0;0;1;0;1;0;0;0;0;0;1;0;0;1;0;0;0;0;1;0;0;0;0;0;1;11633.6535714286
1;1;1;0;1;0;0;0;1;0;0;0;0;1;0;0;1;0;0;0;0;0;1;0;1;0;0;0;1;0;0;9905.07214285715
1;1;1;0;1;0;0;0;1;0;1;0;0;0;0;0;1;0;0;1;0;0;0;0;1;1;0;0;0;0;0;8919.20464285714
1;1;0;1;0;1;0;0;1;0;0;0;1;0;0;0;1;1;0;0;0;0;0;0;1;0;0;0;0;0;1;17558.5857142857
1;1;1;0;0;0;1;0;1;0;0;0;1;0;0;0;1;0;0;0;0;0;0;1;1;0;0;0;0;1;0;10194.5142857143
1;1;1;0;1;0;0;0;1;0;0;0;0;0;0;1;1;0;0;0;0;0;0;1;1;1;0;0;0;0;0;6831.62
1;1;0;1;1;0;0;0;1;0;0;0;0;1;0;0;1;0;0;1;0;0;0;0;1;0;0;0;0;1;0;11187.9178571429
1;1;0;1;0;1;0;0;1;0;1;0;0;0;0;0;1;0;0;1;0;0;0;0;1;0;1;0;0;0;0;10018.9082142857
1;1;1;0;0;0;1;0;1;0;0;0;0;0;0;1;1;0;0;0;0;1;0;0;1;0;0;1;0;0;0;9796.39321428571
1;1;1;0;0;0;1;0;1;0;0;0;0;1;0;0;1;0;0;0;0;0;1;0;1;0;0;1;0;0;0;7286.39035714286
1;1;1;0;0;1;0;0;1;0;0;0;0;0;1;0;1;1;0;0;0;0;0;0;1;0;0;0;1;0;0;14824.0964285714
1;1;1;0;0;1;0;0;1;0;1;0;0;0;0;0;1;0;0;0;0;1;0;0;1;0;0;0;0;0;1;10625.5928571429
1;1;1;0;0;1;0;0;1;0;0;0;0;1;0;0;1;1;0;0;0;0;0;0;1;0;0;0;0;1;0;15478.7392857143
1;1;0;1;1;0;0;0;1;0;0;0;0;1;0;0;1;0;1;0;0;0;0;0;1;1;0;0;0;0;0;12111.3214285714
1;1;1;0;0;1;0;0;1;0;0;0;0;1;0;0;1;0;0;0;0;1;0;0;1;0;0;0;1;0;0;10003.8414285714
1;1;0;1;0;0;1;0;1;0;0;0;0;1;0;0;1;1;0;0;0;0;0;0;1;1;0;0;0;0;0;7303.24642857143
1;1;1;0;0;1;0;0;1;0;1;0;0;0;0;0;1;0;0;0;0;0;0;1;1;0;0;1;0;0;0;7274.24178571429
1;1;0;1;1;0;0;0;1;0;0;0;1;0;0;0;1;0;0;0;0;1;0;0;1;1;0;0;0;0;0;9677.89035714286
1;1;1;0;1;0;0;0;1;0;0;0;1;0;0;0;1;0;0;1;0;0;0;0;1;0;0;0;0;1;0;10333.8
1;1;0;1;1;0;0;0;1;0;0;0;1;0;0;0;1;0;1;0;0;0;0;0;1;0;0;0;1;0;0;13598.4285714286
1;1;1;0;0;0;1;0;1;1;0;0;0;0;0;0;1;0;1;0;0;0;0;0;1;0;0;0;1;0;0;12337.825
1;1;1;0;0;0;0;1;1;0;0;0;0;0;1;0;1;1;0;0;0;0;0;0;1;0;1;0;0;0;0;11482.7821428571
1;1;0;1;1;0;0;0;1;0;0;0;0;1;0;0;1;0;1;0;0;0;0;0;1;0;1;0;0;0;0;12523.3
1;1;1;0;0;0;1;0;1;0;1;0;0;0;0;0;1;0;0;1;0;0;0;0;1;0;0;0;0;0;1;10562.5107142857
1;1;0;1;0;1;0;0;1;0;0;0;0;0;0;1;1;0;1;0;0;0;0;0;1;0;0;0;0;1;0;11309.2071428571
1;1;1;0;1;0;0;0;1;0;0;0;0;1;0;0;1;1;0;0;0;0;0;0;1;0;0;0;0;1;0;15293.2214285714
1;1;0;1;0;1;0;0;1;0;0;0;1;0;0;0;1;0;0;1;0;0;0;0;1;0;0;1;0;0;0;10485.4178571429
1;1;0;1;0;0;1;0;1;0;1;0;0;0;0;0;1;0;0;0;0;1;0;0;1;1;0;0;0;0;0;7210.24107142857
1;1;0;1;1;0;0;0;1;0;0;0;0;0;1;0;1;0;0;1;0;0;0;0;1;0;0;0;0;1;0;11262.85
1;1;1;0;0;1;0;0;1;0;0;0;1;0;0;0;1;0;0;1;0;0;0;0;1;0;0;1;0;0;0;9541.00928571429
1;1;1;0;0;1;0;0;1;0;0;0;0;0;0;1;1;0;0;1;0;0;0;0;1;1;0;0;0;0;0;8846.36714285714
1;1;1;0;0;1;0;0;1;0;0;0;0;0;0;1;1;0;1;0;0;0;0;0;1;0;0;0;0;0;1;10685.2535714286
1;1;1;0;1;0;0;0;1;0;0;0;0;1;0;0;1;0;0;1;0;0;0;0;1;0;0;1;0;0;0;9888.01857142857
1;1;1;0;0;0;1;0;1;0;0;0;0;0;0;1;1;0;0;0;0;1;0;0;1;0;1;0;0;0;0;6893.9875
1;1;1;0;0;0;1;0;1;0;0;0;0;1;0;0;1;1;0;0;0;0;0;0;1;0;0;0;1;0;0;12314.2107142857
1;1;0;1;1;0;0;0;1;0;0;0;1;0;0;0;1;0;0;0;0;0;0;1;1;1;0;0;0;0;0;7206.39142857143
1;1;0;1;0;1;0;0;1;0;0;0;0;0;0;1;1;0;0;1;0;0;0;0;1;1;0;0;0;0;0;9650.70785714286
1;1;1;0;0;0;0;1;1;1;0;0;0;0;0;0;1;0;0;0;0;0;0;1;1;0;1;0;0;0;0;6950.10607142857
1;1;0;1;0;1;0;0;1;1;0;0;0;0;0;0;1;0;0;0;0;0;0;1;1;0;0;0;1;0;0;10882.9285714286
1;1;0;1;0;1;0;0;1;0;0;0;0;0;0;1;1;1;0;0;0;0;0;0;1;0;0;0;1;0;0;13489.0678571429
1;1;0;1;1;0;0;0;1;0;0;0;0;0;0;1;1;0;1;0;0;0;0;0;1;0;0;0;0;1;0;14082.4607142857
1;1;0;1;0;0;1;0;1;0;0;0;0;0;0;1;1;0;1;0;0;0;0;0;1;0;1;0;0;0;0;7668.06714285714
1;1;0;1;0;1;0;0;1;0;0;0;1;0;0;0;1;0;0;1;0;0;0;0;1;1;0;0;0;0;0;9661.805
1;1;1;0;0;1;0;0;1;0;1;0;0;0;0;0;1;0;1;0;0;0;0;0;1;1;0;0;0;0;0;11001.0964285714
1;1;1;0;0;0;1;0;1;0;0;0;1;0;0;0;1;0;1;0;0;0;0;0;1;0;0;0;1;0;0;10010.3910714286
1;1;1;0;0;1;0;0;1;0;1;0;0;0;0;0;1;0;0;0;0;0;1;0;1;0;0;0;0;1;0;10385.9964285714
1;1;1;0;1;0;0;0;1;0;0;0;0;1;0;0;1;0;0;0;0;1;0;0;1;0;0;0;0;1;0;10212.6892857143
1;1;1;0;0;0;1;0;1;0;1;0;0;0;0;0;1;0;0;0;0;1;0;0;1;0;0;1;0;0;0;7265.19214285714
1;1;0;1;0;1;0;0;1;0;0;1;0;0;0;0;1;0;1;0;0;0;0;0;1;0;0;0;1;0;0;10844.3428571429
1;1;1;0;1;0;0;0;1;0;0;0;1;0;0;0;1;0;0;0;0;1;0;0;1;0;0;0;1;0;0;10207.7410714286
1;1;1;0;0;0;1;0;1;0;1;0;0;0;0;0;1;0;0;1;0;0;0;0;1;1;0;0;0;0;0;4422.17214285714
1;1;0;1;0;0;1;0;1;0;0;0;0;1;0;0;1;0;0;1;0;0;0;0;1;0;0;0;0;0;1;11742.775
1;1;0;1;0;1;0;0;1;0;1;0;0;0;0;0;1;0;0;0;0;1;0;0;1;1;0;0;0;0;0;9633.61607142857
1;1;1;0;0;0;0;1;1;0;0;0;0;0;0;1;1;0;0;0;0;1;0;0;1;0;0;0;1;0;0;7564.95642857143
1;1;0;1;0;1;0;0;1;0;1;0;0;0;0;0;1;0;0;0;0;0;0;1;1;0;0;0;0;1;0;11243.675
1;1;1;0;0;0;1;0;1;0;0;0;0;1;0;0;1;0;0;0;0;0;1;0;1;0;0;0;0;1;0;10239.6142857143
1;1;1;0;0;0;1;0;1;0;0;0;0;1;0;0;1;1;0;0;0;0;0;0;1;0;1;0;0;0;0;9564.535
1;1;0;1;0;1;0;0;1;1;0;0;0;0;0;0;1;0;0;0;0;0;0;1;1;0;1;0;0;0;0;9997.685
1;1;0;1;0;1;0;0;1;0;0;0;0;0;1;0;1;0;0;1;0;0;0;0;1;0;0;0;1;0;0;10824.6071428571
1;1;0;1;0;0;1;0;1;0;0;0;1;0;0;0;1;0;1;0;0;0;0;0;1;0;1;0;0;0;0;10107.5275
1;1;0;1;0;0;1;0;1;0;0;0;1;0;0;0;1;0;0;0;0;0;1;0;1;0;0;0;0;0;1;11635.9714285714
1;1;1;0;1;0;0;0;1;0;0;0;0;0;0;1;1;0;0;0;0;1;0;0;1;0;0;0;0;1;0;10369.0714285714
1;1;1;0;1;0;0;0;1;0;1;0;0;0;0;0;1;0;0;0;0;0;0;1;1;1;0;0;0;0;0;6647.82464285714
1;1;1;0;1;0;0;0;1;0;0;0;1;0;0;0;1;0;1;0;0;0;0;0;1;0;0;0;0;1;0;12802.1321428571
1;1;0;1;0;0;0;1;1;0;0;0;0;0;1;0;1;0;0;0;0;0;1;0;1;0;0;0;1;0;0;8250.77964285714
1;1;1;0;1;0;0;0;1;0;0;0;0;0;0;1;1;0;1;0;0;0;0;0;1;0;1;0;0;0;0;9188.26892857143
1;1;0;1;0;1;0;0;1;0;0;0;0;0;1;0;1;0;1;0;0;0;0;0;1;0;0;0;1;0;0;10849.9428571429
1;1;0;1;0;0;0;1;1;1;0;0;0;0;0;0;1;0;0;0;0;0;0;1;1;0;0;0;0;0;1;11638.6357142857
1;1;1;0;0;0;1;0;1;0;0;0;1;0;0;0;1;0;0;0;0;0;0;1;1;0;1;0;0;0;0;9166.82928571428
1;1;0;1;0;1;0;0;1;0;0;0;0;0;0;1;1;0;0;0;1;0;0;0;1;0;0;0;0;1;0;11298.6607142857
1;1;1;0;1;0;0;0;1;0;0;0;0;0;0;1;1;0;0;0;0;0;0;1;1;0;0;1;0;0;0;7203.80214285714
1;1;0;1;0;1;0;0;1;0;0;0;1;0;0;0;1;0;0;0;0;1;0;0;1;0;0;0;1;0;0;10837.4
1;1;1;0;0;1;0;0;1;0;0;0;0;0;0;1;1;0;1;0;0;0;0;0;1;0;0;1;0;0;0;9528.75964285714
1;1;1;0;0;0;1;0;1;0;0;0;0;0;0;1;1;0;1;0;0;0;0;0;1;0;0;0;0;0;1;10563.2785714286
1;1;0;1;1;0;0;0;1;0;0;0;0;0;0;1;1;0;0;0;0;0;1;0;1;1;0;0;0;0;0;7289.83678571429
1;1;1;0;0;0;1;0;1;0;0;0;0;1;0;0;1;0;0;1;0;0;0;0;1;0;0;0;1;0;0;9963.19285714286
1;1;1;0;0;0;0;1;1;0;0;1;0;0;0;0;1;1;0;0;0;0;0;0;1;0;1;0;0;0;0;11409.2357142857
1;1;0;1;1;0;0;0;1;0;1;0;0;0;0;0;1;0;1;0;0;0;0;0;1;0;0;1;0;0;0;13142.1071428571
1;1;0;1;0;1;0;0;1;0;0;0;1;0;0;0;1;0;0;0;0;0;1;0;1;0;0;0;0;0;1;11626.8035714286
1;1;0;1;0;0;1;0;1;0;0;0;1;0;0;0;1;1;0;0;0;0;0;0;1;0;0;0;1;0;0;13480.6535714286
1;1;0;1;0;0;1;0;1;0;0;0;0;0;0;1;1;1;0;0;0;0;0;0;1;0;0;0;1;0;0;13583.1035714286
1;1;0;1;0;1;0;0;1;0;0;0;1;0;0;0;1;0;1;0;0;0;0;0;1;0;0;0;0;0;1;11651.1607142857
1;1;0;1;1;0;0;0;1;0;0;0;1;0;0;0;1;0;0;0;0;0;0;1;1;0;0;0;1;0;0;10913.05
1;1;1;0;1;0;0;0;1;0;0;0;0;0;0;1;1;0;0;0;0;1;0;0;1;1;0;0;0;0;0;9031.66214285714
1;1;1;0;1;0;0;0;1;1;0;0;0;0;0;0;1;0;0;0;0;0;0;1;1;0;0;0;0;0;1;10604.2821428571
1;1;0;1;0;0;1;0;1;0;1;0;0;0;0;0;1;0;0;0;0;1;0;0;1;0;1;0;0;0;0;10155.8503571429
1;1;1;0;1;0;0;0;1;0;0;1;0;0;0;0;1;0;0;1;0;0;0;0;1;0;0;0;1;0;0;9895.98071428571
1;1;0;1;0;1;0;0;1;0;0;0;0;1;0;0;1;0;0;0;0;1;0;0;1;0;0;0;0;1;0;11267.7321428571
1;1;0;1;0;0;1;0;1;0;0;0;1;0;0;0;1;0;0;0;0;0;0;1;1;0;1;0;0;0;0;9968.72357142857
1;1;1;0;1;0;0;0;1;0;0;0;1;0;0;0;1;0;0;0;0;0;0;1;1;0;0;1;0;0;0;7284.31
1;1;0;1;0;0;1;0;1;1;0;0;0;0;0;0;1;0;0;0;0;0;0;1;1;0;0;0;1;0;0;10804.9285714286
1;1;0;1;1;0;0;0;1;0;0;0;0;0;1;0;1;1;0;0;0;0;0;0;1;0;0;0;1;0;0;16139.2428571429
1;1;0;1;0;1;0;0;1;0;0;0;0;0;0;1;1;0;0;0;0;1;0;0;1;0;0;0;1;0;0;10816.3285714286
1;1;0;1;0;1;0;0;1;0;0;0;0;0;0;1;1;0;0;1;0;0;0;0;1;0;0;0;0;0;1;11635.6285714286
1;1;0;1;0;0;1;0;1;0;0;0;0;0;0;1;1;0;1;0;0;0;0;0;1;0;0;0;1;0;0;10809.7571428571
1;1;0;1;0;0;1;0;1;0;1;0;0;0;0;0;1;0;0;0;0;1;0;0;1;0;0;0;0;1;0;11255.0678571429
1;1;1;0;0;1;0;0;1;0;0;0;0;1;0;0;1;1;0;0;0;0;0;0;1;1;0;0;0;0;0;11059.2357142857
1;1;1;0;0;0;1;0;1;0;0;0;1;0;0;0;1;0;1;0;0;0;0;0;1;0;0;0;0;0;1;13195.4142857143
1;1;0;1;1;0;0;0;1;0;1;0;0;0;0;0;1;0;1;0;0;0;0;0;1;0;0;0;0;0;1;14887.4607142857
1;1;0;1;0;0;1;0;1;0;0;0;0;0;0;1;1;0;0;1;0;0;0;0;1;0;0;1;0;0;0;10516.3928571429
1;1;1;0;0;1;0;0;1;0;0;0;0;0;0;1;1;0;0;0;0;1;0;0;1;0;0;0;1;0;0;9957.4675
1;1;1;0;0;0;1;0;1;0;0;0;0;1;0;0;1;0;0;0;0;1;0;0;1;0;0;0;1;0;0;9857.06142857143
1;1;0;1;0;1;0;0;1;0;0;0;0;0;0;1;1;0;1;0;0;0;0;0;1;0;1;0;0;0;0;9990.495
1;1;0;1;0;1;0;0;1;0;0;0;1;0;0;0;1;0;1;0;0;0;0;0;1;0;1;0;0;0;0;10055.0607142857
1;1;0;1;0;1;0;0;1;0;0;0;0;0;0;1;1;0;0;0;0;0;1;0;1;0;0;1;0;0;0;7813.93571428571
1;1;0;1;1;0;0;0;1;0;1;0;0;0;0;0;1;0;0;0;0;0;1;0;1;0;0;0;1;0;0;10805.8142857143
1;1;0;1;0;1;0;0;1;0;1;0;0;0;0;0;1;1;0;0;0;0;0;0;1;0;0;0;1;0;0;24285.6785714286
1;1;1;0;1;0;0;0;1;0;0;0;0;1;0;0;1;0;1;0;0;0;0;0;1;0;0;0;0;0;1;13243.4071428571
1;1;0;1;0;1;0;0;1;0;0;0;0;0;0;1;1;0;0;0;0;0;1;0;1;1;0;0;0;0;0;7258.03642857143
1;1;0;1;1;0;0;0;1;1;0;0;0;0;0;0;1;0;0;1;0;0;0;0;1;0;0;0;0;0;1;14550.1607142857
1;1;1;0;1;0;0;0;1;0;1;0;0;0;0;0;1;0;1;0;0;0;0;0;1;0;0;0;1;0;0;12579.1214285714
1;1;0;1;1;0;0;0;1;0;0;0;1;0;0;0;1;0;0;1;0;0;0;0;1;0;0;0;1;0;0;10881.8464285714
1;1;0;1;0;1;0;0;1;0;0;0;0;0;1;0;1;0;0;0;0;1;0;0;1;0;0;0;1;0;0;10809.2821428571
1;1;0;1;1;0;0;0;1;0;0;0;0;0;0;1;1;1;0;0;0;0;0;0;1;0;1;0;0;0;0;15188.375
1;1;1;0;1;0;0;0;1;0;1;0;0;0;0;0;1;0;0;0;0;0;1;0;1;0;1;0;0;0;0;9112.8925
1;1;1;0;0;1;0;0;1;0;0;0;0;0;0;1;1;1;0;0;0;0;0;0;1;1;0;0;0;0;0;11050.1857142857
1;1;1;0;0;1;0;0;1;0;1;0;0;0;0;0;1;0;0;1;0;0;0;0;1;1;0;0;0;0;0;8793.11928571429
1;1;0;1;1;0;0;0;1;1;0;0;0;0;0;0;1;0;0;0;0;0;0;1;1;0;0;0;1;0;0;10842.3035714286
1;1;1;0;0;0;1;0;1;0;1;0;0;0;0;0;1;0;1;0;0;0;0;0;1;0;1;0;0;0;0;9078.67964285714
1;1;0;1;1;0;0;0;1;1;0;0;0;0;0;0;1;0;1;0;0;0;0;0;1;0;0;0;1;0;0;27226.2285714286
1;1;1;0;0;0;1;0;1;1;0;0;0;0;0;0;1;0;0;0;0;0;0;1;1;0;1;0;0;0;0;6890.20785714286
1;1;0;1;1;0;0;0;1;0;0;0;0;0;1;0;1;0;0;0;0;0;1;0;1;0;0;0;1;0;0;10863.0535714286
1;1;0;1;0;0;1;0;1;0;0;0;0;1;0;0;1;0;0;0;0;1;0;0;1;0;1;0;0;0;0;7551.1625
1;1;1;0;0;1;0;0;1;0;0;0;0;1;0;0;1;0;0;0;0;0;0;1;1;0;0;0;0;1;0;10358.7285714286
1;1;0;1;1;0;0;0;1;0;0;0;0;0;0;1;1;1;0;0;0;0;0;0;1;0;0;0;0;1;0;16868.75
1;1;0;1;1;0;0;0;1;0;1;0;0;0;0;0;1;0;0;0;0;0;0;1;1;0;0;0;1;0;0;10848.5
1;1;0;1;0;0;1;0;1;0;0;0;0;0;0;1;1;0;0;0;0;1;0;0;1;0;0;0;1;0;0;10863.9928571429
1;1;1;0;0;1;0;0;1;0;0;0;1;0;0;0;1;0;1;0;0;0;0;0;1;0;0;0;0;0;1;10632.4892857143
1;1;1;0;0;0;1;0;1;0;0;0;0;0;0;1;1;0;0;0;0;0;1;0;1;0;0;0;1;0;0;9863.00535714286
1;1;1;0;1;0;0;0;1;0;0;0;0;1;0;0;1;0;1;0;0;0;0;0;1;0;0;0;1;0;0;12724.9357142857
1;1;0;1;1;0;0;0;1;0;1;0;0;0;0;0;1;0;1;0;0;0;0;0;1;1;0;0;0;0;0;12174.1321428571
1;1;0;1;0;1;0;0;1;0;1;0;0;0;0;0;1;0;0;0;0;0;1;0;1;0;0;0;1;0;0;10802.0035714286
1;1;1;0;1;0;0;0;1;0;1;0;0;0;0;0;1;0;1;0;0;0;0;0;1;1;0;0;0;0;0;10996.8428571429
1;1;1;0;1;0;0;0;1;0;0;0;0;0;0;1;1;0;0;1;0;0;0;0;1;0;0;0;1;0;0;10082.1046428571
1;1;0;1;0;0;1;0;1;0;0;0;1;0;0;0;1;0;1;0;0;0;0;0;1;0;0;0;1;0;0;13501.4785714286
1;1;0;1;0;0;1;0;1;0;0;0;0;0;0;1;1;0;0;0;0;0;1;0;1;0;1;0;0;0;0;10097.345
1;1;1;0;0;0;1;0;1;0;1;0;0;0;0;0;1;0;0;0;0;0;0;1;1;1;0;0;0;0;0;6656.53642857143
1;1;1;0;1;0;0;0;1;0;0;0;1;0;0;0;1;0;1;0;0;0;0;0;1;0;0;1;0;0;0;11967.7071428571
1;1;1;0;1;0;0;0;1;0;0;0;0;0;0;1;1;0;0;0;0;0;1;0;1;1;0;0;0;0;0;6575.88571428571
1;1;0;1;1;0;0;0;1;0;0;0;0;1;0;0;1;0;0;0;0;1;0;0;1;0;0;0;1;0;0;10878.0821428571
1;1;1;0;1;0;0;0;1;0;1;0;0;0;0;0;1;0;0;0;0;1;0;0;1;0;0;0;0;0;1;10579.5285714286
1;1;0;1;1;0;0;0;1;0;1;0;0;0;0;0;1;0;0;0;0;0;0;1;1;0;0;1;0;0;0;7833.24321428571
1;1;1;0;0;0;1;0;1;0;0;0;1;0;0;0;1;0;0;0;0;1;0;0;1;0;0;0;0;0;1;10546.8464285714
1;1;0;1;0;1;0;0;1;0;0;0;0;0;0;1;1;0;0;0;0;0;0;1;1;0;0;0;1;0;0;10798.1107142857
1;1;1;0;0;0;1;0;1;0;0;0;0;0;0;1;1;0;0;0;0;1;0;0;1;0;0;0;0;1;0;10259.8
1;1;1;0;0;1;0;0;1;0;0;0;0;1;0;0;1;0;0;0;0;0;0;1;1;0;0;0;1;0;0;9940.32035714286
1;1;1;0;0;1;0;0;1;0;0;0;0;0;0;1;1;0;0;0;0;0;1;0;1;0;0;0;1;0;0;9932.90071428571
1;1;0;1;0;0;1;0;1;0;0;0;0;1;0;0;1;0;0;0;0;1;0;0;1;0;0;0;0;0;1;11607.0535714286
1;1;0;1;1;0;0;0;1;0;0;0;0;1;0;0;1;0;0;1;0;0;0;0;1;0;0;0;0;0;1;11612.6
1;1;0;1;1;0;0;0;1;0;0;0;0;1;0;0;1;0;1;0;0;0;0;0;1;0;0;0;0;1;0;14046.1785714286
1;1;1;0;0;1;0;0;1;0;0;0;1;0;0;0;1;1;0;0;0;0;0;0;1;1;0;0;0;0;0;11076.6535714286
1;1;1;0;1;0;0;0;1;0;0;0;1;0;0;0;1;0;0;1;0;0;0;0;1;1;0;0;0;0;0;8782.96607142857
1;1;0;1;0;0;1;0;1;0;1;0;0;0;0;0;1;0;0;0;0;0;1;0;1;0;0;1;0;0;0;7931.46642857143
1;1;1;0;0;1;0;0;1;0;0;0;0;0;0;1;1;0;0;0;0;0;0;1;1;0;0;0;0;1;0;7800.35642857143
1;1;1;0;0;0;1;0;1;0;0;0;0;1;0;0;1;0;1;0;0;0;0;0;1;0;0;0;0;0;1;13235.1214285714
1;1;1;0;0;0;1;0;1;0;0;0;0;1;0;0;1;0;0;0;0;1;0;0;1;0;0;0;0;1;0;10204.1142857143
1;1;0;1;1;0;0;0;1;0;0;0;0;0;0;1;1;0;0;0;0;0;0;1;1;0;0;1;0;0;0;7873.81392857143
1;1;1;0;1;0;0;0;1;0;1;0;0;0;0;0;1;1;0;0;0;0;0;0;1;0;0;0;0;1;0;48364.6357142857
1;1;0;1;0;0;0;1;1;1;0;0;0;0;0;0;1;0;0;0;0;0;0;1;1;0;0;1;0;0;0;7825.00142857143
1;1;1;0;0;1;0;0;1;0;0;0;1;0;0;0;1;0;0;1;0;0;0;0;1;0;0;0;0;1;0;10434.6678571429
1;1;0;1;0;0;1;0;1;0;0;0;0;1;0;0;1;0;0;0;0;1;0;0;1;0;0;0;1;0;0;10889.5535714286
1;1;1;0;0;1;0;0;1;0;0;0;0;0;0;1;1;0;0;1;0;0;0;0;1;0;0;0;0;0;1;10703.05
1;1;0;1;0;1;0;0;1;0;1;0;0;0;0;0;1;0;0;0;0;1;0;0;1;0;1;0;0;0;0;10116.5739285714
1;1;1;0;1;0;0;0;1;0;0;0;0;0;0;1;1;0;1;0;0;0;0;0;1;0;0;0;1;0;0;12628.9714285714
1;1;1;0;0;0;1;0;1;0;0;0;1;0;0;0;1;0;0;0;0;1;0;0;1;0;0;0;0;1;0;10312.175
1;1;0;1;0;1;0;0;1;0;0;1;0;0;0;0;1;0;0;0;0;0;1;0;1;0;0;0;1;0;0;10793.6214285714
1;1;1;0;1;0;0;0;1;0;0;1;0;0;0;0;1;0;1;0;0;0;0;0;1;0;0;0;1;0;0;12505.8571428571
1;1;1;0;0;0;1;0;1;0;0;0;1;0;0;0;1;0;0;0;0;0;1;0;1;1;0;0;0;0;0;8855.00571428571
1;1;0;1;1;0;0;0;1;0;0;0;0;0;0;1;1;0;0;0;0;0;0;1;1;0;0;0;0;0;1;11671.775
1;1;0;1;0;0;1;0;1;0;0;0;0;0;0;1;1;0;1;0;0;0;0;0;1;1;0;0;0;0;0;7241.79928571429
1;1;0;1;0;1;0;0;1;1;0;0;0;0;0;0;1;0;0;0;0;0;1;0;1;0;0;0;1;0;0;10808.0178571429
1;1;0;1;0;0;1;0;1;0;0;0;0;1;0;0;1;0;0;1;0;0;0;0;1;1;0;0;0;0;0;9615.6225
1;1;1;0;0;1;0;0;1;0;0;0;0;0;0;1;1;1;0;0;0;0;0;0;1;0;1;0;0;0;0;11520.9535714286
1;1;0;1;1;0;0;0;1;0;0;0;0;0;0;1;1;0;0;0;0;0;0;1;1;1;0;0;0;0;0;7332.30357142857
1;1;0;1;0;0;1;0;1;0;0;0;0;1;0;0;1;0;0;0;0;0;1;0;1;1;0;0;0;0;0;9618.49285714286
1;1;0;1;0;1;0;0;1;0;0;0;0;0;0;1;1;1;0;0;0;0;0;0;1;0;0;0;0;0;1;14640.8214285714
1;1;0;1;0;1;0;0;1;1;0;0;0;0;0;0;1;0;0;1;0;0;0;0;1;0;0;0;0;0;1;14723.1285714286
1;1;0;1;1;0;0;0;1;0;0;0;0;1;0;0;1;1;0;0;0;0;0;0;1;0;0;0;0;0;1;17379.4428571429
1;1;1;0;1;0;0;0;1;0;0;0;0;1;0;0;1;0;0;0;0;0;1;0;1;0;0;0;0;0;1;10702.6428571429
1;1;1;0;1;0;0;0;1;0;0;0;0;1;0;0;1;0;0;0;0;1;0;0;1;0;0;0;1;0;0;10279.7896428571
1;1;1;0;0;1;0;0;1;0;0;0;0;0;1;0;1;0;0;0;0;1;0;0;1;0;0;0;1;0;0;9884.145
1;1;0;1;1;0;0;0;1;0;0;0;0;1;0;0;1;1;0;0;0;0;0;0;1;1;0;0;0;0;0;14411.4178571429
1;1;0;1;1;0;0;0;1;0;0;0;0;1;0;0;1;1;0;0;0;0;0;0;1;0;0;0;1;0;0;16231.9821428571
1;1;0;1;0;0;1;0;1;1;0;0;0;0;0;0;1;0;0;1;0;0;0;0;1;0;0;0;1;0;0;11090.3571428571
1;1;0;1;1;0;0;0;1;0;0;0;1;0;0;0;1;0;0;0;0;0;1;0;1;0;0;0;0;0;1;11588.9142857143
1;1;1;0;0;0;1;0;1;0;0;0;0;0;0;1;1;0;0;1;0;0;0;0;1;0;1;0;0;0;0;6875.35928571429
1;1;0;1;0;1;0;0;1;0;0;0;0;0;0;1;1;0;1;0;0;0;0;0;1;0;0;0;1;0;0;10850.4821428571
1;1;1;0;1;0;0;0;1;0;0;0;0;1;0;0;1;0;0;1;0;0;0;0;1;1;0;0;0;0;0;8980.80857142857
1;1;1;0;0;0;0;1;1;0;0;0;0;0;1;0;1;0;1;0;0;0;0;0;1;0;0;0;1;0;0;10247.9021428571
1;1;1;0;0;1;0;0;1;0;0;0;0;0;0;1;1;0;0;0;0;0;0;1;1;0;0;0;1;0;0;7439.38071428571
1;1;0;1;1;0;0;0;1;0;1;0;0;0;0;0;1;1;0;0;0;0;0;0;1;0;0;0;0;1;0;44749.7678571429
1;1;1;0;0;0;1;0;1;0;0;0;0;1;0;0;1;1;0;0;0;0;0;0;1;0;0;0;0;1;0;12760.1714285714
1;1;0;1;1;0;0;0;1;0;0;0;1;0;0;0;1;0;0;1;0;0;0;0;1;0;0;1;0;0;0;10573.4392857143
1;1;0;1;0;1;0;0;1;0;0;0;0;1;0;0;1;0;0;1;0;0;0;0;1;0;0;0;1;0;0;10804.3464285714
1;1;0;1;0;0;1;0;1;0;0;0;0;1;0;0;1;0;0;0;0;0;0;1;1;1;0;0;0;0;0;9709.59321428571
1;1;0;1;0;0;1;0;1;0;0;0;0;1;0;0;1;0;1;0;0;0;0;0;1;0;0;0;0;0;1;14527.6214285714
1;1;0;1;0;0;1;0;1;1;0;0;0;0;0;0;1;0;0;1;0;0;0;0;1;0;0;0;0;0;1;14593.5214285714
1;1;1;0;1;0;0;0;1;0;0;0;0;1;0;0;1;0;0;0;0;0;0;1;1;0;0;0;1;0;0;9912.53892857143
1;1;1;0;0;1;0;0;1;0;0;0;1;0;0;0;1;0;0;0;0;0;1;0;1;0;0;1;0;0;0;7311.65892857143
1;1;1;0;0;0;1;0;1;0;0;0;0;0;1;0;1;0;0;0;0;0;1;0;1;0;0;0;1;0;0;9878.41642857143
1;1;0;1;0;1;0;0;1;0;0;0;0;0;0;1;1;0;1;0;0;0;0;0;1;1;0;0;0;0;0;9751.68607142857
1;1;1;0;1;0;0;0;1;0;0;0;0;0;0;1;1;0;0;1;0;0;0;0;1;0;0;1;0;0;0;9997.78964285714
1;1;0;1;1;0;0;0;1;1;0;0;0;0;0;0;1;0;0;1;0;0;0;0;1;0;0;0;1;0;0;13480.4785714286
1;1;1;0;1;0;0;0;1;0;0;0;1;0;0;0;1;0;0;1;0;0;0;0;1;0;0;0;1;0;0;9948.54428571429
1;1;0;1;0;0;1;0;1;1;0;0;0;0;0;0;1;0;0;0;0;0;1;0;1;0;0;0;1;0;0;10880.8392857143
1;1;1;0;0;1;0;0;1;0;0;0;1;0;0;0;1;0;0;0;0;0;1;0;1;1;0;0;0;0;0;6733.85821428571
1;1;1;0;0;1;0;0;1;0;0;0;0;1;0;0;1;0;1;0;0;0;0;0;1;0;0;1;0;0;0;9601.835
1;1;0;1;0;0;1;0;1;0;0;0;1;0;0;0;1;1;0;0;0;0;0;0;1;0;0;0;0;0;1;14606.8928571429
1;1;0;1;0;0;0;1;1;0;0;0;0;0;0;1;1;0;0;0;0;1;0;0;1;0;0;0;0;1;0;8432.33785714286
1;1;1;0;0;1;0;0;1;0;0;0;1;0;0;0;1;0;0;0;0;1;0;0;1;0;0;0;0;1;0;10295.6678571429
1;1;0;1;1;0;0;0;1;0;0;0;0;0;0;1;1;0;1;0;0;0;0;0;1;0;0;0;1;0;0;13720.2392857143
1;1;0;1;0;0;1;0;1;0;0;0;1;0;0;0;1;0;0;0;0;0;0;1;1;0;0;0;1;0;0;10937.8285714286
1;1;1;0;0;0;1;0;1;0;0;0;0;1;0;0;1;0;0;0;0;1;0;0;1;1;0;0;0;0;0;8836.48214285714
1;1;0;1;0;0;0;1;1;0;0;0;0;0;1;0;1;0;1;0;0;0;0;0;1;0;0;0;1;0;0;10868.4214285714
1;1;0;1;1;0;0;0;1;0;0;0;0;0;0;1;1;0;0;0;0;0;1;0;1;0;0;0;0;0;1;11611.4964285714
1;1;0;1;0;1;0;0;1;0;0;0;0;0;0;1;1;0;0;1;0;0;0;0;1;0;1;0;0;0;0;10153.5303571429
1;1;0;1;0;0;1;0;1;0;1;0;0;0;0;0;1;0;0;0;0;0;1;0;1;1;0;0;0;0;0;7274.90035714286
1;1;1;0;1;0;0;0;1;0;0;0;0;1;0;0;1;0;0;0;0;0;1;0;1;0;0;1;0;0;0;7252.15928571429
1;1;0;1;0;0;0;1;1;0;0;1;0;0;0;0;1;0;0;1;0;0;0;0;1;0;0;0;1;0;0;10970.6214285714
1;1;1;0;0;1;0;0;1;0;0;0;0;1;0;0;1;0;0;1;0;0;0;0;1;0;0;1;0;0;0;9619.46678571429
1;1;1;0;0;0;0;1;1;0;0;1;0;0;0;0;1;0;1;0;0;0;0;0;1;0;0;0;1;0;0;10148.7246428571
1;1;0;1;0;0;1;0;1;0;0;0;1;0;0;0;1;0;0;0;0;0;1;0;1;0;1;0;0;0;0;10084.3246428571
1;1;1;0;1;0;0;0;1;0;0;0;1;0;0;0;1;0;0;0;0;0;1;0;1;1;0;0;0;0;0;6646.76464285714
1;1;0;1;1;0;0;0;1;0;0;0;0;1;0;0;1;0;0;0;0;1;0;0;1;1;0;0;0;0;0;9680.54928571429
1;1;0;1;1;0;0;0;1;0;0;0;1;0;0;0;1;0;0;0;0;1;0;0;1;0;0;0;0;0;1;11588.1535714286
1;1;0;1;0;1;0;0;1;0;0;0;1;0;0;0;1;1;0;0;0;0;0;0;1;0;0;0;1;0;0;13509.7392857143
1;1;0;1;1;0;0;0;1;0;0;0;0;0;0;1;1;0;0;0;1;0;0;0;1;0;0;0;0;0;1;11746.55
1;1;1;0;0;0;1;0;1;0;0;0;1;0;0;0;1;0;0;1;0;0;0;0;1;0;0;0;0;0;1;10551.1678571429
1;1;0;1;0;1;0;0;1;0;0;0;0;0;0;1;1;0;0;0;0;1;0;0;1;0;0;0;0;0;1;11735.7357142857
1;1;0;1;1;0;0;0;1;0;0;0;0;1;0;0;1;0;0;1;0;0;0;0;1;1;0;0;0;0;0;9665.27964285714
1;1;1;0;0;1;0;0;1;1;0;0;0;0;0;0;1;0;0;0;0;0;1;0;1;0;0;0;1;0;0;9878.33285714286
1;1;1;0;1;0;0;0;1;0;0;0;1;0;0;0;1;0;0;0;0;0;0;1;1;0;0;0;0;1;0;10231.2714285714
1;1;1;0;0;1;0;0;1;0;0;0;0;0;0;1;1;0;0;1;0;0;0;0;1;0;0;1;0;0;0;9561.75
1;1;0;1;0;0;0;1;1;0;0;0;0;0;0;1;1;0;0;1;0;0;0;0;1;0;1;0;0;0;0;9970.56928571429
1;1;1;0;1;0;0;0;1;0;1;0;0;0;0;0;1;0;0;0;0;0;1;0;1;0;0;0;1;0;0;9876.67785714286
1;1;0;1;0;1;0;0;1;1;0;0;0;0;0;0;1;0;0;1;0;0;0;0;1;1;0;0;0;0;0;9609.77678571428
1;1;1;0;0;0;1;0;1;0;0;0;1;0;0;0;1;1;0;0;0;0;0;0;1;0;0;1;0;0;0;9791.78678571428
1;1;0;1;0;0;1;0;1;0;0;0;0;0;0;1;1;0;0;1;0;0;0;0;1;0;1;0;0;0;0;7571.54392857143
1;1;1;0;0;0;0;1;1;0;0;1;0;0;0;0;1;0;0;1;0;0;0;0;1;0;0;0;1;0;0;9887.42464285714
1;1;0;1;0;0;1;0;1;1;0;0;0;0;0;0;1;0;0;0;0;0;0;1;1;0;0;1;0;0;0;7865.53964285714
1;1;0;1;0;1;0;0;1;0;0;0;1;0;0;0;1;0;0;0;0;0;1;0;1;0;1;0;0;0;0;10049.3142857143
1;1;0;1;1;0;0;0;1;1;0;0;0;0;0;0;1;0;0;0;0;0;0;1;1;0;0;0;0;1;0;11342.6464285714
1;1;0;1;0;0;1;0;1;0;0;0;0;0;0;1;1;0;0;1;0;0;0;0;1;0;0;0;0;1;0;11214.1
1;1;1;0;1;0;0;0;1;1;0;0;0;0;0;0;1;0;0;0;0;0;0;1;1;1;0;0;0;0;0;6745.91464285714
1;1;0;1;0;1;0;0;1;0;0;0;0;0;1;0;1;0;0;0;0;0;1;0;1;0;0;0;1;0;0;10856.0714285714
1;1;1;0;0;0;0;1;1;0;0;0;0;0;0;1;1;0;0;1;0;0;0;0;1;0;0;0;0;0;1;10616.4714285714
1;1;1;0;0;0;0;1;1;0;0;0;0;0;1;0;1;1;0;0;0;0;0;0;1;0;0;0;1;0;0;12422.3357142857
1;1;1;0;0;1;0;0;1;1;0;0;0;0;0;0;1;0;0;0;0;1;0;0;1;0;0;0;1;0;0;9899.25821428571
1;1;0;1;0;1;0;0;1;0;1;0;0;0;0;0;1;0;0;0;0;0;0;1;1;1;0;0;0;0;0;7237.83714285714
1;1;0;1;0;0;1;0;1;0;0;0;0;1;0;0;1;0;1;0;0;0;0;0;1;0;1;0;0;0;0;10297.0928571429
1;1;0;1;0;1;0;0;1;0;0;0;0;0;0;1;1;1;0;0;0;0;0;0;1;0;1;0;0;0;0;15023.3285714286
1;1;0;1;1;0;0;0;1;0;0;0;0;0;0;1;1;0;0;0;0;1;0;0;1;0;0;1;0;0;0;10490.1678571429
1;1;0;1;0;0;1;0;1;1;0;0;0;0;0;0;1;0;1;0;0;0;0;0;1;0;0;0;1;0;0;16270.4714285714
1;1;1;0;0;1;0;0;1;0;1;0;0;0;0;0;1;1;0;0;0;0;0;0;1;0;0;0;0;0;1;21222.4678571429
1;1;0;1;0;0;1;0;1;0;0;0;0;1;0;0;1;0;0;0;0;0;1;0;1;0;0;0;1;0;0;10869.3678571429
1;1;1;0;0;0;1;0;1;0;0;0;0;0;0;1;1;1;0;0;0;0;0;0;1;0;0;0;1;0;0;12441.3392857143
1;1;1;0;0;1;0;0;1;0;0;0;0;1;0;0;1;0;0;1;0;0;0;0;1;0;0;0;1;0;0;9916.32428571429
1;1;0;1;0;1;0;0;1;0;0;0;1;0;0;0;1;0;0;0;0;0;1;0;1;0;0;0;0;1;0;8404.5075
1;1;0;1;0;0;1;0;1;0;1;0;0;0;0;0;1;0;0;1;0;0;0;0;1;0;0;0;0;1;0;11234.4571428571
1;1;1;0;0;0;1;0;1;0;0;0;0;0;0;1;1;0;0;0;0;0;1;0;1;0;0;1;0;0;0;9678.48821428571
1;1;0;1;1;0;0;0;1;0;0;0;0;0;0;1;1;0;0;0;0;1;0;0;1;0;1;0;0;0;0;7596.39821428571
1;1;1;0;0;1;0;0;1;0;0;0;0;0;0;1;1;0;0;0;1;0;0;0;1;0;0;0;1;0;0;9889.01178571429
1;1;1;0;0;0;1;0;1;0;0;0;1;0;0;0;1;0;0;1;0;0;0;0;1;0;0;0;1;0;0;9815.32285714286
1;1;1;0;0;0;1;0;1;0;0;0;1;0;0;0;1;0;0;0;0;1;0;0;1;0;0;0;1;0;0;9959.47714285714
1;1;0;1;0;0;1;0;1;0;0;0;1;0;0;0;1;0;0;0;0;1;0;0;1;0;0;0;1;0;0;10892.0214285714
1;1;1;0;1;0;0;0;1;0;0;0;0;0;1;0;1;0;0;0;0;1;0;0;1;0;0;0;1;0;0;9878.28214285714
1;1;0;1;1;0;0;0;1;0;0;1;0;0;0;0;1;1;0;0;0;0;0;0;1;0;0;0;1;0;0;18934
1;1;0;1;1;0;0;0;1;0;0;0;0;0;0;1;1;0;0;1;0;0;0;0;1;1;0;0;0;0;0;9625.02964285714
1;1;1;0;0;0;1;0;1;1;0;0;0;0;0;0;1;0;0;0;0;0;0;1;1;1;0;0;0;0;0;6620.01285714286
1;1;0;1;0;0;1;0;1;0;1;0;0;0;0;0;1;0;0;0;0;0;0;1;1;1;0;0;0;0;0;7290.91678571429
1;1;1;0;1;0;0;0;1;0;0;0;1;0;0;0;1;0;1;0;0;0;0;0;1;0;0;0;1;0;0;12569.4178571429
1;1;0;1;0;1;0;0;1;0;0;0;0;1;0;0;1;0;1;0;0;0;0;0;1;0;0;0;0;1;0;11381.5821428571
1;1;0;1;1;0;0;0;1;0;0;0;0;1;0;0;1;0;0;0;0;0;0;1;1;0;0;0;0;1;0;11234.2714285714
1;1;0;1;1;0;0;0;1;1;0;0;0;0;0;0;1;0;0;0;0;0;0;1;1;0;1;0;0;0;0;7612.34607142857
1;1;1;0;0;0;1;0;1;1;0;0;0;0;0;0;1;0;0;0;0;0;0;1;1;0;0;0;1;0;0;9884.09392857143
1;1;0;1;0;1;0;0;1;0;0;0;0;1;0;0;1;0;0;0;0;1;0;0;1;0;0;0;1;0;0;10927.0464285714
1;1;1;0;1;0;0;0;1;0;0;0;0;0;1;0;1;0;0;1;0;0;0;0;1;0;0;0;1;0;0;10163.8553571429
1;1;0;1;1;0;0;0;1;1;0;0;0;0;0;0;1;0;0;0;0;1;0;0;1;0;0;0;1;0;0;10923.3357142857
1;1;1;0;0;0;1;0;1;0;0;0;0;0;0;1;1;0;0;0;0;0;0;1;1;0;1;0;0;0;0;6859.16
1;1;1;0;0;0;0;1;1;0;0;0;0;0;0;1;1;0;0;1;0;0;0;0;1;0;0;1;0;0;0;9900.19142857143
1;1;0;1;1;0;0;0;1;0;0;0;1;0;0;0;1;0;0;0;0;1;0;0;1;0;0;0;1;0;0;10804.2285714286
1;1;0;1;0;1;0;0;1;0;0;0;0;1;0;0;1;0;0;0;0;1;0;0;1;1;0;0;0;0;0;9735.15642857143
1;1;0;1;0;1;0;0;1;0;0;0;0;1;0;0;1;0;0;1;0;0;0;0;1;0;1;0;0;0;0;10013.3767857143
1;1;0;1;0;0;1;0;1;0;0;0;1;0;0;0;1;0;0;0;0;0;1;0;1;0;0;1;0;0;0;7994.45464285714
1;1;1;0;0;1;0;0;1;0;1;0;0;0;0;0;1;0;0;0;0;0;0;1;1;0;0;0;1;0;0;10032.3528571429
1;1;1;0;0;0;0;1;1;1;0;0;0;0;0;0;1;0;0;0;0;1;0;0;1;0;0;0;1;0;0;10060.5725
1;1;0;1;1;0;0;0;1;0;0;0;0;0;1;0;1;0;0;0;0;1;0;0;1;0;0;0;1;0;0;10781.8178571429
1;1;0;1;1;0;0;0;1;1;0;0;0;0;0;0;1;0;0;0;0;0;1;0;1;0;0;0;1;0;0;10834.125
1;1;0;1;0;1;0;0;1;0;0;0;0;0;0;1;1;0;0;0;0;0;1;0;1;0;0;0;1;0;0;10848.9
1;1;0;1;0;1;0;0;1;0;0;0;0;1;0;0;1;0;0;0;0;0;0;1;1;0;0;0;0;0;1;8738.04285714286
1;1;1;0;0;0;1;0;1;0;0;0;1;0;0;0;1;0;0;0;0;0;0;1;1;1;0;0;0;0;0;8775.375
1;1;1;0;1;0;0;0;1;0;0;0;0;1;0;0;1;0;0;0;0;0;1;0;1;0;1;0;0;0;0;6826.82142857143
1;1;0;1;0;0;1;0;1;0;0;0;0;1;0;0;1;0;0;0;0;1;0;0;1;1;0;0;0;0;0;9656.11107142857
1;1;0;1;0;0;0;1;1;0;0;0;0;0;0;1;1;0;0;1;0;0;0;0;1;0;0;0;0;1;0;11328.2357142857
1;1;1;0;0;1;0;0;1;0;1;0;0;0;0;0;1;0;0;1;0;0;0;0;1;0;0;0;0;1;0;10301.1107142857
1;1;0;1;1;0;0;0;1;1;0;0;0;0;0;0;1;0;0;0;0;0;0;1;1;0;0;1;0;0;0;10481.1892857143
1;1;1;0;0;1;0;0;1;0;0;0;0;0;0;1;1;0;0;0;0;1;0;0;1;0;0;1;0;0;0;9612.19178571429
1;1;1;0;0;0;1;0;1;0;0;0;0;0;0;1;1;0;0;0;0;0;0;1;1;0;0;1;0;0;0;9602.04214285714
1;1;1;0;1;0;0;0;1;0;1;0;0;0;0;0;1;0;0;1;0;0;0;0;1;0;0;1;0;0;0;9583.35964285715
1;1;1;0;0;0;0;1;1;0;0;0;0;1;0;0;1;1;0;0;0;0;0;0;1;0;1;0;0;0;0;11456.9857142857
1;1;1;0;0;1;0;0;1;0;0;0;1;0;0;0;1;0;0;0;0;0;0;1;1;0;0;0;0;0;1;10859.5285714286
1;1;1;0;1;0;0;0;1;0;0;0;0;0;0;1;1;1;0;0;0;0;0;0;1;0;0;0;0;0;1;15826.0464285714
1;1;1;0;1;0;0;0;1;0;0;0;1;0;0;0;1;1;0;0;0;0;0;0;1;0;0;0;0;1;0;15478.1214285714
1;1;0;1;1;0;0;0;1;0;0;0;0;1;0;0;1;0;0;1;0;0;0;0;1;0;0;0;1;0;0;10791.7714285714
1;1;0;1;0;1;0;0;1;0;0;1;0;0;0;0;1;0;0;1;0;0;0;0;1;0;0;0;0;1;0;11407.9678571429
1;1;1;0;0;0;1;0;1;0;1;0;0;0;0;0;1;0;0;0;0;1;0;0;1;0;0;0;0;1;0;10274.0357142857
1;1;1;0;0;1;0;0;1;0;0;1;0;0;0;0;1;0;1;0;0;0;0;0;1;0;0;0;1;0;0;9883.74178571428
1;1;0;1;0;0;0;1;1;0;0;0;0;0;1;0;1;0;0;1;0;0;0;0;1;0;0;0;1;0;0;10853.1785714286
1;1;0;1;0;0;0;1;1;1;0;0;0;0;0;0;1;0;0;0;0;0;0;1;1;0;1;0;0;0;0;7641.63535714286
1;1;1;0;1;0;0;0;1;1;0;0;0;0;0;0;1;0;0;0;0;0;0;1;1;0;0;0;0;1;0;10255.2678571429
1;1;1;0;0;1;0;0;1;0;0;0;1;0;0;0;1;1;0;0;0;0;0;0;1;0;0;0;0;1;0;12965.2428571429
1;1;0;1;0;1;0;0;1;0;0;0;0;0;0;1;1;0;0;0;0;1;0;0;1;0;0;0;0;1;0;8416.76035714286
1;1;1;0;1;0;0;0;1;0;1;0;0;0;0;0;1;0;0;0;0;0;1;0;1;1;0;0;0;0;0;6624.60642857143
1;1;0;1;0;0;1;0;1;0;0;0;0;0;0;1;1;0;0;0;0;0;0;1;1;0;0;0;1;0;0;10849.9571428571
1;1;0;1;0;1;0;0;1;1;0;0;0;0;0;0;1;0;0;1;0;0;0;0;1;0;0;0;0;1;0;11189.7035714286
1;1;1;0;0;0;1;0;1;0;0;0;1;0;0;0;1;0;1;0;0;0;0;0;1;0;0;0;0;1;0;12747.0357142857
1;1;1;0;0;0;1;0;1;1;0;0;0;0;0;0;1;0;0;0;0;0;0;1;1;0;0;0;0;1;0;10247.4892857143
1;1;0;1;0;0;1;0;1;0;1;0;0;0;0;0;1;0;0;1;0;0;0;0;1;0;0;0;0;0;1;14491.0785714286
1;1;1;0;0;0;1;0;1;0;0;1;0;0;0;0;1;1;0;0;0;0;0;0;1;0;0;0;1;0;0;9857.77464285714
1;1;1;0;1;0;0;0;1;0;1;0;0;0;0;0;1;0;0;0;0;0;0;1;1;0;0;0;0;0;1;10614.0214285714
1;1;1;0;0;1;0;0;1;0;0;0;0;0;0;1;1;0;1;0;0;0;0;0;1;0;0;0;0;1;0;10344.975
1;1;1;0;1;0;0;0;1;0;1;0;0;0;0;0;1;0;0;0;0;1;0;0;1;1;0;0;0;0;0;8753.06964285714
1;1;0;1;0;1;0;0;1;0;0;0;0;0;0;1;1;1;0;0;0;0;0;0;1;0;0;0;0;1;0;14099.2928571429
1;1;0;1;0;0;1;0;1;0;0;0;1;0;0;0;1;0;0;0;0;1;0;0;1;0;0;0;0;1;0;11306.5035714286
1;1;0;1;1;0;0;0;1;0;0;0;1;0;0;0;1;0;0;1;0;0;0;0;1;0;1;0;0;0;0;10048.1025
1;1;1;0;0;0;0;1;1;1;0;0;0;0;0;0;1;0;0;0;0;0;1;0;1;0;0;0;1;0;0;10493.6767857143
1;1;1;0;1;0;0;0;1;1;0;0;0;0;0;0;1;0;0;0;0;0;1;0;1;0;0;0;1;0;0;10102.7317857143
1;1;1;0;1;0;0;0;1;1;0;0;0;0;0;0;1;0;0;0;0;1;0;0;1;0;0;0;1;0;0;9973.01142857143
1;1;1;0;0;1;0;0;1;0;0;0;0;0;0;1;1;0;0;0;0;0;1;0;1;0;0;1;0;0;0;7245.56285714286
1;1;0;1;1;0;0;0;1;0;1;0;0;0;0;0;1;1;0;0;0;0;0;0;1;0;1;0;0;0;0;34956.3071428571
1;1;1;0;0;0;1;0;1;0;0;0;0;0;0;1;1;0;0;1;0;0;0;0;1;0;0;1;0;0;0;7494.63285714286
1;1;0;1;0;1;0;0;1;0;0;0;0;0;0;1;1;0;0;1;0;0;0;0;1;0;0;0;0;1;0;11469.575
1;1;0;1;0;1;0;0;1;0;1;0;0;0;0;0;1;1;0;0;0;0;0;0;1;0;0;1;0;0;0;20813.2178571429
1;1;1;0;1;0;0;0;1;0;0;0;0;0;1;0;1;1;0;0;0;0;0;0;1;0;0;0;1;0;0;15026.4071428571
1;1;1;0;0;1;0;0;1;0;0;0;0;1;0;0;1;0;0;0;0;1;0;0;1;0;0;0;0;1;0;10381.475
1;1;1;0;0;0;1;0;1;0;1;0;0;0;0;0;1;0;0;1;0;0;0;0;1;0;0;1;0;0;0;7387.25607142857
1;1;1;0;0;0;0;1;1;1;0;0;0;0;0;0;1;0;0;1;0;0;0;0;1;0;0;0;1;0;0;9996.22107142857
1;1;1;0;0;0;1;0;1;0;0;0;0;0;0;1;1;1;0;0;0;0;0;0;1;0;0;0;0;0;1;13175.6964285714
1;1;1;0;0;1;0;0;1;0;1;0;0;0;0;0;1;1;0;0;0;0;0;0;1;0;1;0;0;0;0;18502.7071428571
1;1;0;1;0;1;0;0;1;0;0;0;0;1;0;0;1;0;0;0;0;0;1;0;1;0;0;0;1;0;0;10923.1857142857
1;1;1;0;1;0;0;0;1;0;0;0;1;0;0;0;1;1;0;0;0;0;0;0;1;0;0;0;1;0;0;15012.7035714286
1;1;0;1;0;1;0;0;1;0;0;0;1;0;0;0;1;0;0;0;0;1;0;0;1;0;0;0;0;0;1;11676.05
1;1;0;1;1;0;0;0;1;0;0;0;0;1;0;0;1;0;1;0;0;0;0;0;1;0;0;1;0;0;0;13059.9571428571
1;1;1;0;0;1;0;0;1;0;0;0;1;0;0;0;1;0;0;0;0;0;0;1;1;0;1;0;0;0;0;6884.10785714286
1;1;0;1;1;0;0;0;1;0;0;0;1;0;0;0;1;0;0;0;0;0;0;1;1;0;0;0;0;1;0;11210.3892857143
1;1;1;0;0;0;1;0;1;0;1;0;0;0;0;0;1;0;0;0;0;0;1;0;1;0;0;1;0;0;0;7261.47357142857
1;1;1;0;0;0;1;0;1;0;0;0;0;0;0;1;1;0;1;0;0;0;0;0;1;0;1;0;0;0;0;7066.04214285714
1;1;0;1;0;1;0;0;1;0;0;0;0;0;0;1;1;0;0;0;1;0;0;0;1;0;0;0;1;0;0;10948.825
1;1;1;0;0;1;0;0;1;0;0;0;1;0;0;0;1;1;0;0;0;0;0;0;1;0;0;0;0;0;1;15946.3214285714
1;1;0;1;0;0;1;0;1;0;0;0;0;0;0;1;1;0;0;0;1;0;0;0;1;0;0;0;1;0;0;10783.6214285714
1;1;0;1;0;1;0;0;1;0;1;0;0;0;0;0;1;0;0;1;0;0;0;0;1;0;0;1;0;0;0;10479.2821428571
1;1;0;1;1;0;0;0;1;0;0;0;0;1;0;0;1;0;0;0;0;0;0;1;1;0;0;0;0;0;1;11633.8
1;1;0;1;0;1;0;0;1;0;0;0;1;0;0;0;1;0;0;0;0;0;0;1;1;0;0;1;0;0;0;7954.21357142857
1;1;1;0;0;0;1;0;1;0;1;0;0;0;0;0;1;0;0;0;0;0;1;0;1;0;1;0;0;0;0;9169.12714285714
1;1;1;0;0;0;1;0;1;0;0;0;1;0;0;0;1;1;0;0;0;0;0;0;1;0;0;0;1;0;0;12294.3857142857
1;1;1;0;1;0;0;0;1;0;0;0;0;0;0;1;1;0;0;0;0;0;0;1;1;0;1;0;0;0;0;6824.08892857143
1;1;0;1;0;0;1;0;1;0;0;0;1;0;0;0;1;0;1;0;0;0;0;0;1;1;0;0;0;0;0;12002.6464285714
1;1;1;0;0;0;1;0;1;0;0;0;1;0;0;0;1;1;0;0;0;0;0;0;1;0;0;0;0;0;1;13223.8428571429
1;1;1;0;1;0;0;0;1;0;0;0;1;0;0;0;1;0;0;0;0;0;1;0;1;0;1;0;0;0;0;9089.93107142857
1;1;1;0;0;1;0;0;1;0;0;0;0;1;0;0;1;0;0;0;0;0;1;0;1;0;0;0;1;0;0;9876.47142857143
1;1;0;1;0;0;1;0;1;0;0;0;1;0;0;0;1;0;0;0;0;1;0;0;1;0;0;0;0;0;1;11750.1035714286
1;1;1;0;1;0;0;0;1;0;0;0;1;0;0;0;1;0;0;0;0;0;1;0;1;0;0;0;0;1;0;10229.0392857143
1;1;1;0;0;0;1;0;1;0;0;0;1;0;0;0;1;0;0;1;0;0;0;0;1;0;1;0;0;0;0;6967.7875
1;1;1;0;1;0;0;0;1;0;0;0;0;0;0;1;1;1;0;0;0;0;0;0;1;1;0;0;0;0;0;13219.4928571429
1;1;1;0;0;1;0;0;1;0;1;0;0;0;0;0;1;0;0;0;0;1;0;0;1;0;0;0;1;0;0;10175.9835714286
1;1;1;0;1;0;0;0;1;0;0;0;0;0;0;1;1;0;0;1;0;0;0;0;1;1;0;0;0;0;0;8862.7725
1;1;1;0;0;1;0;0;1;0;0;0;0;1;0;0;1;1;0;0;0;0;0;0;1;0;0;1;0;0;0;11971.4392857143
1;1;0;1;0;0;1;0;1;0;1;0;0;0;0;0;1;1;0;0;0;0;0;0;1;0;0;1;0;0;0;18385.2428571429
1;1;1;0;0;1;0;0;1;0;1;0;0;0;0;0;1;0;0;1;0;0;0;0;1;0;1;0;0;0;0;9204.69464285714
1;1;1;0;1;0;0;0;1;0;0;0;0;1;0;0;1;1;0;0;0;0;0;0;1;0;0;1;0;0;0;14619.5285714286
1;1;0;1;1;0;0;0;1;0;0;0;0;0;0;1;1;1;0;0;0;0;0;0;1;0;0;0;0;0;1;17397.25
1;1;1;0;0;0;1;0;1;0;1;0;0;0;0;0;1;0;1;0;0;0;0;0;1;0;0;0;0;1;0;10240.3642857143
1;1;1;0;1;0;0;0;1;0;1;0;0;0;0;0;1;0;0;1;0;0;0;0;1;0;1;0;0;0;0;9088.49785714286
1;1;1;0;0;1;0;0;1;0;0;0;0;0;0;1;1;1;0;0;0;0;0;0;1;0;0;1;0;0;0;11923.1392857143
1;1;0;1;0;1;0;0;1;0;0;0;0;1;0;0;1;1;0;0;0;0;0;0;1;0;0;0;0;1;0;14054.9964285714
1;1;0;1;1;0;0;0;1;0;0;1;0;0;0;0;1;0;0;0;0;0;1;0;1;0;0;0;1;0;0;10812.1785714286
1;1;0;1;0;0;1;0;1;0;0;0;0;0;1;0;1;0;1;0;0;0;0;0;1;0;0;0;1;0;0;10849.55
1;1;1;0;1;0;0;0;1;0;0;0;1;0;0;0;1;1;0;0;0;0;0;0;1;0;0;1;0;0;0;14641.4321428571
1;1;1;0;0;0;1;0;1;0;1;0;0;0;0;0;1;0;0;0;0;0;1;0;1;0;0;0;0;1;0;10231.4285714286
1;1;1;0;1;0;0;0;1;0;0;0;0;0;0;1;1;0;1;0;0;0;0;0;1;0;0;1;0;0;0;9929.11178571429
1;1;1;0;0;1;0;0;1;0;0;0;1;0;0;0;1;0;0;0;0;0;0;1;1;1;0;0;0;0;0;6737.73571428572
1;1;0;1;1;0;0;0;1;0;1;0;0;0;0;0;1;0;1;0;0;0;0;0;1;0;0;0;0;1;0;14082.55
1;1;1;0;1;0;0;0;1;0;0;0;0;0;0;1;1;0;0;1;0;0;0;0;1;0;1;0;0;0;0;9143.93142857143
1;1;1;0;0;0;1;0;1;0;0;0;1;0;0;0;1;0;0;0;0;0;1;0;1;0;0;0;0;0;1;10564.5071428571
1;1;1;0;0;1;0;0;1;0;1;0;0;0;0;0;1;1;0;0;0;0;0;0;1;0;0;1;0;0;0;19096.0785714286
1;1;0;1;0;1;0;0;1;0;0;0;0;1;0;0;1;0;0;0;0;0;0;1;1;0;0;0;0;1;0;11262.3964285714
1;1;0;1;0;1;0;0;1;0;0;0;0;1;0;0;1;1;0;0;0;0;0;0;1;1;0;0;0;0;0;12230.8642857143
1;1;1;0;0;1;0;0;1;1;0;0;0;0;0;0;1;0;0;0;0;0;0;1;1;0;0;0;0;1;0;10237.2178571429
1;1;0;1;1;0;0;0;1;0;0;0;0;0;0;1;1;1;0;0;0;0;0;0;1;0;0;0;1;0;0;16196.9678571429
1;1;1;0;0;0;1;0;1;0;0;0;0;0;0;1;1;0;1;0;0;0;0;0;1;0;0;0;1;0;0;9961.99214285714
1;1;0;1;0;0;1;0;1;0;0;0;0;0;0;1;1;0;0;0;0;0;1;0;1;0;0;1;0;0;0;10474.0892857143
1;1;0;1;0;0;1;0;1;0;0;0;0;1;0;0;1;0;0;0;0;1;0;0;1;0;0;1;0;0;0;8057.83357142857
1;1;1;0;1;0;0;0;1;0;0;0;0;0;0;1;1;0;0;0;0;0;0;1;1;0;0;0;0;1;0;10335.0678571429
1;1;0;1;0;0;1;0;1;0;0;0;1;0;0;0;1;0;1;0;0;0;0;0;1;0;0;0;0;1;0;14144.575
1;1;1;0;1;0;0;0;1;0;0;0;1;0;0;0;1;0;0;1;0;0;0;0;1;0;0;1;0;0;0;9696.87714285714
1;1;1;0;1;0;0;0;1;0;0;0;1;0;0;0;1;0;0;0;0;0;0;1;1;0;0;0;0;0;1;10601.2535714286
1;1;1;0;0;1;0;0;1;0;0;0;0;1;0;0;1;0;1;0;0;0;0;0;1;0;0;0;1;0;0;9868.64428571428
1;1;0;1;0;0;1;0;1;0;0;0;0;0;1;0;1;0;0;1;0;0;0;0;1;1;0;0;0;0;0;9619.16321428572
1;1;1;0;0;0;1;0;1;0;0;0;0;1;0;0;1;0;0;1;0;0;0;0;1;0;0;0;0;0;1;10558.8964285714
1;1;0;1;0;0;1;0;1;0;0;0;1;0;0;0;1;1;0;0;0;0;0;0;1;0;1;0;0;0;0;12558.4821428571
1;1;0;1;1;0;0;0;1;0;0;0;1;0;0;0;1;1;0;0;0;0;0;0;1;0;1;0;0;0;0;14950.8714285714
1;1;1;0;0;0;1;0;1;0;0;0;0;1;0;0;1;1;0;0;0;0;0;0;1;0;0;0;0;0;1;13239.7
1;1;1;0;0;0;1;0;1;0;1;0;0;0;0;0;1;1;0;0;0;0;0;0;1;0;0;0;1;0;0;17256.9142857143
1;1;0;1;0;1;0;0;1;0;1;0;0;0;0;0;1;0;0;0;0;0;0;1;1;0;0;1;0;0;0;7862.33571428571
1;1;0;1;0;0;1;0;1;0;0;0;0;0;0;1;1;0;0;0;0;0;0;1;1;0;1;0;0;0;0;7712.33571428571
1;1;0;1;0;1;0;0;1;0;0;0;0;1;0;0;1;0;1;0;0;0;0;0;1;0;0;1;0;0;0;10420.6857142857
1;1;1;0;1;0;0;0;1;0;0;0;0;0;0;1;1;0;0;0;0;1;0;0;1;0;0;0;0;0;1;10636.5464285714
1;1;0;1;0;1;0;0;1;0;1;0;0;0;0;0;1;1;0;0;0;0;0;0;1;0;0;0;0;1;0;22786.1178571429
1;1;0;1;0;0;1;0;1;0;1;0;0;0;0;0;1;0;1;0;0;0;0;0;1;0;0;0;0;1;0;14009.1785714286
1;1;1;0;1;0;0;0;1;0;0;0;0;1;0;0;1;0;0;0;0;1;0;0;1;1;0;0;0;0;0;8830.31357142857
1;1;0;1;0;1;0;0;1;0;1;0;0;0;0;0;1;0;0;1;0;0;0;0;1;0;0;0;0;1;0;11194.4285714286
1;1;1;0;0;1;0;0;1;0;0;0;0;0;0;1;1;0;0;0;0;0;1;0;1;0;0;0;0;0;1;10762.8321428571
1;1;1;0;0;0;1;0;1;1;0;0;0;0;0;0;1;0;0;0;0;1;0;0;1;0;0;0;1;0;0;10124.9935714286
1;1;1;0;0;0;1;0;1;0;0;0;0;0;0;1;1;0;0;1;0;0;0;0;1;0;0;0;0;1;0;10381.6321428571
1;1;1;0;0;1;0;0;1;0;1;0;0;0;0;0;1;0;0;0;0;0;0;1;1;1;0;0;0;0;0;6684.66214285714
1;1;1;0;0;0;0;1;1;0;0;1;0;0;0;0;1;1;0;0;0;0;0;0;1;0;0;0;1;0;0;12514.8678571429
1;1;0;1;0;1;0;0;1;0;0;0;0;0;1;0;1;1;0;0;0;0;0;0;1;0;0;0;1;0;0;16298.7607142857
1;1;1;0;0;0;1;0;1;0;0;0;0;1;0;0;1;1;0;0;0;0;0;0;1;0;0;1;0;0;0;9665.24571428571
1;1;1;0;0;0;1;0;1;0;0;0;0;1;0;0;1;0;0;0;0;1;0;0;1;0;0;0;0;0;1;10636.3571428571
1;1;1;0;0;1;0;0;1;1;0;0;0;0;0;0;1;0;0;0;0;0;0;1;1;1;0;0;0;0;0;6653.31892857143
1;1;1;0;0;0;1;0;1;0;0;0;0;1;0;0;1;0;0;0;0;1;0;0;1;0;1;0;0;0;0;6890.22285714286
1;1;0;1;0;0;1;0;1;0;0;0;0;0;0;1;1;0;0;0;0;0;0;1;1;0;0;0;0;1;0;11429.35
1;1;0;1;0;0;0;1;1;1;0;0;0;0;0;0;1;0;0;0;0;0;0;1;1;0;0;0;0;1;0;8528.9325
1;1;0;1;0;0;1;0;1;0;0;0;0;1;0;0;1;1;0;0;0;0;0;0;1;0;0;0;0;1;0;14088.7535714286
1;1;0;1;1;0;0;0;1;0;0;0;0;1;0;0;1;0;0;0;0;1;0;0;1;0;1;0;0;0;0;10059.3692857143
1;1;1;0;0;1;0;0;1;0;1;0;0;0;0;0;1;0;1;0;0;0;0;0;1;0;0;1;0;0;0;11921.9035714286
1;1;1;0;1;0;0;0;1;0;0;0;0;1;0;0;1;0;0;0;0;0;1;0;1;0;0;0;0;1;0;10475.3285714286
1;1;0;1;1;0;0;0;1;0;0;0;0;1;0;0;1;1;0;0;0;0;0;0;1;0;0;1;0;0;0;15937.0857142857
1;1;0;1;0;1;0;0;1;0;0;0;0;1;0;0;1;0;0;0;0;0;1;0;1;1;0;0;0;0;0;9713.66678571429
1;1;1;0;0;1;0;0;1;0;0;1;0;0;0;0;1;0;0;0;0;0;1;0;1;0;0;0;1;0;0;10079.8860714286
1;1;0;1;1;0;0;0;1;0;0;0;0;0;0;1;1;0;0;0;0;0;0;1;1;0;0;0;1;0;0;10846.5535714286
1;1;0;1;1;0;0;0;1;1;0;0;0;0;0;0;1;0;0;0;0;0;0;1;1;0;0;0;0;0;1;11588.275
1;1;1;0;0;0;1;0;1;0;0;0;0;0;0;1;1;0;0;1;0;0;0;0;1;0;0;0;0;0;1;10548.6678571429
1;1;0;1;1;0;0;0;1;0;1;0;0;0;0;0;1;0;0;0;0;1;0;0;1;0;1;0;0;0;0;10115.5592857143
1;1;0;1;1;0;0;0;1;0;1;0;0;0;0;0;1;0;0;0;0;1;0;0;1;0;0;1;0;0;0;10400.2607142857
1;1;0;1;1;0;0;0;1;0;0;0;0;1;0;0;1;0;0;1;0;0;0;0;1;0;0;1;0;0;0;10605.8428571429
1;1;0;1;0;1;0;0;1;0;0;0;0;1;0;0;1;1;0;0;0;0;0;0;1;0;1;0;0;0;0;12549.3071428571
1;1;0;1;0;1;0;0;1;0;1;0;0;0;0;0;1;0;0;1;0;0;0;0;1;1;0;0;0;0;0;9605.20214285714
1;1;1;0;0;0;0;1;1;0;0;0;0;0;1;0;1;0;0;1;0;0;0;0;1;0;0;0;1;0;0;10101.7671428571
1;1;0;1;0;0;1;0;1;0;0;0;1;0;0;0;1;0;0;0;0;0;0;1;1;0;0;0;0;0;1;11625.2428571429
1;1;0;1;0;0;1;0;1;0;1;0;0;0;0;0;1;1;0;0;0;0;0;0;1;0;0;0;0;1;0;19679.7678571429
1;1;1;0;0;1;0;0;1;0;0;0;0;0;0;1;1;0;0;1;0;0;0;0;1;0;0;0;0;1;0;12951.625
1;1;0;1;1;0;0;0;1;0;0;0;1;0;0;0;1;0;0;0;0;1;0;0;1;0;1;0;0;0;0;10066.1064285714
1;1;1;0;0;1;0;0;1;0;1;0;0;0;0;0;1;0;0;0;0;1;0;0;1;0;1;0;0;0;0;9279.1775
1;1;0;1;0;0;0;1;1;0;0;0;0;0;0;1;1;0;0;1;0;0;0;0;1;1;0;0;0;0;0;9687.88821428571
1;1;0;1;0;1;0;0;1;0;0;0;0;0;0;1;1;0;0;0;0;0;1;0;1;0;0;0;0;0;1;11623.3035714286
1;1;0;1;1;0;0;0;1;0;0;0;0;1;0;0;1;0;0;0;0;1;0;0;1;0;0;0;0;1;0;11265.7107142857
1;1;0;1;0;0;1;0;1;0;1;0;0;0;0;0;1;0;1;0;0;0;0;0;1;0;1;0;0;0;0;10087.2514285714
1;1;0;1;0;0;1;0;1;0;0;0;0;0;0;1;1;0;0;0;1;0;0;0;1;0;0;0;0;1;0;11315.5928571429
1;1;0;1;0;1;0;0;1;0;0;0;0;0;1;0;1;0;0;1;0;0;0;0;1;0;0;0;0;0;1;11720.2392857143
1;1;1;0;0;0;1;0;1;0;0;0;0;0;0;1;1;0;0;0;0;0;0;1;1;0;0;0;1;0;0;9919.94071428571
1;1;1;0;0;1;0;0;1;0;0;0;1;0;0;0;1;0;0;0;0;1;0;0;1;1;0;0;0;0;0;8837.87107142857
1;1;1;0;0;0;1;0;1;0;1;0;0;0;0;0;1;0;0;0;0;0;0;1;1;0;0;0;1;0;0;9905.27285714286
1;1;1;0;1;0;0;0;1;0;0;0;0;0;0;1;1;1;0;0;0;0;0;0;1;0;1;0;0;0;0;13826.1392857143
1;1;0;1;1;0;0;0;1;0;0;0;1;0;0;0;1;0;1;0;0;0;0;0;1;0;0;0;0;0;1;14549.9571428571
1;1;0;1;0;1;0;0;1;0;1;0;0;0;0;0;1;0;0;0;0;0;0;1;1;0;0;0;0;0;1;11833.8321428571
1;1;1;0;1;0;0;0;1;0;1;0;0;0;0;0;1;0;0;0;0;0;1;0;1;0;0;1;0;0;0;9877.67035714286
1;1;1;0;1;0;0;0;1;0;1;0;0;0;0;0;1;0;0;0;0;1;0;0;1;0;0;1;0;0;0;9671.40428571428
1;1;0;1;0;1;0;0;1;0;1;0;0;0;0;0;1;0;1;0;0;0;0;0;1;1;0;0;0;0;0;12154.2107142857
1;1;0;1;1;0;0;0;1;0;0;0;0;0;0;1;1;0;0;0;1;0;0;0;1;0;0;0;1;0;0;10938.8642857143
1;1;1;0;1;0;0;0;1;0;1;0;0;0;0;0;1;1;0;0;0;0;0;0;1;0;1;0;0;0;0;38615.5535714286
1;1;0;1;0;1;0;0;1;0;0;0;0;0;0;1;1;0;0;0;0;0;0;1;1;0;1;0;0;0;0;7497.74071428571
1;1;1;0;0;0;1;0;1;0;0;0;1;0;0;0;1;0;1;0;0;0;0;0;1;0;0;1;0;0;0;12004.7071428571
1;1;1;0;0;0;1;0;1;0;0;0;0;1;0;0;1;0;0;0;0;0;1;0;1;0;1;0;0;0;0;9288.09214285714
1;1;0;1;0;0;1;0;1;0;0;0;0;1;0;0;1;1;0;0;0;0;0;0;1;0;1;0;0;0;0;10082.8285714286
1;1;0;1;0;0;0;1;1;0;0;0;0;0;1;0;1;1;0;0;0;0;0;0;1;0;0;0;1;0;0;13644.0714285714
1;1;0;1;0;1;0;0;1;0;0;0;0;1;0;0;1;0;0;0;0;1;0;0;1;0;1;0;0;0;0;10067.0539285714
1;1;1;0;1;0;0;0;1;0;0;0;1;0;0;0;1;0;0;0;0;1;0;0;1;0;1;0;0;0;0;9296.86464285714
1;1;0;1;0;0;1;0;1;0;0;0;0;1;0;0;1;1;0;0;0;0;0;0;1;0;0;0;1;0;0;13566.0678571429
1;1;0;1;0;0;1;0;1;0;0;0;0;1;0;0;1;0;0;0;0;0;0;1;1;0;0;0;1;0;0;10845.35
1;1;1;0;0;0;1;0;1;0;0;0;1;0;0;0;1;0;0;0;0;0;0;1;1;0;0;0;0;0;1;10629.8428571429
1;1;0;1;0;1;0;0;1;0;0;0;0;0;0;1;1;0;0;0;0;1;0;0;1;1;0;0;0;0;0;7304.395
1;1;1;0;1;0;0;0;1;0;0;0;0;0;0;1;1;0;1;0;0;0;0;0;1;0;0;0;0;1;0;12834.25
1;1;0;1;1;0;0;0;1;0;0;0;1;0;0;0;1;0;0;0;0;0;0;1;1;0;1;0;0;0;0;7595.3725
1;1;1;0;0;1;0;0;1;0;0;0;1;0;0;0;1;0;1;0;0;0;0;0;1;0;1;0;0;0;0;9353.55464285714
1;1;1;0;0;1;0;0;1;0;0;0;1;0;0;0;1;0;0;0;0;0;1;0;1;0;0;0;0;0;1;10767.2214285714
1;1;0;1;0;1;0;0;1;0;0;0;0;0;0;1;1;0;0;0;0;1;0;0;1;0;0;1;0;0;0;10437.7392857143
1;1;0;1;0;0;1;0;1;0;1;0;0;0;0;0;1;0;0;0;0;0;1;0;1;0;0;0;0;0;1;11610.5464285714
1;1;1;0;0;0;1;0;1;0;0;0;1;0;0;0;1;0;0;0;0;0;1;0;1;0;0;0;0;1;0;10190.8535714286
1;1;0;1;1;0;0;0;1;0;1;0;0;0;0;0;1;1;0;0;0;0;0;0;1;0;0;0;1;0;0;37938.3928571429
1;1;0;1;0;0;1;0;1;0;1;0;0;0;0;0;1;0;0;1;0;0;0;0;1;0;1;0;0;0;0;7695.65678571428
1;1;0;1;0;1;0;0;1;0;1;0;0;0;0;0;1;0;0;0;0;0;1;0;1;1;0;0;0;0;0;7200.89571428572
1;1;0;1;0;1;0;0;1;0;1;0;0;0;0;0;1;0;1;0;0;0;0;0;1;0;0;0;1;0;0;13535.9821428571
1;1;0;1;0;1;0;0;1;0;0;0;0;1;0;0;1;0;0;0;0;0;1;0;1;0;0;1;0;0;0;10418.5571428571
1;1;1;0;0;0;1;0;1;0;0;0;1;0;0;0;1;1;0;0;0;0;0;0;1;1;0;0;0;0;0;8833.54821428571
1;1;1;0;0;1;0;0;1;0;0;0;0;0;1;0;1;0;0;1;0;0;0;0;1;0;0;0;1;0;0;9897.55535714286
1;1;1;0;0;1;0;0;1;0;0;0;0;0;0;1;1;0;0;0;0;1;0;0;1;0;0;0;0;0;1;10744.3892857143
1;1;0;1;1;0;0;0;1;0;0;0;0;1;0;0;1;0;0;0;0;0;1;0;1;0;0;1;0;0;0;7923.88607142857
1;1;0;1;0;0;1;0;1;0;0;0;0;0;0;1;1;0;0;0;0;0;1;0;1;0;0;0;0;0;1;11688.2107142857
1;1;0;1;0;0;1;0;1;0;0;1;0;0;0;0;1;0;0;1;0;0;0;0;1;0;0;0;1;0;0;10825.3964285714
1;1;0;1;1;0;0;0;1;0;0;0;1;0;0;0;1;0;0;0;0;0;1;0;1;1;0;0;0;0;0;7195.99071428572
1;1;1;0;0;0;1;0;1;0;0;0;0;0;1;0;1;0;0;0;0;1;0;0;1;0;0;0;1;0;0;9890.57464285714
1;1;1;0;0;0;1;0;1;0;0;0;1;0;0;0;1;0;0;0;0;1;0;0;1;1;0;0;0;0;0;8753.69
1;1;1;0;0;1;0;0;1;0;0;0;1;0;0;0;1;0;0;0;0;1;0;0;1;0;0;1;0;0;0;9629.68178571429
1;1;1;0;0;1;0;0;1;0;0;0;0;0;0;1;1;0;0;0;0;1;0;0;1;1;0;0;0;0;0;6686.81035714286
1;1;0;1;0;0;1;0;1;0;0;0;1;0;0;0;1;1;0;0;0;0;0;0;1;0;0;0;0;1;0;14059.4857142857
1;1;1;0;0;1;0;0;1;0;0;0;0;0;0;1;1;1;0;0;0;0;0;0;1;0;0;0;1;0;0;12370.7107142857
1;1;0;1;1;0;0;0;1;0;0;0;1;0;0;0;1;1;0;0;0;0;0;0;1;0;0;0;1;0;0;16353.8428571429
1;1;1;0;0;1;0;0;1;0;0;0;0;0;1;0;1;0;1;0;0;0;0;0;1;0;0;0;1;0;0;9862.99035714285
1;1;1;0;0;1;0;0;1;0;0;0;0;0;0;1;1;0;0;0;0;0;0;1;1;0;0;0;0;0;1;10687.4035714286
1;1;0;1;0;1;0;0;1;0;0;0;0;1;0;0;1;0;0;1;0;0;0;0;1;0;0;0;0;0;1;11664.9214285714
1;1;0;1;0;0;1;0;1;0;0;0;1;0;0;0;1;0;1;0;0;0;0;0;1;0;0;0;0;0;1;14688.65
1;1;1;0;0;0;1;0;1;0;1;0;0;0;0;0;1;0;0;0;0;0;1;0;1;0;0;0;1;0;0;9893.29928571428
1;1;1;0;1;0;0;0;1;0;0;0;0;0;0;1;1;0;0;0;0;1;0;0;1;0;0;1;0;0;0;9748.8625
1;1;0;1;0;0;1;0;1;0;0;0;1;0;0;0;1;0;0;1;0;0;0;0;1;0;0;0;0;0;1;11677.1285714286
1;1;0;1;1;0;0;0;1;0;0;0;0;1;0;0;1;0;0;0;0;0;1;0;1;0;0;0;0;1;0;11255.1392857143
1;1;0;1;0;1;0;0;1;0;0;0;0;0;0;1;1;1;0;0;0;0;0;0;1;0;0;1;0;0;0;13145.1178571429
1;1;1;0;0;1;0;0;1;0;0;0;0;0;0;1;1;0;0;0;0;0;1;0;1;1;0;0;0;0;0;6731.99535714286
1;1;0;1;0;0;1;0;1;0;0;0;0;0;0;1;1;0;0;0;0;0;1;0;1;0;0;0;1;0;0;10799.2714285714
1;1;0;1;1;0;0;0;1;0;0;0;0;0;0;1;1;0;0;0;0;1;0;0;1;0;0;0;0;0;1;11676.4714285714
1;1;0;1;1;0;0;0;1;0;1;0;0;0;0;0;1;0;0;0;0;0;1;0;1;0;0;0;0;1;0;11208.0107142857
1;1;0;1;1;0;0;0;1;0;0;0;0;0;0;1;1;0;0;0;1;0;0;0;1;0;0;0;0;1;0;11336.5964285714
1;1;1;0;0;0;1;0;1;0;0;0;0;1;0;0;1;0;0;0;0;0;1;0;1;1;0;0;0;0;0;8829.40892857143
1;1;0;1;1;0;0;0;1;0;0;1;0;0;0;0;1;0;0;0;0;1;0;0;1;0;0;0;1;0;0;10891.3892857143
1;1;0;1;0;0;1;0;1;0;1;0;0;0;0;0;1;0;0;0;0;0;1;0;1;0;1;0;0;0;0;9984.16285714286
1;1;0;1;0;1;0;0;1;0;0;0;0;1;0;0;1;0;0;1;0;0;0;0;1;1;0;0;0;0;0;9716.08464285714
1;1;0;1;1;0;0;0;1;0;0;0;1;0;0;0;1;0;0;1;0;0;0;0;1;0;0;0;0;1;0;11251.0357142857
1;1;1;0;0;1;0;0;1;0;0;0;1;0;0;0;1;0;1;0;0;0;0;0;1;0;0;0;1;0;0;9865.03214285714
1;1;0;1;0;0;1;0;1;0;0;0;1;0;0;0;1;0;0;1;0;0;0;0;1;0;0;1;0;0;0;10459.3285714286
1;1;1;0;1;0;0;0;1;0;0;0;1;0;0;0;1;1;0;0;0;0;0;0;1;0;1;0;0;0;0;13649.5535714286
1;1;1;0;1;0;0;0;1;0;1;0;0;0;0;0;1;1;0;0;0;0;0;0;1;0;0;0;1;0;0;41979.3321428571
1;1;1;0;0;0;1;0;1;0;0;0;0;0;0;1;1;0;0;0;0;0;0;1;1;0;0;0;0;0;1;10677.1535714286
1;1;1;0;1;0;0;0;1;0;0;0;1;0;0;0;1;0;0;0;0;0;1;0;1;0;0;1;0;0;0;9979.30107142857
1;1;1;0;1;0;0;0;1;0;1;0;0;0;0;0;1;0;0;1;0;0;0;0;1;0;0;0;0;1;0;10360.35
1;1;0;1;0;0;1;0;1;0;0;0;0;0;0;1;1;0;0;0;0;1;0;0;1;0;0;1;0;0;0;10491.0035714286
1;1;0;1;0;0;1;0;1;0;0;0;0;0;0;1;1;0;0;0;0;1;0;0;1;0;0;0;0;1;0;11277.8142857143
1;1;1;0;1;0;0;0;1;0;0;0;1;0;0;0;1;1;0;0;0;0;0;0;1;0;0;0;0;0;1;18560.5964285714
1;1;0;1;1;0;0;0;1;0;0;0;0;0;0;1;1;1;0;0;0;0;0;0;1;0;0;1;0;0;0;15662.8964285714
1;1;1;0;0;0;0;1;1;0;0;0;1;0;0;0;1;1;0;0;0;0;0;0;1;0;1;0;0;0;0;11419.4714285714
1;1;1;0;0;0;1;0;1;0;0;0;0;1;0;0;1;0;1;0;0;0;0;0;1;1;0;0;0;0;0;8878.74357142857
1;1;0;1;0;1;0;0;1;0;0;0;1;0;0;0;1;0;1;0;0;0;0;0;1;0;0;1;0;0;0;10408.5107142857
1;1;1;0;0;0;1;0;1;0;1;0;0;0;0;0;1;0;0;0;0;1;0;0;1;0;0;0;1;0;0;9920.37642857143
1;1;0;1;0;0;1;0;1;0;0;0;0;1;0;0;1;0;0;1;0;0;0;0;1;0;0;0;0;1;0;11246.3321428571
1;1;1;0;0;0;1;0;1;0;0;0;0;1;0;0;1;0;0;0;0;0;1;0;1;0;0;0;1;0;0;9883.65392857143
1;1;1;0;1;0;0;0;1;0;0;0;0;1;0;0;1;1;0;0;0;0;0;0;1;0;0;0;1;0;0;14984.9821428571
1;1;0;1;0;0;1;0;1;1;0;0;0;0;0;0;1;0;0;1;0;0;0;0;1;1;0;0;0;0;0;9610.01892857143
1;1;1;0;0;0;0;1;1;0;0;0;0;0;0;1;1;0;0;1;0;0;0;0;1;0;1;0;0;0;0;9392.68321428571
1;1;0;1;1;0;0;0;1;0;0;0;1;0;0;0;1;0;1;0;0;0;0;0;1;0;0;1;0;0;0;13365.0392857143
1;1;0;1;0;0;1;0;1;0;1;0;0;0;0;0;1;0;0;0;0;1;0;0;1;0;0;0;0;0;1;11669.8571428571
1;1;0;1;0;0;1;0;1;0;1;0;0;0;0;0;1;0;0;0;0;0;0;1;1;0;0;0;1;0;0;10844.9535714286
1;1;0;1;0;0;1;0;1;0;0;0;1;0;0;0;1;0;1;0;0;0;0;0;1;0;0;1;0;0;0;13055.7142857143
1;1;0;1;1;0;0;0;1;0;0;0;0;0;1;0;1;0;0;1;0;0;0;0;1;0;0;0;0;0;1;11924.7357142857
1;1;0;1;1;0;0;0;1;0;1;0;0;0;0;0;1;0;0;0;0;1;0;0;1;0;0;0;1;0;0;10762.7321428571
1;1;1;0;0;1;0;0;1;1;0;0;0;0;0;0;1;0;0;0;0;0;0;1;1;0;1;0;0;0;0;9220.68857142857
1;1;0;1;1;0;0;0;1;0;0;0;0;0;0;1;1;0;0;0;0;0;0;1;1;0;1;0;0;0;0;7546.05357142857
1;1;0;1;1;0;0;0;1;0;0;0;0;0;0;1;1;0;0;0;0;0;1;0;1;0;0;1;0;0;0;7818.51357142857
1;1;0;1;0;1;0;0;1;0;0;0;0;0;0;1;1;0;0;0;1;0;0;0;1;1;0;0;0;0;0;9798.09785714286
1;1;0;1;0;1;0;0;1;0;0;0;1;0;0;0;1;1;0;0;0;0;0;0;1;0;0;0;0;1;0;16858.0107142857
1;1;0;1;0;0;1;0;1;0;0;0;0;1;0;0;1;0;1;0;0;0;0;0;1;0;0;0;1;0;0;13502.4285714286
1;1;1;0;1;0;0;0;1;0;0;0;1;0;0;0;1;1;0;0;0;0;0;0;1;1;0;0;0;0;0;13139.5357142857
1;1;1;0;0;0;1;0;1;0;1;0;0;0;0;0;1;0;0;0;0;0;0;1;1;0;0;0;0;1;0;10171.8714285714
1;1;1;0;0;1;0;0;1;0;1;0;0;0;0;0;1;0;0;0;0;1;0;0;1;0;0;0;0;1;0;10455.1714285714
1;1;0;1;1;0;0;0;1;0;0;0;1;0;0;0;1;0;0;0;0;1;0;0;1;0;0;1;0;0;0;10421.1821428571
1;1;0;1;0;0;1;0;1;0;0;0;1;0;0;0;1;0;0;1;0;0;0;0;1;0;1;0;0;0;0;7606.95357142857
1;1;1;0;0;0;1;0;1;0;0;1;0;0;0;0;1;0;1;0;0;0;0;0;1;0;0;0;1;0;0;12378.6107142857
1;1;0;1;1;0;0;0;1;0;0;0;0;1;0;0;1;0;1;0;0;0;0;0;1;0;0;0;1;0;0;13490.1285714286
1;1;0;1;0;0;1;0;1;0;0;0;0;0;1;0;1;1;0;0;0;0;0;0;1;0;0;0;1;0;0;13508.6964285714
1;1;0;1;0;0;1;0;1;1;0;0;0;0;0;0;1;0;0;0;0;0;0;1;1;0;1;0;0;0;0;7533.09357142857
1;1;0;1;0;1;0;0;1;0;0;0;1;0;0;0;1;0;0;0;0;0;0;1;1;1;0;0;0;0;0;7247.71428571429
1;1;1;0;0;0;1;0;1;0;0;0;0;0;1;0;1;0;0;1;0;0;0;0;1;0;0;0;1;0;0;9956.10321428571
1;1;1;0;1;0;0;0;1;0;0;0;0;1;0;0;1;0;0;0;0;1;0;0;1;0;0;0;0;0;1;10627.5678571429
1;1;0;1;0;1;0;0;1;0;0;0;0;1;0;0;1;0;0;0;0;0;1;0;1;0;0;0;0;0;1;11699.1892857143
1;1;0;1;1;0;0;0;1;0;0;0;0;1;0;0;1;0;0;1;0;0;0;0;1;0;1;0;0;0;0;10001.6275
1;1;0;1;0;1;0;0;1;0;1;0;0;0;0;0;1;0;0;0;0;0;0;1;1;0;0;0;1;0;0;10908.9464285714
1;1;1;0;1;0;0;0;1;0;0;0;0;1;0;0;1;0;0;0;0;1;0;0;1;0;1;0;0;0;0;9127.83035714286
1;1;1;0;0;0;1;0;1;0;1;0;0;0;0;0;1;0;1;0;0;0;0;0;1;0;0;0;1;0;0;9809.98571428571
1;1;0;1;1;0;0;0;1;1;0;0;0;0;0;0;1;0;0;0;0;0;0;1;1;1;0;0;0;0;0;7207.1775
1;1;1;0;0;0;1;0;1;0;1;0;0;0;0;0;1;0;0;0;0;0;1;0;1;0;0;0;0;0;1;10598.4178571429
1;1;1;0;0;1;0;0;1;0;1;0;0;0;0;0;1;1;0;0;0;0;0;0;1;0;0;0;0;1;0;20607.2571428571
1;1;0;1;0;0;1;0;1;0;1;0;0;0;0;0;1;1;0;0;0;0;0;0;1;0;0;0;1;0;0;18975.7857142857
1;1;1;0;0;1;0;0;1;0;0;0;0;0;0;1;1;0;0;0;1;0;0;0;1;0;0;0;0;1;0;10367.4464285714
1;1;0;1;1;0;0;0;1;0;0;0;0;0;0;1;1;0;0;0;0;1;0;0;1;0;0;0;0;1;0;11225.5964285714
1;1;1;0;0;1;0;0;1;0;0;0;0;1;0;0;1;0;0;1;0;0;0;0;1;1;0;0;0;0;0;8815.59142857143
1;1;1;0;0;0;1;0;1;0;0;0;0;0;0;1;1;0;0;0;0;0;1;0;1;0;0;0;0;1;0;10257.375
1;1;0;1;0;0;0;1;1;0;0;0;0;0;1;0;1;0;0;0;0;1;0;0;1;0;0;0;1;0;0;8168.83035714286
1;1;1;0;0;1;0;0;1;0;0;0;0;0;0;1;1;0;0;0;0;0;0;1;1;0;1;0;0;0;0;6869.8725
1;1;0;1;1;0;0;0;1;0;0;0;0;1;0;0;1;0;0;0;0;0;1;0;1;0;0;0;1;0;0;10847.3071428571
1;1;1;0;0;1;0;0;1;0;1;0;0;0;0;0;1;0;0;0;0;0;0;1;1;0;0;0;0;1;0;10283.3857142857
1;1;1;0;0;0;0;1;1;0;0;0;0;0;0;1;1;1;0;0;0;0;0;0;1;0;0;0;1;0;0;12432.0178571429
1;1;0;1;1;0;0;0;1;0;0;0;0;1;0;0;1;1;0;0;0;0;0;0;1;0;0;0;0;1;0;17026.2964285714
1;1;0;1;1;0;0;0;1;0;1;0;0;0;0;0;1;0;0;1;0;0;0;0;1;0;0;0;1;0;0;10947.4178571429
1;1;1;0;0;0;1;0;1;0;1;0;0;0;0;0;1;0;1;0;0;0;0;0;1;0;0;0;0;0;1;10582.3821428571
1;1;1;0;1;0;0;0;1;0;1;0;0;0;0;0;1;0;0;0;0;0;0;1;1;0;0;0;1;0;0;10139.4446428571
1;1;1;0;1;0;0;0;1;0;0;0;0;0;0;1;1;0;0;0;1;0;0;0;1;0;0;0;1;0;0;9886.40428571429
1;1;0;1;0;0;1;0;1;0;0;0;1;0;0;0;1;0;0;0;0;0;0;1;1;0;0;1;0;0;0;7882.50214285714
1;1;1;0;0;1;0;0;1;0;1;0;0;0;0;0;1;0;0;0;0;0;0;1;1;0;1;0;0;0;0;9299.22214285714
1;1;0;1;0;1;0;0;1;0;0;0;0;0;0;1;1;0;0;0;0;0;0;1;1;1;0;0;0;0;0;7266.365
1;1;0;1;0;1;0;0;1;0;0;0;0;1;0;0;1;0;1;0;0;0;0;0;1;0;0;0;1;0;0;10945.0214285714
1;1;0;1;0;1;0;0;1;0;0;0;0;1;0;0;1;0;1;0;0;0;0;0;1;1;0;0;0;0;0;9736.07285714286
1;1;0;1;0;1;0;0;1;0;0;0;0;1;0;0;1;1;0;0;0;0;0;0;1;0;0;0;1;0;0;13506.9678571429
1;1;1;0;0;0;1;0;1;0;0;0;0;0;0;1;1;0;0;1;0;0;0;0;1;0;0;0;1;0;0;9901.13
1;1;0;1;0;1;0;0;1;0;0;0;1;0;0;0;1;0;0;0;0;0;1;0;1;0;0;1;0;0;0;10397.9964285714
1;1;0;1;0;1;0;0;1;0;0;0;0;0;0;1;1;0;0;0;1;0;0;0;1;0;0;0;0;0;1;11694.5464285714
1;1;1;0;0;0;0;1;1;1;0;0;0;0;0;0;1;0;0;0;0;0;0;1;1;0;0;0;0;0;1;10640.5
1;1;1;0;0;1;0;0;1;0;0;0;0;1;0;0;1;1;0;0;0;0;0;0;1;0;1;0;0;0;0;11572.4178571429
1;1;0;1;1;0;0;0;1;0;0;1;0;0;0;0;1;0;0;1;0;0;0;0;1;0;0;0;1;0;0;10852.0214285714
1;1;0;1;0;0;1;0;1;0;0;0;0;0;1;0;1;0;0;1;0;0;0;0;1;0;0;0;0;1;0;11319.5714285714
1;1;1;0;1;0;0;0;1;0;0;0;0;0;1;0;1;0;1;0;0;0;0;0;1;0;0;0;1;0;0;12444.8678571429
1;1;1;0;0;1;0;0;1;0;0;0;1;0;0;0;1;0;0;1;0;0;0;0;1;0;0;0;1;0;0;9955.07785714286
1;1;0;1;0;1;0;0;1;0;0;0;0;0;1;0;1;0;0;1;0;0;0;0;1;1;0;0;0;0;0;9766.92428571429
1;1;0;1;0;1;0;0;1;0;0;0;1;0;0;0;1;0;0;0;0;0;1;0;1;1;0;0;0;0;0;7367.22857142857
1;1;0;1;1;0;0;0;1;0;0;0;0;0;0;1;1;0;0;1;0;0;0;0;1;0;0;1;0;0;0;10440.8607142857
1;1;1;0;0;1;0;0;1;0;0;0;1;0;0;0;1;0;1;0;0;0;0;0;1;0;0;0;0;1;0;10291.8785714286
1;1;0;1;1;0;0;0;1;0;0;0;0;0;0;1;1;0;1;0;0;0;0;0;1;0;0;1;0;0;0;10412.6035714286
1;1;1;0;0;0;1;0;1;0;0;0;0;1;0;0;1;0;1;0;0;0;0;0;1;0;0;1;0;0;0;9647.72535714286
1;1;1;0;0;0;1;0;1;0;0;0;0;0;0;1;1;1;0;0;0;0;0;0;1;0;0;1;0;0;0;9880.35428571429
1;1;0;1;0;1;0;0;1;1;0;0;0;0;0;0;1;0;0;0;0;0;0;1;1;0;0;1;0;0;0;10439.4607142857
1;1;0;1;0;0;1;0;1;0;0;0;0;0;0;1;1;1;0;0;0;0;0;0;1;1;0;0;0;0;0;9654.905
1;1;1;0;1;0;0;0;1;1;0;0;0;0;0;0;1;0;0;0;0;0;0;1;1;0;0;1;0;0;0;9641.675
1;1;1;0;0;1;0;0;1;0;0;0;0;1;0;0;1;0;0;0;0;0;1;0;1;0;0;0;0;0;1;10730.6321428571
1;1;0;1;1;0;0;0;1;0;1;0;0;0;0;0;1;0;0;0;0;1;0;0;1;0;0;0;0;0;1;11732.2285714286
1;1;0;1;0;1;0;0;1;0;0;0;0;1;0;0;1;0;1;0;0;0;0;0;1;0;1;0;0;0;0;10003.1203571429
1;1;1;0;1;0;0;0;1;0;0;0;1;0;0;0;1;0;0;0;0;0;0;1;1;0;0;0;1;0;0;9968.68035714286
1;1;1;0;0;0;1;0;1;0;0;0;0;0;0;1;1;0;0;0;0;1;0;0;1;0;0;0;0;0;1;10578.9214285714
1;1;1;0;0;1;0;0;1;0;0;0;1;0;0;0;1;1;0;0;0;0;0;0;1;0;1;0;0;0;0;11428.3571428571
1;1;1;0;1;0;0;0;1;0;0;0;1;0;0;0;1;0;0;0;0;1;0;0;1;0;0;0;0;1;0;10248.2
1;1;1;0;0;0;1;0;1;0;0;0;1;0;0;0;1;0;0;1;0;0;0;0;1;0;0;1;0;0;0;9647.13
1;1;0;1;0;1;0;0;1;0;0;0;0;0;0;1;1;0;0;1;0;0;0;0;1;0;0;0;1;0;0;10871.0392857143
1;1;0;1;0;1;0;0;1;0;0;0;0;0;0;1;1;0;0;0;0;0;1;0;1;0;1;0;0;0;0;7598.74214285714
1;1;1;0;0;0;1;0;1;0;1;0;0;0;0;0;1;0;0;0;0;0;0;1;1;0;0;1;0;0;0;7461.55821428572
1;1;0;1;0;1;0;0;1;0;0;0;0;0;0;1;1;0;1;0;0;0;0;0;1;0;0;0;0;0;1;11658.5178571429
1;1;0;1;0;1;0;0;1;0;1;0;0;0;0;0;1;0;0;0;0;1;0;0;1;0;0;0;0;0;1;11821.5678571429
1;1;1;0;0;1;0;0;1;0;0;0;1;0;0;0;1;0;0;0;0;1;0;0;1;0;0;0;0;0;1;10709.3928571429
1;1;0;1;0;0;1;0;1;0;0;1;0;0;0;0;1;0;1;0;0;0;0;0;1;0;0;0;1;0;0;13660.5321428571
1;1;0;1;0;0;1;0;1;0;0;0;1;0;0;0;1;1;0;0;0;0;0;0;1;1;0;0;0;0;0;9622.16892857143
1;1;0;1;0;0;1;0;1;0;0;0;0;1;0;0;1;0;0;0;0;0;0;1;1;0;0;0;0;1;0;11197.3535714286
1;1;1;0;1;0;0;0;1;0;1;0;0;0;0;0;1;0;0;1;0;0;0;0;1;0;0;0;1;0;0;10515.6764285714
1;1;1;0;0;1;0;0;1;0;0;0;0;1;0;0;1;0;0;0;0;1;0;0;1;0;0;0;0;0;1;10721.2892857143
1;1;1;0;0;1;0;0;1;0;0;0;0;1;0;0;1;0;0;0;0;0;1;0;1;0;0;1;0;0;0;9743.57535714286
1;1;1;0;0;0;1;0;1;0;0;0;1;0;0;0;1;0;0;0;0;0;1;0;1;0;0;1;0;0;0;7360.89821428572
1;1;1;0;0;0;1;0;1;0;1;0;0;0;0;0;1;0;0;0;0;0;0;1;1;0;1;0;0;0;0;9168.65964285714
1;1;1;0;1;0;0;0;1;0;1;0;0;0;0;0;1;1;0;0;0;0;0;0;1;1;0;0;0;0;0;28465.4178571429
1;1;0;1;0;1;0;0;1;0;0;0;0;1;0;0;1;0;1;0;0;0;0;0;1;0;0;0;0;0;1;11630.9392857143
1;1;0;1;0;1;0;0;1;1;0;0;0;0;0;0;1;0;0;0;0;1;0;0;1;0;0;0;1;0;0;10823.0321428571
1;1;0;1;0;1;0;0;1;0;0;0;1;0;0;0;1;1;0;0;0;0;0;0;1;1;0;0;0;0;0;12006.5107142857
1;1;1;0;0;0;1;0;1;0;0;0;1;0;0;0;1;0;1;0;0;0;0;0;1;0;1;0;0;0;0;9288.62178571429
1;1;1;0;1;0;0;0;1;0;0;0;0;0;0;1;1;0;1;0;0;0;0;0;1;0;0;0;0;0;1;13204.0321428571
1;1;0;1;1;0;0;0;1;0;0;0;1;0;0;0;1;0;0;1;0;0;0;0;1;0;0;0;0;0;1;11641.375
1;1;1;0;1;0;0;0;1;0;0;0;1;0;0;0;1;0;1;0;0;0;0;0;1;1;0;0;0;0;0;10953.8142857143
1;1;1;0;0;0;1;0;1;0;0;0;0;0;0;1;1;0;0;0;0;1;0;0;1;1;0;0;0;0;0;8824.83464285714
1;1;0;1;0;1;0;0;1;0;0;0;0;0;0;1;1;0;0;0;0;0;0;1;1;0;0;0;0;0;1;11700.1714285714
1;1;0;1;0;0;1;0;1;0;0;0;0;0;0;1;1;0;1;0;0;0;0;0;1;0;0;0;0;1;0;11188.4571428571
1;1;0;1;1;0;0;0;1;0;1;0;0;0;0;0;1;0;0;0;0;0;1;0;1;0;1;0;0;0;0;10042.0017857143
1;1;1;0;1;0;0;0;1;0;1;0;0;0;0;0;1;0;1;0;0;0;0;0;1;0;0;1;0;0;0;12343.875
1;1;0;1;1;0;0;0;1;0;1;0;0;0;0;0;1;0;0;1;0;0;0;0;1;0;0;0;0;0;1;11602.5642857143
1;1;1;0;0;0;1;0;1;0;1;0;0;0;0;0;1;1;0;0;0;0;0;0;1;0;0;0;0;1;0;17956.2964285714
1;1;1;0;0;0;1;0;1;0;1;0;0;0;0;0;1;0;0;1;0;0;0;0;1;0;0;0;1;0;0;7518.18428571429
1;1;1;0;0;1;0;0;1;0;0;0;1;0;0;0;1;0;0;1;0;0;0;0;1;1;0;0;0;0;0;8798.29107142857
1;1;1;0;0;1;0;0;1;0;1;0;0;0;0;0;1;0;1;0;0;0;0;0;1;0;0;0;0;0;1;13395.5857142857
1;1;1;0;0;1;0;0;1;0;0;0;0;0;0;1;1;0;0;0;0;0;1;0;1;0;1;0;0;0;0;6979.78071428571
1;1;1;0;0;0;1;0;1;0;0;0;1;0;0;0;1;0;0;0;0;1;0;0;1;0;0;1;0;0;0;7304.41428571429
1;1;0;1;0;1;0;0;1;0;0;0;1;0;0;0;1;0;0;1;0;0;0;0;1;0;0;0;0;1;0;11516.9321428571
1;1;1;0;0;1;0;0;1;0;1;0;0;0;0;0;1;0;0;0;0;0;1;0;1;0;0;1;0;0;0;9651.78392857143
1;1;1;0;0;0;1;0;1;0;0;0;0;1;0;0;1;0;1;0;0;0;0;0;1;0;0;0;0;1;0;12780.8392857143
1;1;0;1;1;0;0;0;1;0;0;0;1;0;0;0;1;0;0;1;0;0;0;0;1;1;0;0;0;0;0;9634.16428571428
1;1;0;1;0;0;1;0;1;1;0;0;0;0;0;0;1;0;0;0;0;0;0;1;1;1;0;0;0;0;0;7337.53035714286
1;1;1;0;1;0;0;0;1;0;0;0;0;0;0;1;1;1;0;0;0;0;0;0;1;0;0;0;0;1;0;15479.2285714286
1;1;1;0;0;1;0;0;1;0;0;0;0;1;0;0;1;0;1;0;0;0;0;0;1;0;1;0;0;0;0;9229.78
1;1;0;1;0;1;0;0;1;0;0;0;1;0;0;0;1;0;0;1;0;0;0;0;1;0;0;0;0;0;1;11662.6321428571
1;1;0;1;0;1;0;0;1;0;0;0;0;1;0;0;1;0;0;0;0;0;1;0;1;0;0;0;0;1;0;11368.0285714286
1;1;0;1;0;0;1;0;1;0;0;0;0;0;0;1;1;1;0;0;0;0;0;0;1;0;0;0;0;0;1;14499.1357142857
1;1;1;0;0;0;0;1;1;0;0;0;0;0;0;1;1;0;0;1;0;0;0;0;1;1;0;0;0;0;0;8897.71571428572
1;1;0;1;0;1;0;0;1;0;0;0;1;0;0;0;1;0;0;0;0;1;0;0;1;1;0;0;0;0;0;9660.10607142857
1;1;0;1;0;0;1;0;1;0;0;0;0;0;0;1;1;0;0;1;0;0;0;0;1;1;0;0;0;0;0;7307.08571428571
1;1;1;0;1;0;0;0;1;0;1;0;0;0;0;0;1;0;0;0;0;1;0;0;1;0;0;0;0;1;0;10347.7142857143
1;1;1;0;1;0;0;0;1;0;0;0;1;0;0;0;1;0;0;1;0;0;0;0;1;0;1;0;0;0;0;9233.07321428571
1;1;0;1;0;0;1;0;1;0;0;0;0;0;0;1;1;0;0;1;0;0;0;0;1;0;0;0;1;0;0;10783.4392857143
1;1;1;0;0;0;1;0;1;0;0;0;1;0;0;0;1;0;0;0;0;0;0;1;1;0;0;1;0;0;0;9688.48357142857
1;1;0;1;1;0;0;0;1;0;1;0;0;0;0;0;1;0;1;0;0;0;0;0;1;0;1;0;0;0;0;12602.4571428571
1;1;1;0;0;0;0;1;1;0;0;0;0;0;0;1;1;0;0;1;0;0;0;0;1;0;0;0;1;0;0;9976.33214285715
1;1;0;1;0;0;1;0;1;0;0;0;1;0;0;0;1;1;0;0;0;0;0;0;1;0;0;1;0;0;0;8025.37178571429
1;1;1;0;0;0;0;1;1;0;0;0;0;0;0;1;1;0;0;0;0;0;1;0;1;0;0;0;1;0;0;7640.56678571428
1;1;0;1;0;0;1;0;1;1;0;0;0;0;0;0;1;0;0;1;0;0;0;0;1;0;0;0;0;1;0;11318.95
1;1;0;1;0;1;0;0;1;0;0;0;0;1;0;0;1;0;0;0;0;0;0;1;1;0;0;0;1;0;0;10800.2821428571
1;1;0;1;0;0;1;0;1;0;0;0;0;0;1;0;1;0;0;0;0;1;0;0;1;0;0;0;1;0;0;10787.7321428571
1;1;1;0;0;0;1;0;1;0;1;0;0;0;0;0;1;0;0;0;0;0;1;0;1;1;0;0;0;0;0;6638.02321428571
1;1;0;1;0;0;1;0;1;0;1;0;0;0;0;0;1;0;0;0;0;0;0;1;1;0;0;1;0;0;0;7943.52821428571
1;1;0;1;1;0;0;0;1;0;1;0;0;0;0;0;1;0;0;0;0;0;1;0;1;0;0;1;0;0;0;10581.4892857143
1;1;1;0;0;1;0;0;1;0;0;0;1;0;0;0;1;0;0;0;0;0;0;1;1;0;0;0;1;0;0;9980.67035714286
1;1;0;1;0;1;0;0;1;0;1;0;0;0;0;0;1;0;0;0;0;0;1;0;1;0;0;0;0;0;1;11674.5535714286
1;1;1;0;0;1;0;0;1;0;0;0;0;1;0;0;1;0;0;0;0;1;0;0;1;1;0;0;0;0;0;8833.81142857143
1;1;1;0;0;1;0;0;1;0;0;0;0;0;0;1;1;0;0;0;0;1;0;0;1;0;1;0;0;0;0;7022.48178571429
1;1;1;0;0;0;0;1;1;0;0;0;0;0;0;1;1;0;1;0;0;0;0;0;1;0;0;0;1;0;0;10111.5889285714
1;1;1;0;1;0;0;0;1;0;1;0;0;0;0;0;1;0;0;0;0;0;1;0;1;0;0;0;0;1;0;10179.4857142857
1;1;0;1;0;0;1;0;1;0;0;0;0;0;1;0;1;0;0;0;0;0;1;0;1;0;0;0;1;0;0;10851.3535714286
1;1;1;0;0;0;1;0;1;0;0;0;0;1;0;0;1;0;0;1;0;0;0;0;1;0;1;0;0;0;0;6889.85178571428
1;1;0;1;0;1;0;0;1;0;1;0;0;0;0;0;1;0;0;0;0;0;0;1;1;0;1;0;0;0;0;10176.0842857143
1;1;0;1;1;0;0;0;1;0;0;1;0;0;0;0;1;0;1;0;0;0;0;0;1;0;0;0;1;0;0;13466.2535714286
1;1;1;0;0;0;1;0;1;0;0;0;0;1;0;0;1;0;1;0;0;0;0;0;1;0;0;0;1;0;0;10259.8357142857
1;1;0;1;0;1;0;0;1;0;0;0;0;1;0;0;1;0;0;0;0;1;0;0;1;0;0;1;0;0;0;10437.1678571429
1;1;0;1;0;0;0;1;1;0;0;1;0;0;0;0;1;0;0;0;0;0;1;0;1;0;0;0;1;0;0;8136.41464285714
1;1;1;0;0;1;0;0;1;0;0;0;0;1;0;0;1;0;0;1;0;0;0;0;1;0;0;0;0;1;0;10261.8214285714
1;1;0;1;0;0;1;0;1;0;0;0;1;0;0;0;1;0;0;0;0;1;0;0;1;0;0;1;0;0;0;7921.04964285714
1;1;0;1;0;0;1;0;1;0;0;0;0;0;0;1;1;0;1;0;0;0;0;0;1;0;0;1;0;0;0;10514.9035714286
1;1;0;1;0;1;0;0;1;1;0;0;0;0;0;0;1;0;1;0;0;0;0;0;1;0;0;0;1;0;0;21636.4642857143
1;1;1;0;0;1;0;0;1;0;0;0;1;0;0;0;1;0;1;0;0;0;0;0;1;1;0;0;0;0;0;8799.90321428572
1;1;0;1;0;1;0;0;1;0;0;0;0;0;0;1;1;0;0;1;0;0;0;0;1;0;0;1;0;0;0;10454.95
1;1;1;0;0;1;0;0;1;0;1;0;0;0;0;0;1;0;0;1;0;0;0;0;1;0;0;0;0;0;1;13486.0821428571
1;1;0;1;1;0;0;0;1;1;0;0;0;0;0;0;1;0;0;1;0;0;0;0;1;1;0;0;0;0;0;9620.04857142857
1;1;0;1;0;0;1;0;1;0;1;0;0;0;0;0;1;1;0;0;0;0;0;0;1;1;0;0;0;0;0;17204.0071428571
1;1;0;1;0;0;0;1;1;0;0;0;0;0;0;1;1;0;0;1;0;0;0;0;1;0;0;1;0;0;0;10514.4071428571
1;1;0;1;0;0;1;0;1;0;1;0;0;0;0;0;1;0;1;0;0;0;0;0;1;1;0;0;0;0;0;9631.49214285714
1;1;0;1;0;0;1;0;1;1;0;0;0;0;0;0;1;0;0;0;0;0;0;1;1;0;0;0;0;1;0;11502.8357142857
1;1;0;1;0;0;1;0;1;0;0;1;0;0;0;0;1;0;0;0;0;1;0;0;1;0;0;0;1;0;0;10787.3071428571
1;1;1;0;1;0;0;0;1;0;0;0;1;0;0;0;1;0;0;1;0;0;0;0;1;0;0;0;0;0;1;10614.5178571429
1;1;0;1;0;1;0;0;1;0;1;0;0;0;0;0;1;1;0;0;0;0;0;0;1;0;0;0;0;0;1;23312.4821428571
1;1;1;0;0;1;0;0;1;1;0;0;0;0;0;0;1;0;0;0;0;0;0;1;1;0;0;0;0;0;1;10638.0571428571
1;1;0;1;0;0;1;0;1;0;0;0;1;0;0;0;1;0;0;1;0;0;0;0;1;0;0;0;0;1;0;11287.9321428571
1;1;0;1;1;0;0;0;1;0;0;0;0;0;0;1;1;0;0;1;0;0;0;0;1;0;0;0;0;0;1;11611.9178571429
1;1;0;1;0;1;0;0;1;0;0;0;1;0;0;0;1;0;0;0;0;0;0;1;1;0;0;0;0;0;1;11620.2964285714
1;1;1;0;0;1;0;0;1;0;0;0;0;1;0;0;1;0;0;0;0;0;1;0;1;0;1;0;0;0;0;9157.31642857143
1;1;0;1;0;1;0;0;1;0;0;0;0;1;0;0;1;0;0;1;0;0;0;0;1;0;0;0;0;1;0;11229.0607142857
1;1;1;0;0;0;0;1;1;0;0;0;0;0;0;1;1;0;1;0;0;0;0;0;1;0;1;0;0;0;0;9146.46785714286
1;1;0;1;1;0;0;0;1;0;0;0;0;1;0;0;1;0;1;0;0;0;0;0;1;0;0;0;0;0;1;14503.7321428571
1;1;0;1;0;0;0;1;1;0;0;0;0;0;0;1;1;0;0;1;0;0;0;0;1;0;0;0;0;0;1;11600.4607142857
1;1;0;1;0;1;0;0;1;0;0;0;1;0;0;0;1;0;0;0;0;1;0;0;1;0;1;0;0;0;0;10043.065
1;1;1;0;0;0;1;0;1;0;0;1;0;0;0;0;1;0;0;0;0;0;1;0;1;0;0;0;1;0;0;9886.71214285714
1;1;1;0;0;0;1;0;1;0;0;0;0;0;1;0;1;0;1;0;0;0;0;0;1;0;0;0;1;0;0;10018.7089285714
1;1;1;0;0;1;0;0;1;0;0;0;1;0;0;0;1;0;1;0;0;0;0;0;1;0;0;1;0;0;0;9573.6275
1;1;0;1;1;0;0;0;1;0;0;0;1;0;0;0;1;0;0;0;0;0;1;0;1;0;0;1;0;0;0;10621.3607142857
1;1;0;1;0;1;0;0;1;0;1;0;0;0;0;0;1;0;1;0;0;0;0;0;1;0;0;1;0;0;0;13020.7178571429
1;1;1;0;1;0;0;0;1;0;0;0;0;1;0;0;1;0;0;1;0;0;0;0;1;0;0;0;1;0;0;9867.48035714286
1;1;0;1;0;0;1;0;1;0;1;0;0;0;0;0;1;0;0;0;0;0;0;1;1;0;1;0;0;0;0;10241.3532142857
1;1;0;1;1;0;0;0;1;0;0;0;0;1;0;0;1;0;0;0;0;1;0;0;1;0;0;1;0;0;0;10436.4464285714
1;1;1;0;1;0;0;0;1;0;0;0;1;0;0;0;1;0;0;0;0;1;0;0;1;0;0;1;0;0;0;9846.49892857143
1;1;1;0;0;0;1;0;1;0;0;0;0;1;0;0;1;0;0;1;0;0;0;0;1;0;0;1;0;0;0;9576.28607142857
1;1;0;1;0;0;0;1;1;1;0;0;0;0;0;0;1;0;0;0;0;0;1;0;1;0;0;0;1;0;0;10788.8107142857
1;1;1;0;0;0;1;0;1;0;0;0;1;0;0;0;1;0;1;0;0;0;0;0;1;1;0;0;0;0;0;10955.4714285714
1;1;0;1;0;0;1;0;1;0;0;0;0;1;0;0;1;0;0;0;0;0;1;0;1;0;0;0;0;1;0;11238.6107142857
1;1;0;1;0;0;1;0;1;0;0;0;0;0;0;1;1;0;1;0;0;0;0;0;1;0;0;0;0;0;1;11617.3428571429
1;1;0;1;0;0;0;1;1;0;0;1;0;0;0;0;1;0;0;0;0;1;0;0;1;0;0;0;1;0;0;10768.4464285714
1;1;0;1;1;0;0;0;1;0;1;0;0;0;0;0;1;1;0;0;0;0;0;0;1;0;0;1;0;0;0;36620.5535714286
1;1;0;1;0;1;0;0;1;0;0;0;0;0;0;1;1;0;0;0;0;0;1;0;1;0;0;0;0;1;0;8492.15321428571
1;1;1;0;0;1;0;0;1;0;0;0;0;0;0;1;1;0;0;1;0;0;0;0;1;0;0;0;1;0;0;10031.4114285714
1;1;0;1;0;1;0;0;1;1;0;0;0;0;0;0;1;0;0;0;0;0;0;1;1;1;0;0;0;0;0;7387.46285714286
1;1;1;0;1;0;0;0;1;0;0;0;0;0;0;1;1;1;0;0;0;0;0;0;1;0;0;1;0;0;0;14460.025
1;1;1;0;1;0;0;0;1;0;0;0;0;0;0;1;1;0;0;0;0;0;1;0;1;0;0;1;0;0;0;7365.07035714286
1;1;0;1;0;1;0;0;1;0;0;0;1;0;0;0;1;0;0;1;0;0;0;0;1;0;0;0;1;0;0;11017.7285714286
1;1;1;0;0;0;1;0;1;0;0;0;0;1;0;0;1;1;0;0;0;0;0;0;1;1;0;0;0;0;0;8907.06214285714
1;1;1;0;1;0;0;0;1;0;0;0;0;0;0;1;1;1;0;0;0;0;0;0;1;0;0;0;1;0;0;14792.4678571429
1;1;1;0;1;0;0;0;1;0;1;0;0;0;0;0;1;0;0;0;0;1;0;0;1;0;1;0;0;0;0;9157.99821428572
1;1;0;1;0;1;0;0;1;0;0;0;0;1;0;0;1;0;0;0;0;0;1;0;1;0;1;0;0;0;0;7526.2075
1;1;1;0;0;1;0;0;1;0;0;0;1;0;0;0;1;0;0;1;0;0;0;0;1;0;0;0;0;0;1;10621.3571428571
1;1;0;1;1;0;0;0;1;0;0;0;0;0;0;1;1;1;0;0;0;0;0;0;1;1;0;0;0;0;0;14523.2285714286
1;1;0;1;0;1;0;0;1;0;0;0;0;1;0;0;1;0;0;1;0;0;0;0;1;0;0;1;0;0;0;10439.8821428571
1;1;0;1;1;0;0;0;1;0;0;0;0;0;0;1;1;0;0;0;1;0;0;0;1;1;0;0;0;0;0;9710.78964285714
1;1;1;0;1;0;0;0;1;0;0;0;1;0;0;0;1;0;0;0;0;1;0;0;1;0;0;0;0;0;1;10549.575
1;1;1;0;0;1;0;0;1;0;0;0;1;0;0;0;1;0;0;0;0;0;1;0;1;0;0;0;1;0;0;10046.2942857143
1;1;0;1;0;1;0;0;1;0;0;0;1;0;0;0;1;0;0;0;0;0;0;1;1;0;0;0;0;1;0;8433.66821428571
1;1;1;0;1;0;0;0;1;0;0;1;0;0;0;0;1;1;0;0;0;0;0;0;1;0;0;0;1;0;0;17283.8642857143
1;1;0;1;0;1;0;0;1;0;1;0;0;0;0;0;1;0;0;0;0;1;0;0;1;0;0;0;0;1;0;11283.2642857143
1;1;0;1;0;0;1;0;1;0;0;0;0;0;0;1;1;0;0;0;0;1;0;0;1;1;0;0;0;0;0;9684.13107142857
1;1;0;1;0;0;1;0;1;0;1;0;0;0;0;0;1;0;0;0;0;0;0;1;1;0;0;0;0;0;1;11675.8071428571
1;1;0;1;0;1;0;0;1;0;0;0;0;1;0;0;1;1;0;0;0;0;0;0;1;0;0;0;0;0;1;17408.4964285714
1;1;0;1;0;0;1;0;1;0;0;0;0;0;0;1;1;0;0;0;1;0;0;0;1;1;0;0;0;0;0;9618.2225
1;1;0;1;0;0;1;0;1;0;0;1;0;0;0;0;1;1;0;0;0;0;0;0;1;0;0;0;1;0;0;13628.3178571429
1;1;1;0;0;1;0;0;1;0;1;0;0;0;0;0;1;0;1;0;0;0;0;0;1;0;1;0;0;0;0;11658.7642857143
1;1;1;0;0;1;0;0;1;0;0;0;0;1;0;0;1;0;0;1;0;0;0;0;1;0;0;0;0;0;1;10659.9678571429
1;1;1;0;0;0;0;1;1;1;0;0;0;0;0;0;1;0;0;0;0;0;0;1;1;0;0;0;0;1;0;7885.63678571429
1;1;1;0;1;0;0;0;1;0;0;0;0;0;0;1;1;0;0;0;0;1;0;0;1;0;0;0;1;0;0;10019.2196428571
1;1;1;0;1;0;0;0;1;1;0;0;0;0;0;0;1;0;1;0;0;0;0;0;1;0;0;0;1;0;0;29611.4142857143
1;1;0;1;0;0;1;0;1;0;0;0;1;0;0;0;1;0;0;0;0;1;0;0;1;1;0;0;0;0;0;9637.28642857143
1;1;1;0;0;0;1;0;1;0;0;0;0;0;0;1;1;0;0;0;0;0;0;1;1;0;0;0;0;1;0;10245.3678571429
1;1;1;0;0;1;0;0;1;0;0;0;1;0;0;0;1;0;0;0;0;1;0;0;1;0;1;0;0;0;0;9250.59821428572
1;1;1;0;0;0;0;1;1;1;0;0;0;0;0;0;1;0;0;0;0;0;0;1;1;0;0;0;1;0;0;7731.82571428572
1;1;0;1;1;0;0;0;1;0;0;0;0;0;0;1;1;0;0;0;0;0;1;0;1;0;0;0;1;0;0;10828.7
1;1;0;1;0;1;0;0;1;0;1;0;0;0;0;0;1;0;0;0;0;0;1;0;1;0;0;1;0;0;0;10411.4928571429
1;1;0;1;0;0;1;0;1;1;0;0;0;0;0;0;1;0;0;0;0;0;0;1;1;0;0;0;0;0;1;11607.1107142857
1;1;1;0;0;1;0;0;1;1;0;0;0;0;0;0;1;0;0;0;0;0;0;1;1;0;0;0;1;0;0;9987.70285714286
1;1;1;0;1;0;0;0;1;0;1;0;0;0;0;0;1;0;1;0;0;0;0;0;1;0;0;0;0;0;1;13255.7428571429
1;1;0;1;0;0;0;1;1;0;0;0;0;0;0;1;1;0;0;0;0;1;0;0;1;0;0;0;1;0;0;8145.60928571429
1;1;0;1;0;0;0;1;1;1;0;0;0;0;0;0;1;0;0;0;0;0;0;1;1;0;0;0;1;0;0;8122.21785714286
1;1;1;0;1;0;0;0;1;0;0;0;0;1;0;0;1;0;0;0;0;0;0;1;1;0;0;0;0;1;0;10498.3321428571
1;1;1;0;0;1;0;0;1;0;0;0;1;0;0;0;1;1;0;0;0;0;0;0;1;0;0;1;0;0;0;11980.7285714286
1;1;0;1;0;0;1;0;1;0;0;0;0;1;0;0;1;1;0;0;0;0;0;0;1;0;0;1;0;0;0;10621.9821428571
1;1;0;1;0;1;0;0;1;0;1;0;0;0;0;0;1;0;0;0;0;1;0;0;1;0;0;0;1;0;0;10803.5964285714
1;1;1;0;1;0;0;0;1;0;0;0;0;1;0;0;1;0;1;0;0;0;0;0;1;0;0;0;0;1;0;12940.7107142857
1;1;1;0;0;1;0;0;1;0;0;0;0;0;0;1;1;0;1;0;0;0;0;0;1;0;1;0;0;0;0;9233.63035714286
1;1;0;1;0;0;0;1;1;0;0;1;0;0;0;0;1;0;1;0;0;0;0;0;1;0;0;0;1;0;0;10838.4535714286
1;1;1;0;0;1;0;0;1;0;0;0;1;0;0;0;1;0;0;0;0;0;1;0;1;0;0;0;0;1;0;10307.5357142857
1;1;1;0;1;0;0;0;1;0;1;0;0;0;0;0;1;0;0;0;0;0;0;1;1;0;1;0;0;0;0;6933.26821428572
1;1;0;1;0;0;1;0;1;0;1;0;0;0;0;0;1;0;0;0;0;0;1;0;1;0;0;0;1;0;0;10800.2642857143
1;1;0;1;1;0;0;0;1;0;0;0;0;0;1;0;1;0;1;0;0;0;0;0;1;0;0;0;1;0;0;13496.2928571429
1;1;1;0;0;1;0;0;1;0;0;0;0;0;0;1;1;0;0;0;0;0;1;0;1;0;0;0;0;1;0;10379.5071428571
1;1;0;1;0;0;0;1;1;1;0;0;0;0;0;0;1;0;0;0;0;1;0;0;1;0;0;0;1;0;0;10787.2107142857
1;1;1;0;0;0;1;0;1;0;1;0;0;0;0;0;1;0;1;0;0;0;0;0;1;1;0;0;0;0;0;8747.9225
1;1;1;0;0;0;1;0;1;0;0;0;0;0;0;1;1;0;1;0;0;0;0;0;1;0;0;1;0;0;0;9659.28964285714
1;1;0;1;0;1;0;0;1;0;0;0;0;0;0;1;1;0;0;0;0;0;0;1;1;0;0;0;0;1;0;8520.44642857143
1;1;0;1;0;1;0;0;1;0;0;0;1;0;0;0;1;0;0;1;0;0;0;0;1;0;1;0;0;0;0;10045.7639285714
1;1;0;1;0;0;1;0;1;0;0;0;0;1;0;0;1;0;0;1;0;0;0;0;1;0;0;0;1;0;0;10820.4035714286
1;1;0;1;0;0;1;0;1;0;0;0;0;0;0;1;1;0;0;1;0;0;0;0;1;0;0;0;0;0;1;11628.6821428571
1;1;0;1;1;0;0;0;1;0;0;0;0;0;0;1;1;0;0;0;0;1;0;0;1;0;0;0;1;0;0;10840.1357142857
1;1;0;1;1;0;0;0;1;0;1;0;0;0;0;0;1;1;0;0;0;0;0;0;1;1;0;0;0;0;0;28787.1821428571
1;1;1;0;1;0;0;0;1;0;0;0;0;0;0;1;1;0;0;1;0;0;0;0;1;0;0;0;0;0;1;10666.1035714286
1;1;0;1;0;1;0;0;1;1;0;0;0;0;0;0;1;0;0;0;0;0;0;1;1;0;0;0;0;0;1;11633.6178571429
1;1;0;1;0;1;0;0;1;0;1;0;0;0;0;0;1;0;0;0;0;1;0;0;1;0;0;1;0;0;0;10409.3785714286
1;1;1;0;0;0;1;0;1;0;1;0;0;0;0;0;1;0;0;0;0;1;0;0;1;0;0;0;0;0;1;10585.6642857143
1;1;0;1;1;0;0;0;1;0;0;0;1;0;0;0;1;0;0;0;0;0;0;1;1;0;0;1;0;0;0;7823.79714285714
1;1;0;1;0;0;1;0;1;0;1;0;0;0;0;0;1;0;0;0;0;1;0;0;1;0;0;0;1;0;0;10957.0714285714
1;1;0;1;1;0;0;0;1;0;0;0;0;0;0;1;1;0;0;0;0;0;1;0;1;0;0;0;0;1;0;11262.0785714286
1;1;1;0;0;0;1;0;1;0;0;0;1;0;0;0;1;0;0;1;0;0;0;0;1;1;0;0;0;0;0;8771.17571428571
1;1;1;0;0;0;1;0;1;0;1;0;0;0;0;0;1;0;1;0;0;0;0;0;1;0;0;1;0;0;0;9588.0225
1;1;0;1;1;0;0;0;1;0;1;0;0;0;0;0;1;0;0;0;0;0;0;1;1;0;1;0;0;0;0;7673.93678571429
1;1;0;1;0;1;0;0;1;0;0;0;1;0;0;0;1;0;0;0;0;0;0;1;1;0;1;0;0;0;0;10025.2017857143
1;1;0;1;0;0;1;0;1;0;0;0;0;1;0;0;1;0;1;0;0;0;0;0;1;0;0;1;0;0;0;10674.4071428571
1;1;0;1;0;1;0;0;1;0;0;0;1;0;0;0;1;0;0;0;0;1;0;0;1;0;0;0;0;1;0;11278.0714285714
1;1;0;1;0;0;1;0;1;0;0;0;0;1;0;0;1;1;0;0;0;0;0;0;1;0;0;0;0;0;1;14498.2678571429
1;1;1;0;1;0;0;0;1;0;0;0;1;0;0;0;1;0;1;0;0;0;0;0;1;0;1;0;0;0;0;11578.15
1;1;1;0;1;0;0;0;1;0;1;0;0;0;0;0;1;0;0;0;0;1;0;0;1;0;0;0;1;0;0;10081.9564285714
1;1;1;0;1;0;0;0;1;0;0;0;0;0;0;1;1;0;0;0;0;0;1;0;1;0;0;0;0;1;0;10356.2392857143
1;1;1;0;0;0;1;0;1;0;0;1;0;0;0;0;1;0;0;1;0;0;0;0;1;0;0;0;1;0;0;9834.14071428572
1;1;0;1;0;1;0;0;1;0;0;0;1;0;0;0;1;0;0;0;0;1;0;0;1;0;0;1;0;0;0;10469.4464285714
1;1;0;1;0;0;1;0;1;0;0;1;0;0;0;0;1;0;0;1;0;0;0;0;1;0;0;0;0;1;0;11214.4285714286
1;1;1;0;1;0;0;0;1;0;1;0;0;0;0;0;1;0;0;0;0;0;0;1;1;0;0;0;0;1;0;10355.425
1;1;0;1;0;0;1;0;1;0;0;0;0;0;0;1;1;0;0;0;0;0;1;0;1;1;0;0;0;0;0;9700.51857142857
1;1;0;1;0;0;1;0;1;0;0;0;0;0;0;1;1;1;0;0;0;0;0;0;1;0;0;1;0;0;0;13144.6428571429
1;1;1;0;0;1;0;0;1;0;0;0;0;1;0;0;1;0;0;0;0;1;0;0;1;0;0;1;0;0;0;9616.89714285714
1;1;1;0;1;0;0;0;1;0;0;0;0;1;0;0;1;1;0;0;0;0;0;0;1;0;0;0;0;0;1;15837.3285714286
1;1;1;0;0;0;1;0;1;0;0;0;0;1;0;0;1;0;1;0;0;0;0;0;1;0;1;0;0;0;0;7137.62178571429
1;1;1;0;0;0;1;0;1;1;0;0;0;0;0;0;1;0;0;0;0;0;0;1;1;0;0;1;0;0;0;7223.75035714286
1;1;1;0;0;0;1;0;1;0;0;0;0;0;0;1;1;0;0;0;0;1;0;0;1;0;0;0;1;0;0;9833.40107142857
1;1;1;0;1;0;0;0;1;0;1;0;0;0;0;0;1;0;0;0;0;0;1;0;1;0;0;0;0;0;1;10632.7857142857
1;1;1;0;0;0;1;0;1;0;0;0;0;0;0;1;1;1;0;0;0;0;0;0;1;1;0;0;0;0;0;7028.71428571429
1;1;1;0;0;0;1;0;1;0;1;0;0;0;0;0;1;1;0;0;0;0;0;0;1;0;0;0;0;0;1;18745.0607142857
1;1;1;0;0;1;0;0;1;0;1;0;0;0;0;0;1;0;0;0;0;1;0;0;1;0;0;1;0;0;0;9734.43321428572
1;1;1;0;0;0;1;0;1;0;0;0;0;0;0;1;1;0;0;0;0;0;1;0;1;1;0;0;0;0;0;8781.76714285714
1;1;0;1;1;0;0;0;1;0;0;0;1;0;0;0;1;0;0;0;0;0;0;1;1;0;0;0;0;0;1;11739.8428571429
1;1;1;0;0;0;1;0;1;0;0;0;0;0;0;1;1;1;0;0;0;0;0;0;1;0;1;0;0;0;0;9255.41785714286
1;1;0;1;0;0;0;1;1;0;0;0;0;0;0;1;1;0;1;0;0;0;0;0;1;0;0;0;1;0;0;10930.4785714286
1;1;1;0;0;1;0;0;1;0;0;0;0;0;0;1;1;0;0;0;0;0;0;1;1;0;0;1;0;0;0;7329.33785714286
1;1;0;1;1;0;0;0;1;0;0;0;1;0;0;0;1;1;0;0;0;0;0;0;1;0;0;0;0;0;1;20278.825
1;1;0;1;0;0;1;0;1;0;0;0;1;0;0;0;1;0;0;1;0;0;0;0;1;1;0;0;0;0;0;9699.65428571429
1;1;0;1;0;0;1;0;1;0;1;0;0;0;0;0;1;0;0;1;0;0;0;0;1;0;0;0;1;0;0;8322.64785714286
1;1;0;1;1;0;0;0;1;0;0;0;0;1;0;0;1;0;0;0;0;1;0;0;1;0;0;0;0;0;1;11613.0607142857
1;1;0;1;1;0;0;0;1;0;0;0;0;0;0;1;1;0;1;0;0;0;0;0;1;0;1;0;0;0;0;10009.1167857143
1;1;0;1;0;1;0;0;1;0;0;0;0;0;0;1;1;0;0;0;0;1;0;0;1;0;1;0;0;0;0;7520.615
1;1;0;1;0;0;1;0;1;0;0;0;0;1;0;0;1;0;0;1;0;0;0;0;1;0;0;1;0;0;0;10505.2285714286
1;1;0;1;0;0;1;0;1;0;1;0;0;0;0;0;1;0;0;0;0;1;0;0;1;0;0;1;0;0;0;7849.4875
1;1;1;0;1;0;0;0;1;0;0;1;0;0;0;0;1;0;0;0;0;1;0;0;1;0;0;0;1;0;0;10000.2767857143
1;1;1;0;1;0;0;0;1;0;0;0;0;0;0;1;1;0;1;0;0;0;0;0;1;1;0;0;0;0;0;8770.6525
1;1;1;0;0;1;0;0;1;0;0;0;0;0;0;1;1;1;0;0;0;0;0;0;1;0;0;0;0;1;0;15573.5642857143
1;1;0;1;0;1;0;0;1;0;1;0;0;0;0;0;1;0;1;0;0;0;0;0;1;0;1;0;0;0;0;12473.9071428571
1;1;1;0;0;1;0;0;1;0;0;0;0;1;0;0;1;0;1;0;0;0;0;0;1;1;0;0;0;0;0;8936.5375
1;1;1;0;0;0;0;1;1;0;0;1;0;0;0;0;1;0;0;0;0;0;1;0;1;0;0;0;1;0;0;7654.03178571429
1;1;0;1;0;1;0;0;1;0;0;1;0;0;0;0;1;0;0;1;0;0;0;0;1;0;0;0;1;0;0;10833.4785714286
1;1;1;0;0;1;0;0;1;0;0;0;0;0;0;1;1;0;1;0;0;0;0;0;1;0;0;0;1;0;0;9898.47964285714
1;1;1;0;0;0;0;1;1;0;0;0;0;0;1;0;1;0;0;0;0;0;1;0;1;0;0;0;1;0;0;7459.02428571429
1;1;1;0;1;0;0;0;1;1;0;0;0;0;0;0;1;0;0;0;0;0;0;1;1;0;0;0;1;0;0;10019.9507142857
1;1;0;1;1;0;0;0;1;0;0;0;0;1;0;0;1;0;0;0;0;0;0;1;1;0;0;0;1;0;0;10874.2678571429
1;1;1;0;0;1;0;0;1;0;0;1;0;0;0;0;1;0;0;1;0;0;0;0;1;0;0;0;1;0;0;9995.30285714286
1;1;1;0;1;0;0;0;1;0;0;0;0;0;0;1;1;0;0;0;0;0;0;1;1;0;0;0;1;0;0;10147.825
1;1;1;0;1;0;0;0;1;0;0;0;0;1;0;0;1;0;0;1;0;0;0;0;1;0;1;0;0;0;0;9236.03928571429
1;1;0;1;1;0;0;0;1;0;0;0;1;0;0;0;1;0;1;0;0;0;0;0;1;0;0;0;0;1;0;14219.9571428571
1;1;0;1;0;0;0;1;1;1;0;0;0;0;0;0;1;0;0;1;0;0;0;0;1;0;0;0;1;0;0;10864.4642857143
1;1;0;1;0;0;0;1;1;1;0;0;0;0;0;0;1;0;0;0;0;0;0;1;1;1;0;0;0;0;0;7264.22428571429
1;1;1;0;0;0;1;0;1;0;1;0;0;0;0;0;1;0;0;0;0;0;0;1;1;0;0;0;0;0;1;10663.775
1;1;0;1;1;0;0;0;1;0;0;0;1;0;0;0;1;1;0;0;0;0;0;0;1;1;0;0;0;0;0;14526.2678571429
1;1;0;1;1;0;0;0;1;0;0;0;0;0;1;0;1;0;0;1;0;0;0;0;1;0;0;0;1;0;0;10835.5464285714
1;1;0;1;0;0;1;0;1;0;0;0;0;0;0;1;1;0;0;0;0;1;0;0;1;0;1;0;0;0;0;7640.78
1;1;0;1;0;0;1;0;1;0;0;0;1;0;0;0;1;0;0;0;0;0;1;0;1;1;0;0;0;0;0;9606.04964285714
1;1;1;0;1;0;0;0;1;0;0;0;1;0;0;0;1;0;0;0;0;0;1;0;1;0;0;0;1;0;0;10071.7632142857
1;1;0;1;0;1;0;0;1;0;0;0;1;0;0;0;1;0;1;0;0;0;0;0;1;0;0;0;0;1;0;11272.5357142857
1;1;0;1;0;0;1;0;1;0;1;0;0;0;0;0;1;0;0;0;0;0;1;0;1;0;0;0;0;1;0;11172.025
1;1;1;0;0;0;1;0;1;0;0;0;1;0;0;0;1;0;0;0;0;0;0;1;1;0;0;0;1;0;0;9834.67785714286
1;1;1;0;0;1;0;0;1;0;0;0;0;0;0;1;1;1;0;0;0;0;0;0;1;0;0;0;0;0;1;13298.95
1;1;1;0;0;0;1;0;1;0;0;0;0;1;0;0;1;0;0;1;0;0;0;0;1;1;0;0;0;0;0;8930.21678571428
1;1;0;1;0;1;0;0;1;0;0;0;0;0;1;0;1;0;0;1;0;0;0;0;1;0;0;0;0;1;0;11362.8285714286
1;1;0;1;0;1;0;0;1;0;0;0;1;0;0;0;1;1;0;0;0;0;0;0;1;0;0;1;0;0;0;15859.9
1;1;1;0;0;0;0;1;1;1;0;0;0;0;0;0;1;0;1;0;0;0;0;0;1;0;0;0;1;0;0;19852.6642857143
1;1;1;0;1;0;0;0;1;0;0;0;0;1;0;0;1;0;1;0;0;0;0;0;1;0;1;0;0;0;0;11358.7392857143
1;1;1;0;0;1;0;0;1;0;0;0;0;1;0;0;1;1;0;0;0;0;0;0;1;0;0;0;0;0;1;15971.8928571429
1;1;0;1;0;0;1;0;1;0;0;0;1;0;0;0;1;0;0;0;0;0;1;0;1;0;0;0;1;0;0;10953.0714285714
1;1;0;1;1;0;0;0;1;1;0;0;0;0;0;0;1;0;0;1;0;0;0;0;1;0;0;0;0;1;0;14073.675
1;1;1;0;0;0;1;0;1;1;0;0;0;0;0;0;1;0;0;1;0;0;0;0;1;0;0;0;1;0;0;10013.1335714286
1;1;1;0;0;0;1;0;1;0;0;0;1;0;0;0;1;1;0;0;0;0;0;0;1;0;1;0;0;0;0;9301.27428571429
1;1;0;1;1;0;0;0;1;0;1;0;0;0;0;0;1;0;0;0;0;1;0;0;1;1;0;0;0;0;0;9680.75892857143
1;1;1;0;0;0;1;0;1;0;0;0;1;0;0;0;1;0;0;0;0;0;1;0;1;0;0;0;1;0;0;9868.68142857143
1;1;0;1;1;0;0;0;1;0;0;0;1;0;0;0;1;0;0;0;0;1;0;0;1;0;0;0;0;1;0;11205.1214285714
1;1;1;0;1;0;0;0;1;0;0;0;0;0;0;1;1;0;0;0;1;0;0;0;1;0;0;0;0;1;0;10479.2857142857
1;1;1;0;0;0;1;0;1;0;0;0;1;0;0;0;1;1;0;0;0;0;0;0;1;0;0;0;0;1;0;12829.9642857143
1;1;0;1;0;1;0;0;1;0;1;0;0;0;0;0;1;0;0;1;0;0;0;0;1;0;0;0;1;0;0;10867.4285714286
1;1;1;0;1;0;0;0;1;0;0;0;0;0;0;1;1;0;0;1;0;0;0;0;1;0;0;0;0;1;0;10379.7785714286
1;1;0;1;1;0;0;0;1;0;0;0;0;1;0;0;1;1;0;0;0;0;0;0;1;0;1;0;0;0;0;14951.0464285714
1;1;1;0;0;0;1;0;1;0;0;0;0;1;0;0;1;0;0;1;0;0;0;0;1;0;0;0;0;1;0;10247.6642857143
1;1;1;0;1;0;0;0;1;0;0;0;1;0;0;0;1;0;0;0;0;0;0;1;1;0;1;0;0;0;0;6875.32178571429
1;1;0;1;0;0;1;0;1;0;0;0;0;0;0;1;1;0;0;0;0;0;0;1;1;0;0;0;0;0;1;11682.825
1;1;0;1;0;1;0;0;1;0;1;0;0;0;0;0;1;1;0;0;0;0;0;0;1;1;0;0;0;0;0;19228.0142857143
1;1;1;0;0;1;0;0;1;1;0;0;0;0;0;0;1;0;0;1;0;0;0;0;1;0;0;0;0;1;0;10310.4178571429
1;1;0;1;1;0;0;0;1;0;1;0;0;0;0;0;1;0;0;0;0;0;0;1;1;0;0;0;0;1;0;11257.3428571429
1;1;1;0;0;1;0;0;1;0;1;0;0;0;0;0;1;1;0;0;0;0;0;0;1;1;0;0;0;0;0;17656.0071428571
1;1;0;1;1;0;0;0;1;0;1;0;0;0;0;0;1;1;0;0;0;0;0;0;1;0;0;0;0;0;1;52191.7392857143
1;1;0;1;0;0;1;0;1;0;0;0;0;1;0;0;1;0;0;0;0;0;0;1;1;0;0;0;0;0;1;11656.6714285714
1;1;0;1;0;1;0;0;1;0;0;0;1;0;0;0;1;0;1;0;0;0;0;0;1;0;0;0;1;0;0;10877.5428571429
1;1;0;1;0;0;1;0;1;0;0;0;0;0;0;1;1;0;0;0;0;1;0;0;1;0;0;0;0;0;1;11735.6928571429
1;1;0;1;1;0;0;0;1;0;0;0;0;0;0;1;1;0;0;0;0;0;0;1;1;0;0;0;0;1;0;11203.8571428571
1;1;0;1;0;0;1;0;1;0;0;0;0;0;0;1;1;1;0;0;0;0;0;0;1;0;1;0;0;0;0;7627.10678571428
1;1;1;0;0;0;1;0;1;0;0;0;0;1;0;0;1;0;0;0;0;1;0;0;1;0;0;1;0;0;0;7320.775
1;1;0;1;1;0;0;0;1;0;1;0;0;0;0;0;1;0;0;1;0;0;0;0;1;0;0;0;0;1;0;11299.8857142857
1;1;0;1;0;0;1;0;1;0;0;0;1;0;0;0;1;0;0;0;0;0;0;1;1;1;0;0;0;0;0;9619.915
1;1;1;0;0;0;1;0;1;0;1;0;0;0;0;0;1;1;0;0;0;0;0;0;1;0;1;0;0;0;0;13682.725
1;1;0;1;1;0;0;0;1;0;0;0;0;0;0;1;1;0;1;0;0;0;0;0;1;1;0;0;0;0;0;9668.30107142857
1;1;1;0;0;0;1;0;1;0;0;0;1;0;0;0;1;0;0;0;0;1;0;0;1;0;1;0;0;0;0;9256.26642857143
1;1;1;0;0;1;0;0;1;0;1;0;0;0;0;0;1;0;0;0;0;0;1;0;1;0;1;0;0;0;0;9233.52714285714
1;1;1;0;0;1;0;0;1;0;0;0;1;0;0;0;1;0;0;0;0;0;1;0;1;0;1;0;0;0;0;9321.80071428572
1;1;0;1;0;1;0;0;1;0;0;0;0;1;0;0;1;0;0;0;0;1;0;0;1;0;0;0;0;0;1;11633.6892857143
1;1;1;0;1;0;0;0;1;0;0;0;1;0;0;0;1;0;0;0;0;1;0;0;1;1;0;0;0;0;0;8878.75642857143
1;1;1;0;0;0;1;0;1;0;0;0;0;1;0;0;1;0;0;0;0;0;0;1;1;0;0;0;1;0;0;9829.94035714286
1;1;0;1;0;0;1;0;1;0;1;0;0;0;0;0;1;0;0;0;0;0;0;1;1;0;0;0;0;1;0;11205.2892857143
1;1;1;0;1;0;0;0;1;0;0;0;1;0;0;0;1;0;1;0;0;0;0;0;1;0;0;0;0;0;1;13214.5142857143
1;1;1;0;0;1;0;0;1;0;1;0;0;0;0;0;1;0;0;0;0;0;1;0;1;0;0;0;0;0;1;10694.4785714286
1;1;0;1;0;1;0;0;1;1;0;0;0;0;0;0;1;0;0;0;0;0;0;1;1;0;0;0;0;1;0;11299.1
1;1;1;0;1;0;0;0;1;0;0;0;0;0;1;0;1;0;0;0;0;0;1;0;1;0;0;0;1;0;0;9982.60785714286
1;1;0;1;0;0;1;0;1;0;0;0;1;0;0;0;1;0;0;0;0;0;0;1;1;0;0;0;0;1;0;11256.6285714286
1;1;1;0;1;0;0;0;1;0;0;0;0;0;0;1;1;0;0;0;0;0;1;0;1;0;0;0;0;0;1;10559.5892857143
1;1;0;1;1;0;0;0;1;0;0;0;0;1;0;0;1;0;0;0;0;0;1;0;1;0;0;0;0;0;1;11708.5357142857
1;1;0;1;1;0;0;0;1;0;1;0;0;0;0;0;1;0;0;0;0;1;0;0;1;0;0;0;0;1;0;11243.825
1;1;1;0;0;1;0;0;1;1;0;0;0;0;0;0;1;0;0;0;0;0;0;1;1;0;0;1;0;0;0;9600.47071428571
1;1;1;0;0;1;0;0;1;0;1;0;0;0;0;0;1;0;0;0;0;0;0;1;1;0;0;0;0;0;1;10730.3714285714
1;1;1;0;0;1;0;0;1;0;0;0;0;0;0;1;1;0;0;0;0;1;0;0;1;0;0;0;0;1;0;10343.9928571429
1;1;0;1;0;0;1;0;1;0;1;0;0;0;0;0;1;0;0;1;0;0;0;0;1;0;0;1;0;0;0;10423.55
1;1;1;0;1;0;0;0;1;0;1;0;0;0;0;0;1;0;0;1;0;0;0;0;1;0;0;0;0;0;1;10611.7214285714
1;1;1;0;0;0;1;0;1;0;0;0;0;0;0;1;1;0;1;0;0;0;0;0;1;1;0;0;0;0;0;6751.39285714286
1;1;0;1;0;1;0;0;1;0;1;0;0;0;0;0;1;0;1;0;0;0;0;0;1;0;0;0;0;0;1;14474.5321428571
1;1;1;0;1;0;0;0;1;0;0;0;1;0;0;0;1;0;0;0;0;0;1;0;1;0;0;0;0;0;1;10583.5392857143
1;1;1;0;1;0;0;0;1;0;1;0;0;0;0;0;1;1;0;0;0;0;0;0;1;0;0;0;0;0;1;58091.4464285714
1;1;0;1;1;0;0;0;1;0;1;0;0;0;0;0;1;0;0;1;0;0;0;0;1;0;1;0;0;0;0;10247.7314285714
1;1;1;0;0;0;1;0;1;0;0;1;0;0;0;0;1;0;0;0;0;1;0;0;1;0;0;0;1;0;0;9970.21035714286
1;1;0;1;0;0;1;0;1;0;1;0;0;0;0;0;1;0;1;0;0;0;0;0;1;0;0;1;0;0;0;13174.0892857143
1;1;1;0;0;1;0;0;1;0;0;0;1;0;0;0;1;1;0;0;0;0;0;0;1;0;0;0;1;0;0;12336.3785714286
1;1;0;1;1;0;0;0;1;0;1;0;0;0;0;0;1;0;0;1;0;0;0;0;1;0;0;1;0;0;0;10498.7
1;1;0;1;0;0;1;0;1;0;0;0;0;0;0;1;1;0;0;0;0;0;1;0;1;0;0;0;0;1;0;11264.7142857143
1;1;1;0;0;0;1;0;1;0;0;0;1;0;0;0;1;0;0;1;0;0;0;0;1;0;0;0;0;1;0;10211.0535714286
1;1;0;1;0;0;1;0;1;0;0;0;0;1;0;0;1;0;0;0;0;0;1;0;1;0;1;0;0;0;0;7603.9575
1;1;0;1;0;1;0;0;1;0;1;0;0;0;0;0;1;1;0;0;0;0;0;0;1;0;1;0;0;0;0;20116.1535714286
1;1;0;1;0;0;0;1;1;0;0;0;0;0;0;1;1;0;0;0;0;0;1;0;1;0;0;0;1;0;0;8155.86857142857
1;1;0;1;1;0;0;0;1;0;0;0;0;0;0;1;1;0;0;0;0;0;1;0;1;0;1;0;0;0;0;7508.27142857143
1;1;1;0;0;1;0;0;1;0;0;0;1;0;0;0;1;0;0;0;0;0;0;1;1;0;0;1;0;0;0;7346.12357142857
1;1;1;0;0;1;0;0;1;0;0;0;1;0;0;0;1;0;0;1;0;0;0;0;1;0;1;0;0;0;0;9144.37321428572
1;1;1;0;1;0;0;0;1;0;0;0;0;1;0;0;1;0;0;1;0;0;0;0;1;0;0;0;0;0;1;10547.3107142857
1;1;1;0;0;1;0;0;1;0;1;0;0;0;0;0;1;0;0;0;0;1;0;0;1;1;0;0;0;0;0;8971.33821428571
1;1;1;0;1;0;0;0;1;0;0;1;0;0;0;0;1;0;0;0;0;0;1;0;1;0;0;0;1;0;0;9864.55392857143
1;1;0;1;1;0;0;0;1;0;0;0;0;0;0;1;1;0;0;0;0;1;0;0;1;1;0;0;0;0;0;7382.65678571429
1;1;1;0;1;0;0;0;1;0;0;0;0;0;0;1;1;0;0;0;0;0;1;0;1;0;0;0;1;0;0;9954.515
1;1;1;0;0;1;0;0;1;0;0;0;0;1;0;0;1;0;1;0;0;0;0;0;1;0;0;0;0;1;0;10264.4
1;1;1;0;1;0;0;0;1;0;1;0;0;0;0;0;1;0;1;0;0;0;0;0;1;0;1;0;0;0;0;11472.7035714286
1;1;0;1;0;0;1;0;1;0;0;0;0;0;1;0;1;0;0;1;0;0;0;0;1;0;0;0;1;0;0;10883.4821428571
1;1;0;1;1;0;0;0;1;0;0;0;0;1;0;0;1;0;0;0;0;0;1;0;1;0;1;0;0;0;0;7526.44714285714
1;1;1;0;0;1;0;0;1;0;0;1;0;0;0;0;1;0;0;0;0;1;0;0;1;0;0;0;1;0;0;9898.45571428571
1;1;1;0;1;0;0;0;1;0;0;0;1;0;0;0;1;0;0;0;0;0;0;1;1;1;0;0;0;0;0;6823.23392857143
1;1;1;0;1;0;0;0;1;0;0;0;0;1;0;0;1;1;0;0;0;0;0;0;1;0;1;0;0;0;0;13616.6607142857
1;1;0;1;1;0;0;0;1;0;1;0;0;0;0;0;1;0;0;1;0;0;0;0;1;1;0;0;0;0;0;9704.62892857143
1;1;0;1;0;0;1;0;1;0;0;0;0;0;0;1;1;0;0;0;0;0;0;1;1;0;0;1;0;0;0;10491.3285714286
1;1;1;0;0;0;1;0;1;0;1;0;0;0;0;0;1;0;0;0;0;1;0;0;1;1;0;0;0;0;0;6793.59035714286
1;1;1;0;1;0;0;0;1;0;0;0;0;1;0;0;1;1;0;0;0;0;0;0;1;1;0;0;0;0;0;13292.5214285714
1;1;0;1;1;0;0;0;1;0;0;0;1;0;0;0;1;0;1;0;0;0;0;0;1;0;1;0;0;0;0;12524.9071428571
1;1;0;1;0;0;1;0;1;0;0;0;0;1;0;0;1;0;1;0;0;0;0;0;1;0;0;0;0;1;0;14143.3642857143
1;1;1;0;0;0;0;1;1;0;0;0;0;0;0;1;1;1;0;0;0;0;0;0;1;0;1;0;0;0;0;9229.03785714286
1;1;0;1;0;0;1;0;1;0;0;0;0;1;0;0;1;0;0;0;0;0;1;0;1;0;0;1;0;0;0;7915.47857142857
1;1;1;0;1;0;0;0;1;0;0;0;0;1;0;0;1;0;0;0;0;0;1;0;1;1;0;0;0;0;0;6831.70035714286
1;1;0;1;0;1;0;0;1;0;0;0;0;0;0;1;1;1;0;0;0;0;0;0;1;1;0;0;0;0;0;12044.2035714286
1;1;0;1;1;0;0;0;1;0;1;0;0;0;0;0;1;0;0;0;0;0;0;1;1;1;0;0;0;0;0;7337.19214285714
1;1;0;1;0;0;0;1;1;0;0;0;0;0;0;1;1;0;0;0;0;0;0;1;1;0;0;0;1;0;0;8223.38392857143
1;1;0;1;1;0;0;0;1;0;1;0;0;0;0;0;1;0;0;0;0;0;0;1;1;0;0;0;0;0;1;11582.9571428571
1;1;1;0;1;0;0;0;1;0;0;0;0;0;0;1;1;0;0;0;0;0;1;0;1;0;1;0;0;0;0;7019.14928571428
1;1;1;0;1;0;0;0;1;0;1;0;0;0;0;0;1;1;0;0;0;0;0;0;1;0;0;1;0;0;0;40790.8071428571
1;1;0;1;0;1;0;0;1;0;0;0;0;0;0;1;1;0;1;0;0;0;0;0;1;0;0;1;0;0;0;10503.025
1;1;1;0;0;1;0;0;1;0;1;0;0;0;0;0;1;0;1;0;0;0;0;0;1;0;0;0;1;0;0;12590.6321428571
1;1;1;0;0;1;0;0;1;0;0;0;0;1;0;0;1;0;1;0;0;0;0;0;1;0;0;0;0;0;1;10657.6857142857
1;1;1;0;0;1;0;0;1;0;0;0;0;0;1;0;1;0;0;0;0;0;1;0;1;0;0;0;1;0;0;9907.31642857143
1;1;1;0;1;0;0;0;1;0;0;0;0;1;0;0;1;0;0;1;0;0;0;0;1;0;0;0;0;1;0;10470.9178571429
1;1;0;1;1;0;0;0;1;0;0;0;1;0;0;0;1;0;0;0;0;0;1;0;1;0;1;0;0;0;0;10037.4989285714
1;1;0;1;0;0;0;1;1;0;0;0;0;0;0;1;1;1;0;0;0;0;0;0;1;0;0;0;1;0;0;13651.4321428571
1;1;0;1;0;0;1;0;1;0;0;0;0;1;0;0;1;0;0;1;0;0;0;0;1;0;1;0;0;0;0;7941.31178571428
1;1;0;1;0;1;0;0;1;0;0;0;1;0;0;0;1;1;0;0;0;0;0;0;1;0;1;0;0;0;0;12560.3928571429
1;1;1;0;0;0;1;0;1;1;0;0;0;0;0;0;1;0;0;0;0;0;1;0;1;0;0;0;1;0;0;9893.64892857143
1;1;0;1;1;0;0;0;1;0;0;0;0;0;0;1;1;0;0;1;0;0;0;0;1;0;0;0;1;0;0;10825.125
1;1;0;1;1;0;0;0;1;0;0;0;0;0;0;1;1;0;0;1;0;0;0;0;1;0;1;0;0;0;0;9973.78178571429
1;1;1;0;0;1;0;0;1;0;1;0;0;0;0;0;1;0;0;0;0;0;1;0;1;1;0;0;0;0;0;6694.72464285714
1;1;0;1;0;0;1;0;1;0;0;0;0;1;0;0;1;0;1;0;0;0;0;0;1;1;0;0;0;0;0;12126.2785714286
1;1;0;1;1;0;0;0;1;0;0;0;1;0;0;0;1;0;0;0;0;0;1;0;1;0;0;0;0;1;0;11312.3357142857
1;1;1;0;0;0;1;0;1;0;0;0;0;0;0;1;1;0;0;0;0;0;1;0;1;0;0;0;0;0;1;10702.3321428571
1;1;0;1;1;0;0;0;1;0;0;0;1;0;0;0;1;0;0;0;0;0;1;0;1;0;0;0;1;0;0;10784.7178571429
1;1;0;1;0;1;0;0;1;0;0;1;0;0;0;0;1;1;0;0;0;0;0;0;1;0;0;0;1;0;0;13505.3035714286
1;1;1;0;1;0;0;0;1;0;1;0;0;0;0;0;1;0;1;0;0;0;0;0;1;0;0;0;0;1;0;13082.9964285714
1;1;1;0;0;0;0;1;1;0;0;1;0;0;0;0;1;0;0;0;0;1;0;0;1;0;0;0;1;0;0;10200.9767857143
1;1;1;0;0;0;1;0;1;0;0;0;0;0;0;1;1;1;0;0;0;0;0;0;1;0;0;0;0;1;0;12778.475
1;1;0;1;1;0;0;0;1;0;0;0;0;0;0;1;1;0;0;1;0;0;0;0;1;0;0;0;0;1;0;11237.6357142857
1;1;1;0;0;1;0;0;1;0;1;0;0;0;0;0;1;0;1;0;0;0;0;0;1;0;0;0;0;1;0;13006.175
1;1;1;0;0;0;1;0;1;0;1;0;0;0;0;0;1;0;0;1;0;0;0;0;1;0;0;0;0;1;0;10203.9892857143
1;1;0;1;0;0;0;1;1;1;0;0;0;0;0;0;1;0;1;0;0;0;0;0;1;0;0;0;1;0;0;21707.6285714286
1;1;0;1;0;0;1;0;1;0;1;0;0;0;0;0;1;0;1;0;0;0;0;0;1;0;0;0;0;0;1;14515.2
1;1;0;1;0;0;1;0;1;0;0;0;0;0;0;1;1;0;0;0;1;0;0;0;1;0;0;0;0;0;1;11673.5321428571
1;1;1;0;1;0;0;0;1;0;0;0;0;1;0;0;1;0;0;0;0;1;0;0;1;0;0;1;0;0;0;9814.73107142857
1;1;1;0;0;1;0;0;1;0;0;0;0;0;0;1;1;0;0;0;0;0;0;1;1;1;0;0;0;0;0;6741.75071428571
1;1;0;1;0;0;0;1;1;0;0;0;0;0;0;1;1;0;0;1;0;0;0;0;1;0;0;0;1;0;0;10810.4892857143
1;1;0;1;0;0;1;0;1;0;0;0;0;0;0;1;1;1;0;0;0;0;0;0;1;0;0;0;0;1;0;14171.4357142857
1;1;0;1;0;1;0;0;1;0;1;0;0;0;0;0;1;0;0;0;0;0;1;0;1;0;1;0;0;0;0;10051.1814285714
1;1;0;1;0;1;0;0;1;0;0;0;0;1;0;0;1;1;0;0;0;0;0;0;1;0;0;1;0;0;0;13023.0892857143
1;1;0;1;0;0;1;0;1;0;1;0;0;0;0;0;1;0;0;1;0;0;0;0;1;1;0;0;0;0;0;7395.055
1;1;0;1;0;0;1;0;1;0;0;0;0;0;0;1;1;0;0;0;0;0;0;1;1;1;0;0;0;0;0;9718.52785714285
1;1;1;0;0;1;0;0;1;0;0;0;0;0;0;1;1;0;0;1;0;0;0;0;1;0;1;0;0;0;0;9232.935
1;1;1;0;0;0;1;0;1;0;0;0;0;1;0;0;1;0;0;0;0;0;1;0;1;0;0;0;0;0;1;10613.0178571429
1;1;1;0;0;0;0;1;1;0;0;0;0;0;1;0;1;0;0;0;0;1;0;0;1;0;0;0;1;0;0;7530.77785714286
1;1;1;0;1;0;0;0;1;0;0;0;0;0;0;1;1;0;0;0;0;1;0;0;1;0;1;0;0;0;0;6828.97642857143
1;1;1;0;1;0;0;0;1;0;0;0;0;0;0;1;1;0;0;0;0;0;0;1;1;0;0;0;0;0;1;10742.7464285714
1;1;1;0;1;0;0;0;1;1;0;0;0;0;0;0;1;0;0;0;0;0;0;1;1;0;1;0;0;0;0;6888.65642857143
1;1;1;0;0;1;0;0;1;0;0;0;0;1;0;0;1;1;0;0;0;0;0;0;1;0;0;0;1;0;0;14909.8357142857
1;1;0;1;1;0;0;0;1;0;0;0;1;0;0;0;1;1;0;0;0;0;0;0;1;0;0;0;0;1;0;16923.7678571429
1;1;0;1;1;0;0;0;1;0;1;0;0;0;0;0;1;0;0;0;0;0;1;0;1;1;0;0;0;0;0;7279.72071428571
1;1;0;1;1;0;0;0;1;0;1;0;0;0;0;0;1;0;1;0;0;0;0;0;1;0;0;0;1;0;0;13661.4785714286
1;1;1;0;0;0;1;0;1;0;0;0;0;0;1;0;1;1;0;0;0;0;0;0;1;0;0;0;1;0;0;12302.025
1;1;0;1;0;1;0;0;1;0;0;1;0;0;0;0;1;0;0;0;0;1;0;0;1;0;0;0;1;0;0;10851.3535714286
1;1;0;1;1;0;0;0;1;0;0;0;1;0;0;0;1;1;0;0;0;0;0;0;1;0;0;1;0;0;0;15637.1964285714
1;1;0;1;0;1;0;0;1;0;0;0;1;0;0;0;1;0;0;0;0;0;0;1;1;0;0;0;1;0;0;10919.4714285714
1;1;0;1;1;0;0;0;1;0;1;0;0;0;0;0;1;0;0;0;0;0;1;0;1;0;0;0;0;0;1;11864.8464285714
1;1;1;0;0;0;1;0;1;0;0;0;0;0;0;1;1;0;1;0;0;0;0;0;1;0;0;0;0;1;0;10275.05
1;1;1;0;0;0;1;0;1;1;0;0;0;0;0;0;1;0;0;0;0;0;0;1;1;0;0;0;0;0;1;10611.1892857143
1;1;0;1;0;0;1;0;1;0;0;1;0;0;0;0;1;0;0;0;0;0;1;0;1;0;0;0;1;0;0;10895.8428571429
1;1;1;0;0;0;1;0;1;0;0;0;0;0;0;1;1;0;0;0;0;0;0;1;1;1;0;0;0;0;0;8814.78321428571
1;1;1;0;0;0;1;0;1;0;0;0;0;0;0;1;1;0;0;1;0;0;0;0;1;1;0;0;0;0;0;8825.10107142857
1;1;1;0;0;0;1;0;1;0;1;0;0;0;0;0;1;0;0;0;0;1;0;0;1;0;1;0;0;0;0;9074.50857142857
1;1;0;1;0;0;0;1;1;0;0;1;0;0;0;0;1;1;0;0;0;0;0;0;1;0;0;0;1;0;0;13752.0642857143
1;1;1;0;1;0;0;0;1;0;1;0;0;0;0;0;1;0;0;0;0;0;0;1;1;0;0;1;0;0;0;7454.38035714286
1;1;0;1;0;0;1;0;1;0;1;0;0;0;0;0;1;0;1;0;0;0;0;0;1;0;0;0;1;0;0;13501.7428571429
1;1;1;0;0;1;0;0;1;0;0;0;0;0;0;1;1;0;1;0;0;0;0;0;1;1;0;0;0;0;0;8831.90142857143
1;1;0;1;0;1;0;0;1;0;0;0;0;0;0;1;1;0;0;0;0;0;0;1;1;0;0;1;0;0;0;7955.10178571429
1;1;0;1;1;0;0;0;1;0;0;0;0;0;0;1;1;0;1;0;0;0;0;0;1;0;0;0;0;0;1;14540.7357142857
1;1;0;1;0;1;0;0;1;0;0;0;0;1;0;0;1;0;0;0;0;0;0;1;1;1;0;0;0;0;0;7299.77714285714
1;1;0;1;1;0;0;0;1;0;0;0;0;1;0;0;1;0;0;0;0;0;0;1;1;1;0;0;0;0;0;7341.04071428571
1;1;1;0;0;1;0;0;1;0;0;1;0;0;0;0;1;1;0;0;0;0;0;0;1;0;0;0;1;0;0;12342.1178571429
1;1;1;0;0;1;0;0;1;0;0;0;0;1;0;0;1;0;0;1;0;0;0;0;1;0;1;0;0;0;0;9246.80642857143
1;1;1;0;0;1;0;0;1;0;1;0;0;0;0;0;1;1;0;0;0;0;0;0;1;0;0;0;1;0;0;19767.1214285714
1;1;0;1;1;0;0;0;1;0;0;0;1;0;0;0;1;0;1;0;0;0;0;0;1;1;0;0;0;0;0;12000.4071428571
1;1;0;1;0;0;1;0;1;0;0;0;0;1;0;0;1;0;0;0;0;1;0;0;1;0;0;0;0;1;0;11250.2642857143
1;1;0;1;0;0;1;0;1;0;0;0;1;0;0;0;1;0;0;1;0;0;0;0;1;0;0;0;1;0;0;10899.8678571429
1;1;1;0;0;1;0;0;1;0;0;0;1;0;0;0;1;0;0;0;0;0;0;1;1;0;0;0;0;1;0;10298.175
1;1;0;1;0;0;1;0;1;0;1;0;0;0;0;0;1;1;0;0;0;0;0;0;1;0;1;0;0;0;0;17537.9107142857
1;1;1;0;0;0;0;1;1;0;0;0;0;0;0;1;1;0;0;1;0;0;0;0;1;0;0;0;0;1;0;10574.1857142857
1;1;0;1;0;0;1;0;1;0;0;0;1;0;0;0;1;0;0;0;0;0;1;0;1;0;0;0;0;1;0;11200.7857142857
1;1;0;1;0;0;1;0;1;0;0;0;1;0;0;0;1;0;0;0;0;1;0;0;1;0;1;0;0;0;0;10259.975
1;1;1;0;0;1;0;0;1;0;0;0;0;1;0;0;1;0;0;0;0;1;0;0;1;0;1;0;0;0;0;9150.06035714286
1;1;1;0;0;1;0;0;1;0;0;0;0;1;0;0;1;0;0;0;0;0;1;0;1;0;0;0;0;1;0;10306.4571428571
1;1;1;0;1;0;0;0;1;1;0;0;0;0;0;0;1;0;0;1;0;0;0;0;1;0;0;0;1;0;0;12819.7214285714
1;1;1;0;0;1;0;0;1;0;1;0;0;0;0;0;1;0;0;0;0;0;1;0;1;0;0;0;1;0;0;9944.255
1;1;0;1;1;0;0;0;1;0;0;1;0;0;0;0;1;0;0;1;0;0;0;0;1;0;0;0;0;1;0;11272.6178571429
1;1;0;1;1;0;0;0;1;0;0;0;0;0;1;0;1;0;0;1;0;0;0;0;1;1;0;0;0;0;0;9660.89321428571
