polly_vectorizer;none;polly;polly_parallel;parallel;parallel_force;polly_no_tiling;polly_delinearize;polly_dependences_analysis_type;value_based;memory_based;polly_opt_fusion;min;max;polly_opt_simplify_deps;pollyrtcmaxparameters;pollyrtcmaxparameters_1;pollyrtcmaxparameters_2;pollyrtcmaxparameters_4;pollyrtcmaxparameters_8;pollyrtcmaxparameters_16;pollyoptmaxconstantterm;pollyoptmaxconstantterm_1;pollyoptmaxconstantterm_10;pollyoptmaxconstantterm_100;pollyoptmaxconstantterm_1000;pollyoptmaxconstantterm_10000;pollyoptmaxcoefficient;pollyoptmaxcoefficient_1;pollyoptmaxcoefficient_10;pollyoptmaxcoefficient_100;pollyoptmaxcoefficient_1000;pollyoptmaxcoefficient_10000;pollydefaulttilesize;pollydefaulttilesize_4;pollydefaulttilesize_16;pollydefaulttilesize_64;pollydefaulttilesize_256;pollydefaulttilesize_1024;Performance
1;0;1;1;0;1;1;1;1;1;0;1;1;0;0;1;0;0;0;1;0;1;0;1;0;0;0;1;0;0;0;1;0;1;0;0;0;1;0;23.715
1;0;1;1;0;1;1;1;1;1;0;1;1;0;0;1;0;0;0;0;1;1;0;0;1;0;0;1;0;1;0;0;0;1;0;0;1;0;0;23.79
1;0;1;1;0;1;1;1;1;1;0;1;1;0;0;1;0;0;0;0;1;1;0;0;0;1;0;1;0;1;0;0;0;1;0;0;1;0;0;24.025
1;0;1;1;0;1;0;1;1;1;0;1;1;0;1;1;0;0;0;1;0;1;0;1;0;0;0;1;0;0;0;1;0;1;0;0;0;0;1;7.61
1;0;1;1;0;1;0;1;1;1;0;1;1;0;1;1;0;0;0;0;1;1;0;0;0;1;0;1;0;1;0;0;0;1;0;0;0;1;0;6.52
1;0;1;1;0;1;0;1;1;1;0;1;1;0;1;1;0;0;0;1;0;1;0;1;0;0;0;1;0;0;0;1;0;1;0;0;0;1;0;6.765
1;0;1;1;0;1;0;1;1;1;0;1;1;0;1;1;0;0;0;0;1;1;0;0;1;0;0;1;0;1;0;0;0;1;0;0;0;1;0;6.565
1;1;0;1;1;0;0;1;1;0;1;1;0;1;0;1;0;0;0;0;1;1;0;0;0;1;0;1;0;1;0;0;0;1;0;0;0;1;0;30.6733333333333
1;0;1;0;0;0;0;1;1;0;1;1;1;0;1;1;0;0;0;0;1;1;0;0;0;1;0;1;0;1;0;0;0;1;0;1;0;0;0;29.13
1;0;1;0;0;0;0;1;1;1;0;1;1;0;0;1;0;0;0;1;0;1;0;0;0;1;0;1;0;0;0;1;0;1;0;0;1;0;0;4.51
1;1;0;0;0;0;1;1;1;0;1;1;0;1;0;1;0;0;0;1;0;1;0;1;0;0;0;1;0;0;0;1;0;1;1;0;0;0;0;28.6333333333333
1;1;0;1;0;1;1;1;1;1;0;1;0;1;1;1;0;0;0;1;0;1;0;1;0;0;0;1;0;0;0;1;0;1;1;0;0;0;0;30.3066666666667
1;1;0;1;1;0;0;1;1;0;1;1;0;1;0;1;0;0;0;0;1;1;0;0;0;1;0;1;0;1;0;0;0;1;0;0;1;0;0;30.7
1;1;0;1;0;1;1;1;1;0;1;1;0;1;0;1;0;0;0;0;1;1;0;0;1;0;0;1;0;1;0;0;0;1;0;0;1;0;0;29.0366666666667
1;1;0;1;0;1;1;1;1;1;0;1;0;1;1;1;0;0;0;0;1;1;0;0;0;1;0;1;1;0;0;0;0;1;1;0;0;0;0;29.0166666666667
1;1;0;1;0;1;1;1;1;0;1;1;1;0;0;1;0;0;0;0;1;1;0;0;1;0;0;1;0;1;0;0;0;1;0;0;0;1;0;29.1966666666667
1;1;0;0;0;0;1;1;1;1;0;1;0;1;0;1;0;0;0;0;1;1;1;0;0;0;0;1;1;0;0;0;0;1;0;1;0;0;0;28.8533333333333
1;0;1;1;0;1;0;1;1;0;1;1;0;1;1;1;0;0;0;0;1;1;1;0;0;0;0;1;1;0;0;0;0;1;0;1;0;0;0;28.6333333333333
1;1;0;1;0;1;1;1;1;0;1;1;1;0;0;1;0;0;0;1;0;1;0;1;0;0;0;1;0;0;0;1;0;1;0;0;0;0;1;28.51
1;0;1;1;1;0;0;1;1;0;1;1;0;1;0;1;0;0;0;1;0;1;0;1;0;0;0;1;0;0;0;1;0;1;0;0;0;0;1;30.6933333333333
1;1;0;1;1;0;0;1;1;1;0;1;1;0;1;1;0;0;0;1;0;1;0;0;0;0;1;1;0;0;0;1;0;1;0;0;1;0;0;14.3933333333333
1;1;0;1;0;1;1;1;1;1;0;1;0;1;1;1;0;0;0;0;1;1;0;0;0;1;0;1;0;1;0;0;0;1;0;0;1;0;0;28.3133333333333
1;1;0;0;0;0;0;1;1;0;1;1;1;0;1;1;0;0;0;0;1;1;0;0;0;1;0;1;0;1;0;0;0;1;0;0;0;1;0;28.9566666666667
1;0;1;1;0;1;0;1;1;1;0;1;1;0;0;1;0;0;0;0;1;1;0;0;0;1;0;1;0;1;0;0;0;1;0;0;1;0;0;4.51666666666667
1;1;0;1;0;1;1;1;1;1;0;1;1;0;0;1;0;0;0;0;1;1;0;0;1;0;0;1;0;1;0;0;0;1;0;0;0;1;0;29.0166666666667
1;1;0;0;0;0;0;1;1;0;1;1;0;1;0;1;0;0;0;0;1;1;0;0;1;0;0;1;0;1;0;0;0;1;0;1;0;0;0;29.0433333333333
1;1;0;0;0;0;1;1;1;1;0;1;0;1;1;1;0;0;0;1;0;1;0;1;0;0;0;1;0;0;0;1;0;1;0;1;0;0;0;29.1266666666667
1;0;1;0;0;0;0;1;1;0;1;1;1;0;1;1;0;0;0;1;0;1;0;1;0;0;0;1;0;0;0;1;0;1;0;0;1;0;0;29.1633333333333
1;0;1;0;0;0;1;1;1;1;0;1;1;0;0;1;0;0;0;0;1;1;0;0;0;1;0;1;0;1;0;0;0;1;0;0;0;1;0;24.0433333333333
1;0;1;0;0;0;1;1;1;1;0;1;1;0;0;1;0;0;0;0;1;1;0;0;1;0;0;1;0;1;0;0;0;1;0;0;1;0;0;23.8966666666667
1;1;0;0;0;0;0;1;1;0;1;1;1;0;1;1;0;1;0;0;0;1;0;1;0;0;0;1;1;0;0;0;0;1;0;0;1;0;0;29.2666666666667
1;1;0;0;0;0;0;1;1;0;1;1;0;1;0;1;0;0;0;1;0;1;0;1;0;0;0;1;0;0;0;1;0;1;0;0;0;1;0;29.1366666666667
1;0;1;1;0;1;1;1;1;0;1;1;1;0;1;1;0;0;0;0;1;1;1;0;0;0;0;1;1;0;0;0;0;1;1;0;0;0;0;28.5966666666667
1;0;1;1;1;0;0;1;1;1;0;1;0;1;1;1;0;0;0;0;1;1;1;0;0;0;0;1;1;0;0;0;0;1;1;0;0;0;0;30.81
1;1;0;1;0;1;1;1;1;1;0;1;1;0;1;1;0;0;0;1;0;1;0;1;0;0;0;1;0;0;0;1;0;1;0;0;1;0;0;29.1333333333333
1;0;1;1;1;0;1;1;1;0;1;1;1;0;1;1;0;0;0;0;1;1;0;0;0;1;0;1;1;0;0;0;0;1;1;0;0;0;0;30.9133333333333
1;0;1;1;1;0;0;1;1;1;0;1;0;1;0;1;0;0;0;0;1;1;0;0;1;0;0;1;0;1;0;0;0;1;0;0;1;0;0;31
1;0;1;1;1;0;1;1;1;0;1;1;0;1;0;1;0;0;0;0;1;1;0;0;0;1;0;1;0;1;0;0;0;1;0;0;0;1;0;30.76
1;1;0;0;0;0;0;1;1;0;1;1;0;1;1;1;1;0;0;0;0;1;0;0;0;0;1;1;0;0;0;0;1;1;0;0;1;0;0;28.55
1;0;1;0;0;0;0;1;1;0;1;1;0;1;1;1;0;0;0;1;0;1;1;0;0;0;0;1;0;0;0;1;0;1;0;0;1;0;0;29.8033333333333
1;1;0;1;0;1;0;1;1;1;0;1;1;0;1;1;0;0;0;1;0;1;0;1;0;0;0;1;0;0;0;1;0;1;0;0;1;0;0;10.7133333333333
1;0;1;0;0;0;0;1;1;1;0;1;0;1;0;1;0;0;0;0;1;1;0;1;0;0;0;1;1;0;0;0;0;1;0;1;0;0;0;28.99
1;0;1;1;1;0;0;1;1;1;0;1;1;0;1;1;0;0;0;0;1;1;1;0;0;0;0;1;1;0;0;0;0;1;0;1;0;0;0;7.59
1;0;1;0;0;0;0;1;1;1;0;1;1;0;0;1;0;0;0;0;1;1;0;1;0;0;0;1;1;0;0;0;0;1;0;0;1;0;0;4.46333333333333
1;1;0;0;0;0;0;1;1;1;0;1;0;1;1;1;0;0;0;1;0;1;0;1;0;0;0;1;0;0;0;1;0;1;0;0;0;0;1;29.2333333333333
1;0;1;1;0;1;1;1;1;0;1;1;0;1;0;1;0;0;0;1;0;1;0;1;0;0;0;1;0;0;0;1;0;1;1;0;0;0;0;28.6033333333333
1;0;1;0;0;0;0;1;1;1;0;1;1;0;1;1;1;0;0;0;0;1;0;0;0;1;0;1;1;0;0;0;0;1;0;0;1;0;0;4.39666666666667
1;1;0;1;1;0;0;1;1;0;1;1;0;1;0;1;0;0;0;0;1;1;0;0;1;0;0;1;0;1;0;0;0;1;0;1;0;0;0;30.9266666666667
1;0;1;0;0;0;1;1;1;1;0;1;0;1;0;1;0;0;0;0;1;1;0;1;0;0;0;1;1;0;0;0;0;1;0;0;1;0;0;29.1
1;0;1;1;0;1;1;1;1;0;1;1;0;1;0;1;0;0;0;0;1;1;1;0;0;0;0;1;1;0;0;0;0;1;1;0;0;0;0;29.7066666666667
1;1;0;0;0;0;0;1;1;1;0;1;1;0;0;1;0;0;0;0;1;1;1;0;0;0;0;1;0;1;0;0;0;1;0;0;1;0;0;10.6433333333333
1;0;1;1;1;0;1;1;1;0;1;1;1;0;0;1;0;0;0;0;1;1;0;0;0;1;0;1;0;1;0;0;0;1;0;0;1;0;0;30.8733333333333
1;0;1;0;0;0;0;1;1;1;0;1;0;1;1;1;0;0;0;0;1;1;0;0;0;0;1;1;1;0;0;0;0;1;0;0;1;0;0;28.5166666666667
1;0;1;0;0;0;0;1;1;0;1;1;1;0;0;1;0;1;0;0;0;1;0;1;0;0;0;1;1;0;0;0;0;1;0;0;1;0;0;29.5933333333333
1;1;0;0;0;0;0;1;1;1;0;1;0;1;0;1;0;0;0;0;1;1;0;0;1;0;0;1;0;1;0;0;0;1;0;0;0;1;0;28.4433333333333
1;1;0;1;1;0;1;1;1;1;0;1;0;1;1;1;0;0;0;0;1;1;0;0;0;1;0;1;0;1;0;0;0;1;0;0;0;1;0;30.6966666666667
1;1;0;1;1;0;1;1;1;1;0;1;1;0;1;1;0;0;0;1;0;1;0;1;0;0;0;1;0;0;0;1;0;1;0;0;0;0;1;31.0866666666667
1;1;0;1;1;0;0;1;1;0;1;1;0;1;1;1;0;0;0;1;0;1;0;1;0;0;0;1;0;0;0;1;0;1;0;0;1;0;0;30.87
1;1;0;1;1;0;1;1;1;1;0;1;1;0;1;1;0;0;0;0;1;1;1;0;0;0;0;1;0;1;0;0;0;1;0;0;1;0;0;31.0566666666667
1;0;1;0;0;0;1;1;1;0;1;1;1;0;1;1;0;0;0;0;1;1;0;0;1;0;0;1;0;1;0;0;0;1;0;0;0;1;0;28.5333333333333
1;1;0;0;0;0;0;1;1;1;0;1;0;1;1;1;0;0;0;0;1;1;1;0;0;0;0;1;1;0;0;0;0;1;0;0;1;0;0;28.5833333333333
1;1;0;0;0;0;0;1;1;0;1;1;0;1;1;1;0;0;0;0;1;1;0;0;1;0;0;1;1;0;0;0;0;1;0;0;1;0;0;29.0366666666667
1;1;0;1;1;0;0;1;1;0;1;1;0;1;0;1;0;0;0;1;0;1;0;1;0;0;0;1;0;0;0;1;0;1;1;0;0;0;0;30.9466666666667
1;1;0;0;0;0;0;1;1;1;0;1;0;1;0;1;0;0;0;0;1;1;0;0;0;0;1;1;1;0;0;0;0;1;0;0;1;0;0;30.2866666666667
1;0;1;0;0;0;1;1;1;1;0;1;0;1;0;1;0;0;0;0;1;1;0;0;1;0;0;1;0;1;0;0;0;1;0;0;0;1;0;29.2033333333333
1;1;0;1;0;1;1;1;1;1;0;1;1;0;0;1;0;0;0;0;1;1;0;0;0;1;0;1;1;0;0;0;0;1;1;0;0;0;0;28.6033333333333
1;1;0;0;0;0;0;1;1;1;0;1;0;1;1;1;0;0;0;0;1;1;0;0;0;1;0;1;0;0;0;0;1;1;0;0;1;0;0;28.5466666666667
1;1;0;0;0;0;0;1;1;0;1;1;1;0;1;1;1;0;0;0;0;1;1;0;0;0;0;1;1;0;0;0;0;1;0;0;1;0;0;29.1566666666667
1;1;0;1;1;0;0;1;1;0;1;1;1;0;1;1;0;0;0;1;0;1;0;1;0;0;0;1;0;0;0;1;0;1;0;0;0;1;0;30.99
1;1;0;0;0;0;1;1;1;0;1;1;0;1;1;1;0;0;0;0;1;1;0;1;0;0;0;1;0;1;0;0;0;1;0;0;1;0;0;28.46
1;0;1;0;0;0;1;1;1;0;1;1;0;1;0;1;0;0;0;0;1;1;0;0;0;1;0;1;1;0;0;0;0;1;1;0;0;0;0;28.39
1;1;0;0;0;0;0;1;1;0;1;1;1;0;0;1;0;0;1;0;0;1;0;0;1;0;0;1;0;0;0;0;1;1;0;0;1;0;0;28.5133333333333
1;1;0;0;0;0;0;1;1;0;1;1;1;0;1;1;1;0;0;0;0;1;0;0;0;0;1;1;0;0;0;0;1;1;0;0;1;0;0;28.4966666666667
1;0;1;0;0;0;1;1;1;1;0;1;0;1;1;1;0;0;0;1;0;1;0;1;0;0;0;1;0;0;0;1;0;1;0;1;0;0;0;28.4133333333333
1;1;0;0;0;0;0;1;1;1;0;1;1;0;1;1;1;0;0;0;0;1;0;1;0;0;0;1;1;0;0;0;0;1;0;0;1;0;0;10.7566666666667
1;0;1;0;0;0;0;1;1;0;1;1;1;0;0;1;0;0;0;1;0;1;0;1;0;0;0;1;0;0;0;1;0;1;0;0;1;0;0;29.0566666666667
1;0;1;1;1;0;1;1;1;0;1;1;0;1;1;1;0;0;0;0;1;1;0;0;1;0;0;1;0;1;0;0;0;1;0;0;0;1;0;30.8433333333333
1;1;0;1;1;0;1;1;1;0;1;1;1;0;0;1;0;0;0;0;1;1;0;0;0;1;0;1;0;1;0;0;0;1;0;0;1;0;0;30.89
1;0;1;0;0;0;1;1;1;1;0;1;1;0;0;1;0;0;0;0;1;1;0;1;0;0;0;1;1;0;0;0;0;1;0;0;1;0;0;24.07
1;1;0;1;0;1;1;1;1;0;1;1;1;0;0;1;0;0;0;1;0;1;0;1;0;0;0;1;0;0;0;1;0;1;0;1;0;0;0;29.1933333333333
1;1;0;0;0;0;0;1;1;0;1;1;1;0;1;1;1;0;0;0;0;1;0;1;0;0;0;1;0;0;0;0;1;1;0;0;1;0;0;29.0466666666667
1;0;1;0;0;0;1;1;1;0;1;1;0;1;0;1;0;0;0;0;1;1;1;0;0;0;0;1;1;0;0;0;0;1;1;0;0;0;0;29.0833333333333
1;0;1;1;0;1;0;1;1;0;1;1;0;1;0;1;0;0;0;0;1;1;0;0;0;1;0;1;0;1;0;0;0;1;0;0;0;1;0;30.2933333333333
1;1;0;1;0;1;1;1;1;0;1;1;1;0;0;1;0;0;0;0;1;1;0;0;0;1;0;1;1;0;0;0;0;1;1;0;0;0;0;29.5866666666667
1;0;1;1;1;0;0;1;1;0;1;1;1;0;0;1;0;0;0;0;1;1;0;0;1;0;0;1;0;0;0;0;1;1;0;0;1;0;0;30.8233333333333
1;1;0;0;0;0;0;1;1;0;1;1;1;0;1;1;0;0;0;1;0;1;1;0;0;0;0;1;0;0;0;1;0;1;1;0;0;0;0;28.5666666666667
1;0;1;0;0;0;1;1;1;1;0;1;0;1;1;1;0;0;0;0;1;1;0;1;0;0;0;1;1;0;0;0;0;1;0;0;1;0;0;29.6133333333333
1;1;0;1;1;0;1;1;1;0;1;1;1;0;0;1;0;0;0;0;1;1;1;0;0;0;0;1;0;1;0;0;0;1;0;0;0;1;0;31.1333333333333
1;1;0;0;0;0;0;1;1;0;1;1;1;0;0;1;1;0;0;0;0;1;1;0;0;0;0;1;1;0;0;0;0;1;0;0;1;0;0;28.9966666666667
1;1;0;0;0;0;0;1;1;0;1;1;1;0;1;1;0;0;0;0;1;1;1;0;0;0;0;1;1;0;0;0;0;1;0;0;1;0;0;30.2233333333333
1;1;0;0;0;0;1;1;1;0;1;1;1;0;1;1;0;0;0;0;1;1;1;0;0;0;0;1;1;0;0;0;0;1;0;1;0;0;0;29.51
1;1;0;0;0;0;0;1;1;0;1;1;1;0;0;1;0;1;0;0;0;1;0;1;0;0;0;1;1;0;0;0;0;1;0;0;1;0;0;29.11
1;0;1;0;0;0;1;1;1;0;1;1;0;1;1;1;0;0;0;1;0;1;0;1;0;0;0;1;0;0;0;1;0;1;0;1;0;0;0;28.4933333333333
1;1;0;0;0;0;0;1;1;0;1;1;0;1;1;1;0;0;0;0;1;1;0;0;1;0;0;1;1;0;0;0;0;1;0;1;0;0;0;29.11
1;0;1;0;0;0;0;1;1;1;0;1;1;0;0;1;1;0;0;0;0;1;0;0;1;0;0;1;0;0;0;0;1;1;0;0;1;0;0;4.38333333333333
1;1;0;0;0;0;0;1;1;1;0;1;1;0;1;1;0;0;0;0;1;1;1;0;0;0;0;1;1;0;0;0;0;1;0;1;0;0;0;11.41
1;0;1;0;0;0;0;1;1;1;0;1;0;1;1;1;0;0;0;0;1;1;0;0;1;0;0;1;0;1;0;0;0;1;0;1;0;0;0;29.25
1;1;0;1;1;0;1;1;1;1;0;1;1;0;1;1;0;0;0;1;0;1;0;1;0;0;0;1;0;0;0;1;0;1;1;0;0;0;0;31.0566666666667
1;1;0;0;0;0;0;1;1;0;1;1;0;1;1;1;0;0;0;0;1;1;0;1;0;0;0;1;1;0;0;0;0;1;0;1;0;0;0;29.1866666666667
1;1;0;0;0;0;0;1;1;1;0;1;0;1;0;1;0;0;0;1;0;1;0;1;0;0;0;1;0;0;0;1;0;1;0;0;0;0;1;28.3833333333333
1;0;1;1;1;0;0;1;1;1;0;1;0;1;1;1;0;0;0;0;1;1;0;0;0;1;0;1;0;1;0;0;0;1;0;0;0;1;0;30.74
1;1;0;0;0;0;0;1;1;1;0;1;1;0;1;1;0;0;0;0;1;1;1;0;0;0;0;1;0;1;0;0;0;1;0;0;1;0;0;10.54
1;0;1;1;1;0;0;1;1;1;0;1;1;0;1;1;0;0;0;1;0;1;0;0;0;1;0;1;0;0;0;1;0;1;0;0;1;0;0;6.05333333333333
1;1;0;1;1;0;1;1;1;1;0;1;1;0;1;1;0;0;0;0;1;1;0;0;1;0;0;1;0;1;0;0;0;1;0;0;1;0;0;30.7866666666667
1;0;1;0;0;0;0;1;1;1;0;1;1;0;0;1;0;0;0;0;1;1;0;0;0;1;0;1;0;1;0;0;0;1;1;0;0;0;0;18.57
1;1;0;0;0;0;0;1;1;0;1;1;0;1;1;1;1;0;0;0;0;1;0;0;0;0;1;1;1;0;0;0;0;1;0;0;1;0;0;29.02
1;1;0;0;0;0;1;1;1;0;1;1;0;1;0;1;0;0;0;0;1;1;0;0;0;1;0;1;0;1;0;0;0;1;0;0;0;0;1;28.6533333333333
1;0;1;0;0;0;1;1;1;0;1;1;0;1;1;1;0;0;0;0;1;1;0;0;1;0;0;1;1;0;0;0;0;1;1;0;0;0;0;28.2166666666667
1;0;1;0;0;0;0;1;1;0;1;1;1;0;0;1;0;0;0;1;0;1;0;0;0;0;1;1;0;0;0;1;0;1;0;0;1;0;0;30.1733333333333
1;0;1;1;0;1;1;1;1;0;1;1;1;0;0;1;0;0;0;0;1;1;1;0;0;0;0;1;1;0;0;0;0;1;1;0;0;0;0;28.6233333333333
1;0;1;1;1;0;1;1;1;1;0;1;0;1;1;1;0;0;0;0;1;1;0;0;0;1;0;1;0;1;0;0;0;1;0;0;1;0;0;30.4566666666667
1;0;1;0;0;0;1;1;1;0;1;1;1;0;1;1;0;0;0;1;0;1;0;1;0;0;0;1;1;0;0;0;0;1;0;0;1;0;0;29.2666666666667
1;1;0;0;0;0;0;1;1;1;0;1;0;1;0;1;0;0;0;0;1;1;0;0;1;0;0;1;1;0;0;0;0;1;0;1;0;0;0;29.0233333333333
1;1;0;0;0;0;0;1;1;0;1;1;0;1;1;1;0;0;0;0;1;1;0;0;0;0;1;1;0;0;0;0;1;1;0;0;1;0;0;29.02
1;0;1;0;0;0;0;1;1;0;1;1;1;0;0;1;0;0;0;1;0;1;0;0;0;0;1;1;0;0;0;1;0;1;1;0;0;0;0;29.1333333333333
1;0;1;1;1;0;0;1;1;0;1;1;0;1;0;1;0;0;0;1;0;1;0;1;0;0;0;1;0;0;0;1;0;1;1;0;0;0;0;30.74
1;1;0;1;0;1;0;1;1;0;1;1;1;0;0;1;0;0;0;0;1;1;0;0;1;0;0;1;0;1;0;0;0;1;0;0;1;0;0;28.6
1;1;0;1;1;0;0;1;1;1;0;1;0;1;0;1;0;0;0;0;1;1;0;0;0;1;0;1;0;1;0;0;0;1;0;0;1;0;0;30.74
1;0;1;0;0;0;0;1;1;1;0;1;0;1;1;1;0;0;0;0;1;1;0;0;0;1;0;1;0;0;0;0;1;1;0;0;1;0;0;28.7066666666667
1;0;1;0;0;0;0;1;1;0;1;1;0;1;1;1;0;0;0;0;1;1;0;0;0;1;0;1;0;1;0;0;0;1;0;0;0;1;0;28.84
1;1;0;0;0;0;1;1;1;0;1;1;0;1;0;1;0;0;0;1;0;1;0;1;0;0;0;1;1;0;0;0;0;1;0;0;1;0;0;28.27
1;0;1;0;0;0;1;1;1;1;0;1;0;1;0;1;0;0;0;0;1;1;0;0;0;1;0;1;0;1;0;0;0;1;0;0;0;1;0;29.0266666666667
1;0;1;0;0;0;0;1;1;0;1;1;0;1;1;1;0;0;0;0;1;1;0;0;1;0;0;1;0;1;0;0;0;1;0;1;0;0;0;28.71
1;1;0;0;0;0;0;1;1;0;1;1;0;1;0;1;1;0;0;0;0;1;0;0;0;1;0;1;0;0;0;1;0;1;0;0;1;0;0;28.4433333333333
1;0;1;0;0;0;0;1;1;0;1;1;1;0;0;1;0;0;0;1;0;1;1;0;0;0;0;1;0;0;0;1;0;1;0;0;1;0;0;29.2066666666667
1;0;1;0;0;0;1;1;1;0;1;1;1;0;1;1;0;0;0;0;1;1;0;0;0;1;0;1;0;1;0;0;0;1;0;0;1;0;0;28.6566666666667
1;1;0;1;1;0;1;1;1;0;1;1;0;1;0;1;0;0;0;0;1;1;0;0;1;0;0;1;0;1;0;0;0;1;0;0;0;1;0;30.81
1;0;1;0;0;0;1;1;1;0;1;1;1;0;0;1;0;0;0;0;1;1;0;0;0;1;0;1;0;1;0;0;0;1;0;0;0;1;0;28.3266666666667
1;0;1;0;0;0;1;1;1;0;1;1;0;1;1;1;0;0;0;0;1;1;0;0;1;0;0;1;0;1;0;0;0;1;0;0;0;1;0;28.5266666666667
1;1;0;1;1;0;0;1;1;0;1;1;1;0;1;1;0;0;0;0;1;1;0;0;0;1;0;1;0;1;0;0;0;1;0;0;0;1;0;31.0533333333333
1;0;1;1;1;0;1;1;1;1;0;1;1;0;1;1;0;0;0;0;1;1;0;0;0;1;0;1;0;1;0;0;0;1;0;0;1;0;0;28.4366666666667
1;1;0;0;0;0;1;1;1;0;1;1;1;0;1;1;0;0;0;0;1;1;0;0;0;1;0;1;0;1;0;0;0;1;0;0;0;1;0;29.6666666666667
1;0;1;1;1;0;0;1;1;1;0;1;1;0;1;1;0;0;0;0;1;1;0;0;0;1;0;1;0;1;0;0;0;1;0;0;0;1;0;7.96666666666667
1;0;1;0;0;0;0;1;1;1;0;1;0;1;1;1;1;0;0;0;0;1;1;0;0;0;0;1;1;0;0;0;0;1;0;0;1;0;0;28.6366666666667
1;0;1;1;0;1;1;1;1;0;1;1;0;1;0;1;0;0;0;0;1;1;0;0;0;1;0;1;0;1;0;0;0;1;0;0;0;1;0;29.03
1;1;0;1;1;0;0;1;1;1;0;1;1;0;0;1;0;0;0;1;0;1;1;0;0;0;0;1;0;0;0;1;0;1;0;0;1;0;0;14.3933333333333
1;1;0;1;1;0;0;1;1;0;1;1;1;0;0;1;0;0;0;0;1;1;0;0;1;0;0;1;1;0;0;0;0;1;1;0;0;0;0;30.9
1;0;1;0;0;0;0;1;1;1;0;1;0;1;0;1;0;0;0;0;1;1;0;0;0;1;0;1;0;1;0;0;0;1;0;0;1;0;0;28.5433333333333
1;0;1;0;0;0;0;1;1;0;1;1;0;1;0;1;0;0;0;0;1;1;0;1;0;0;0;1;0;1;0;0;0;1;0;0;1;0;0;28.5
1;0;1;0;0;0;1;1;1;0;1;1;1;0;0;1;0;0;0;1;0;1;0;1;0;0;0;1;0;0;0;1;0;1;0;1;0;0;0;28.5733333333333
1;1;0;0;0;0;0;1;1;0;1;1;1;0;1;1;0;0;0;0;1;1;0;0;1;0;0;1;1;0;0;0;0;1;1;0;0;0;0;29.1066666666667
1;1;0;1;0;1;1;1;1;0;1;1;1;0;0;1;0;0;0;1;0;1;0;1;0;0;0;1;0;0;0;1;0;1;0;0;1;0;0;28.6166666666667
1;1;0;1;0;1;0;1;1;0;1;1;0;1;0;1;0;0;0;1;0;1;0;1;0;0;0;1;0;0;0;1;0;1;0;0;1;0;0;30.2266666666667
1;1;0;1;1;0;1;1;1;0;1;1;1;0;0;1;0;0;0;0;1;1;0;0;1;0;0;1;1;0;0;0;0;1;1;0;0;0;0;31.0333333333333
1;1;0;0;0;0;1;1;1;1;0;1;0;1;1;1;0;0;0;1;0;1;0;1;0;0;0;1;0;1;0;0;0;1;0;0;1;0;0;28.74
1;1;0;0;0;0;0;1;1;1;0;1;0;1;0;1;0;0;0;0;1;1;1;0;0;0;0;1;1;0;0;0;0;1;0;1;0;0;0;29.6733333333333
1;1;0;0;0;0;0;1;1;1;0;1;1;0;0;1;0;0;0;0;1;1;0;0;0;1;0;1;0;0;0;0;1;1;0;0;1;0;0;10.5733333333333
1;0;1;1;1;0;1;1;1;0;1;1;1;0;1;1;0;0;0;1;0;1;0;1;0;0;0;1;0;0;0;1;0;1;0;0;1;0;0;31.2133333333333
1;1;0;0;0;0;0;1;1;1;0;1;0;1;1;1;0;0;0;0;1;1;0;0;1;0;0;1;0;1;0;0;0;1;0;1;0;0;0;29.2433333333333
1;0;1;1;1;0;0;1;1;1;0;1;0;1;1;1;0;0;0;0;1;1;0;0;0;1;0;1;1;0;0;0;0;1;1;0;0;0;0;30.7833333333333
1;1;0;0;0;0;0;1;1;0;1;1;1;0;0;1;1;0;0;0;0;1;0;0;0;0;1;1;0;0;0;0;1;1;0;0;1;0;0;29.0933333333333
1;1;0;0;0;0;0;1;1;1;0;1;0;1;1;1;1;0;0;0;0;1;1;0;0;0;0;1;0;0;0;0;1;1;0;0;1;0;0;28.4466666666667
1;1;0;1;0;1;0;1;1;0;1;1;1;0;0;1;0;0;0;1;0;1;0;1;0;0;0;1;0;0;0;1;0;1;1;0;0;0;0;28.6466666666667
1;1;0;1;0;1;1;1;1;0;1;1;0;1;1;1;0;0;0;1;0;1;0;1;0;0;0;1;0;0;0;1;0;1;0;0;1;0;0;29.23
1;0;1;1;1;0;1;1;1;0;1;1;1;0;1;1;0;0;0;0;1;1;1;0;0;0;0;1;1;0;0;0;0;1;1;0;0;0;0;31.27
1;0;1;0;0;0;1;1;1;0;1;1;0;1;1;1;0;0;0;0;1;1;0;1;0;0;0;1;1;0;0;0;0;1;0;0;1;0;0;28.4633333333333
1;1;0;1;0;1;0;1;1;1;0;1;0;1;0;1;0;0;0;0;1;1;0;0;1;0;0;1;0;1;0;0;0;1;0;0;1;0;0;29.14
1;0;1;1;1;0;1;1;1;1;0;1;0;1;1;1;0;0;0;1;0;1;0;1;0;0;0;1;0;0;0;1;0;1;0;0;1;0;0;30.71
1;0;1;0;0;0;0;1;1;0;1;1;1;0;0;1;1;0;0;0;0;1;0;0;1;0;0;1;1;0;0;0;0;1;0;0;1;0;0;29.3066666666667
1;1;0;1;1;0;0;1;1;0;1;1;0;1;0;1;0;0;0;0;1;1;1;0;0;0;0;1;1;0;0;0;0;1;1;0;0;0;0;30.6466666666667
1;0;1;1;0;1;0;1;1;1;0;1;0;1;1;1;0;0;0;0;1;1;1;0;0;0;0;1;1;0;0;0;0;1;0;1;0;0;0;28.5433333333333
1;1;0;0;0;0;0;1;1;0;1;1;1;0;0;1;0;1;0;0;0;1;0;1;0;0;0;1;0;0;0;0;1;1;0;0;1;0;0;30.2333333333333
1;1;0;1;1;0;0;1;1;0;1;1;1;0;1;1;0;0;0;1;0;1;0;1;0;0;0;1;0;0;0;1;0;1;0;0;0;0;1;30.4333333333333
1;1;0;0;0;0;0;1;1;0;1;1;1;0;0;1;0;0;0;0;1;1;0;0;1;0;0;1;0;0;1;0;0;1;0;0;1;0;0;28.5366666666667
1;1;0;0;0;0;0;1;1;0;1;1;1;0;0;1;0;0;0;0;1;1;0;1;0;0;0;1;1;0;0;0;0;1;0;1;0;0;0;29.6833333333333
1;0;1;0;0;0;0;1;1;0;1;1;1;0;1;1;0;0;0;0;1;1;1;0;0;0;0;1;1;0;0;0;0;1;0;1;0;0;0;28.43
1;0;1;0;0;0;0;1;1;1;0;1;0;1;0;1;1;0;0;0;0;1;0;0;0;1;0;1;0;0;0;0;1;1;0;0;1;0;0;30.1133333333333
1;0;1;0;0;0;1;1;1;0;1;1;0;1;0;1;0;0;0;0;1;1;0;0;1;0;0;1;0;1;0;0;0;1;0;0;1;0;0;29
1;1;0;0;0;0;0;1;1;0;1;1;1;0;0;1;1;0;0;0;0;1;0;1;0;0;0;1;0;0;0;0;1;1;0;0;1;0;0;28.5866666666667
1;0;1;0;0;0;0;1;1;1;0;1;1;0;1;1;1;0;0;0;0;1;1;0;0;0;0;1;1;0;0;0;0;1;0;0;1;0;0;4.36
1;0;1;1;0;1;0;1;1;0;1;1;1;0;1;1;0;0;0;0;1;1;1;0;0;0;0;1;1;0;0;0;0;1;1;0;0;0;0;28.67
1;1;0;0;0;0;1;1;1;1;0;1;1;0;0;1;0;0;0;0;1;1;1;0;0;0;0;1;1;0;0;0;0;1;0;1;0;0;0;29.3033333333333
1;1;0;0;0;0;0;1;1;0;1;1;1;0;0;1;0;0;0;0;1;1;0;0;1;0;0;1;0;1;0;0;0;1;0;0;1;0;0;28.9733333333333
1;0;1;0;0;0;0;1;1;1;0;1;0;1;1;1;0;0;0;0;1;1;0;1;0;0;0;1;0;1;0;0;0;1;0;1;0;0;0;29.1933333333333
1;1;0;1;0;1;1;1;1;0;1;1;0;1;0;1;0;0;0;0;1;1;0;0;1;0;0;1;0;1;0;0;0;1;0;0;0;1;0;28.61
1;0;1;0;0;0;0;1;1;1;0;1;0;1;0;1;0;0;0;0;1;1;0;0;0;1;0;1;1;0;0;0;0;1;0;0;1;0;0;29.16
1;1;0;0;0;0;0;1;1;1;0;1;1;0;0;1;0;0;0;0;1;1;0;0;1;0;0;1;0;0;0;0;1;1;0;0;1;0;0;10.57
1;0;1;0;0;0;0;1;1;1;0;1;0;1;1;1;0;0;0;0;1;1;0;0;0;1;0;1;1;0;0;0;0;1;1;0;0;0;0;28.5966666666667
1;1;0;0;0;0;0;1;1;1;0;1;1;0;0;1;0;0;0;0;1;1;0;1;0;0;0;1;1;0;0;0;0;1;0;0;1;0;0;10.78
1;1;0;0;0;0;0;1;1;0;1;1;1;0;0;1;0;0;0;0;1;1;0;0;1;0;0;1;1;0;0;0;0;1;0;0;1;0;0;29.0533333333333
1;0;1;1;0;1;1;1;1;0;1;1;1;0;0;1;0;0;0;1;0;1;0;1;0;0;0;1;0;0;0;1;0;1;0;0;0;1;0;29.1166666666667
1;1;0;1;1;0;0;1;1;0;1;1;1;0;1;1;0;0;0;0;1;1;0;0;0;1;0;1;0;1;0;0;0;1;0;0;1;0;0;30.8566666666667
1;1;0;1;0;1;0;1;1;1;0;1;0;1;0;1;1;0;0;0;0;1;1;0;0;0;0;1;1;0;0;0;0;1;1;0;0;0;0;28.55
1;1;0;0;0;0;0;1;1;0;1;1;0;1;0;1;0;0;0;0;1;1;0;0;0;0;1;1;1;0;0;0;0;1;1;0;0;0;0;29.5966666666667
1;1;0;1;0;1;1;1;1;1;0;1;1;0;1;1;0;0;0;0;1;1;1;0;0;0;0;1;1;0;0;0;0;1;1;0;0;0;0;28.9
1;1;0;1;1;0;0;1;1;1;0;1;1;0;0;1;0;0;0;0;1;1;0;0;1;0;0;1;0;1;0;0;0;1;0;0;0;1;0;14.9266666666667
1;0;1;1;0;1;0;1;1;1;0;1;0;1;0;1;0;0;0;0;1;1;0;0;1;0;0;1;0;1;0;0;0;1;0;0;0;1;0;28.5766666666667
1;1;0;1;1;0;0;1;1;0;1;1;1;0;0;1;0;0;0;0;1;1;0;0;0;1;0;1;0;1;0;0;0;1;0;0;0;1;0;30.9166666666667
1;1;0;0;0;0;0;1;1;1;0;1;1;0;0;1;1;0;0;0;0;1;0;0;1;0;0;1;0;0;0;0;1;1;0;0;1;0;0;10.7066666666667
1;1;0;0;0;0;1;1;1;1;0;1;0;1;0;1;0;0;0;0;1;1;0;0;0;1;0;1;1;0;0;0;0;1;1;0;0;0;0;28.6966666666667
1;0;1;1;0;1;0;1;1;1;0;1;1;0;0;1;0;0;0;0;1;1;0;0;0;1;0;1;0;1;0;0;0;1;0;0;0;1;0;6.55
1;0;1;0;0;0;0;1;1;0;1;1;1;0;1;1;1;0;0;0;0;1;1;0;0;0;0;1;0;0;0;0;1;1;0;0;1;0;0;29.7133333333333
1;1;0;1;0;1;0;1;1;0;1;1;1;0;1;1;0;0;0;0;1;1;0;0;1;0;0;1;0;1;0;0;0;1;0;0;0;1;0;28.99
1;1;0;0;0;0;0;1;1;0;1;1;1;0;0;1;0;0;0;0;1;1;0;0;0;1;0;1;1;0;0;0;0;1;0;1;0;0;0;29.0733333333333
1;1;0;1;0;1;0;1;1;0;1;1;0;1;0;1;0;0;0;1;0;1;0;1;0;0;0;1;0;0;0;1;0;1;0;0;0;0;1;28.9633333333333
1;0;1;1;1;0;0;1;1;0;1;1;1;0;0;1;0;0;0;1;0;1;0;1;0;0;0;1;0;0;0;1;0;1;1;0;0;0;0;30.9433333333333
1;0;1;1;0;1;1;1;1;1;0;1;1;0;0;1;0;0;0;0;1;1;1;0;0;0;0;1;1;0;0;0;0;1;0;1;0;0;0;26.69
1;0;1;0;0;0;0;1;1;0;1;1;1;0;0;1;0;1;0;0;0;1;0;0;1;0;0;1;0;0;0;0;1;1;0;0;1;0;0;28.53
1;0;1;1;0;1;1;1;1;0;1;1;0;1;0;1;0;0;0;1;0;1;0;1;0;0;0;1;0;0;0;1;0;1;0;1;0;0;0;29.0033333333333
1;1;0;0;0;0;1;1;1;1;0;1;0;1;1;1;0;0;0;1;0;1;0;1;0;0;0;1;0;0;0;1;0;1;0;0;1;0;0;29.4966666666667
1;0;1;0;0;0;0;1;1;1;0;1;1;0;1;1;1;0;0;0;0;1;0;1;0;0;0;1;0;0;0;0;1;1;0;0;1;0;0;4.46333333333333
1;0;1;1;1;0;1;1;1;0;1;1;0;1;1;1;0;0;0;0;1;1;0;0;0;1;0;1;1;0;0;0;0;1;1;0;0;0;0;30.69
1;0;1;0;0;0;1;1;1;0;1;1;1;0;1;1;0;0;0;0;1;1;0;0;1;0;0;1;1;0;0;0;0;1;1;0;0;0;0;28.4333333333333
1;0;1;0;0;0;1;1;1;0;1;1;0;1;0;1;0;0;0;1;0;1;0;1;0;0;0;1;1;0;0;0;0;1;0;0;1;0;0;29.7533333333333
1;0;1;0;0;0;1;1;1;0;1;1;0;1;0;1;0;0;0;1;0;1;0;1;0;0;0;1;0;0;0;1;0;1;1;0;0;0;0;29.1366666666667
1;0;1;0;0;0;0;1;1;1;0;1;1;0;0;1;0;0;0;0;1;1;1;0;0;0;0;1;0;0;0;0;1;1;0;0;1;0;0;4.35
1;1;0;1;1;0;1;1;1;1;0;1;0;1;0;1;0;0;0;0;1;1;0;0;0;1;0;1;0;1;0;0;0;1;0;0;0;1;0;30.4633333333333
1;0;1;1;1;0;0;1;1;0;1;1;0;1;1;1;0;0;0;0;1;1;1;0;0;0;0;1;1;0;0;0;0;1;0;0;1;0;0;30.6633333333333
1;0;1;1;1;0;0;1;1;1;0;1;1;0;0;1;0;0;0;0;1;1;0;0;1;0;0;1;1;0;0;0;0;1;1;0;0;0;0;9.06
1;0;1;0;0;0;0;1;1;0;1;1;1;0;0;1;0;0;0;1;0;1;0;1;0;0;0;1;0;0;0;1;0;1;0;0;0;1;0;29.08
1;1;0;0;0;0;0;1;1;0;1;1;1;0;1;1;0;0;0;0;1;1;0;0;1;0;0;1;0;0;1;0;0;1;0;0;1;0;0;28.5933333333333
1;1;0;0;0;0;1;1;1;0;1;1;1;0;1;1;0;0;0;0;1;1;0;0;1;0;0;1;0;1;0;0;0;1;0;0;1;0;0;29.24
1;0;1;0;0;0;0;1;1;1;0;1;1;0;1;1;1;0;0;0;0;1;0;0;1;0;0;1;1;0;0;0;0;1;0;0;1;0;0;4.48666666666667
1;0;1;1;0;1;0;1;1;0;1;1;1;0;1;1;0;0;0;1;0;1;0;1;0;0;0;1;0;0;0;1;0;1;0;0;0;1;0;28.9533333333333
1;1;0;0;0;0;0;1;1;0;1;1;0;1;0;1;0;0;0;0;1;1;1;0;0;0;0;1;0;1;0;0;0;1;0;0;1;0;0;28.4766666666667
1;1;0;0;0;0;0;1;1;0;1;1;1;0;1;1;0;0;0;0;1;1;1;0;0;0;0;1;1;0;0;0;0;1;0;0;0;0;1;29.0866666666667
1;1;0;1;0;1;1;1;1;0;1;1;0;1;1;1;0;0;0;0;1;1;0;0;1;0;0;1;1;0;0;0;0;1;1;0;0;0;0;29.0766666666667
1;0;1;0;0;0;0;1;1;0;1;1;1;0;1;1;0;1;0;0;0;1;0;1;0;0;0;1;0;0;0;0;1;1;0;0;1;0;0;28.6266666666667
1;1;0;0;0;0;0;1;1;0;1;1;1;0;1;1;0;0;0;1;0;1;0;0;0;0;1;1;0;0;0;1;0;1;0;0;1;0;0;29.14
1;0;1;1;0;1;1;1;1;1;0;1;0;1;1;1;0;0;0;1;0;1;0;1;0;0;0;1;0;0;0;1;0;1;0;0;0;0;1;29.3366666666667
1;1;0;1;1;0;0;1;1;1;0;1;1;0;0;1;0;0;0;0;1;1;0;0;1;0;0;1;0;1;0;0;0;1;1;0;0;0;0;18.23
1;0;1;0;0;0;0;1;1;1;0;1;0;1;1;1;0;0;0;0;1;1;1;0;0;0;0;1;0;1;0;0;0;1;0;1;0;0;0;29.1133333333333
1;1;0;0;0;0;0;1;1;1;0;1;1;0;1;1;0;0;0;0;1;1;0;0;0;1;0;1;0;1;0;0;0;1;0;0;1;0;0;10.5766666666667
1;1;0;0;0;0;0;1;1;0;1;1;0;1;0;1;0;0;0;0;1;1;1;0;0;0;0;1;0;1;0;0;0;1;1;0;0;0;0;28.5233333333333
1;0;1;0;0;0;0;1;1;0;1;1;0;1;1;1;0;0;0;0;1;1;0;0;1;0;0;1;1;0;0;0;0;1;0;1;0;0;0;28.5633333333333
1;0;1;0;0;0;0;1;1;1;0;1;0;1;0;1;0;0;0;1;0;1;0;0;0;0;1;1;0;0;0;1;0;1;0;0;1;0;0;28.66
1;1;0;1;1;0;0;1;1;0;1;1;1;0;1;1;0;0;0;0;1;1;0;0;0;1;0;1;1;0;0;0;0;1;1;0;0;0;0;30.87
1;0;1;1;0;1;1;1;1;1;0;1;1;0;0;1;0;0;0;1;0;1;0;1;0;0;0;1;0;0;0;1;0;1;1;0;0;0;0;25.2766666666667
1;1;0;0;0;0;0;1;1;1;0;1;0;1;1;1;0;0;0;0;1;1;0;1;0;0;0;1;1;0;0;0;0;1;0;0;1;0;0;29.7266666666667
1;1;0;1;0;1;1;1;1;1;0;1;1;0;0;1;0;0;0;0;1;1;0;0;1;0;0;1;0;1;0;0;0;1;0;0;1;0;0;28.5433333333333
1;1;0;0;0;0;1;1;1;0;1;1;1;0;0;1;0;0;0;0;1;1;0;0;1;0;0;1;0;1;0;0;0;1;0;0;1;0;0;29.1066666666667
1;1;0;0;0;0;0;1;1;1;0;1;1;0;0;1;0;0;0;0;1;1;0;0;0;1;0;1;0;1;0;0;0;1;0;0;1;0;0;10.75
1;1;0;1;0;1;1;1;1;0;1;1;1;0;1;1;0;0;0;0;1;1;1;0;0;0;0;1;1;0;0;0;0;1;1;0;0;0;0;28.5266666666667
1;1;0;0;0;0;0;1;1;1;0;1;0;1;0;1;1;0;0;0;0;1;0;1;0;0;0;1;1;0;0;0;0;1;0;0;1;0;0;29.1166666666667
1;1;0;0;0;0;1;1;1;0;1;1;0;1;0;1;0;0;0;0;1;1;1;0;0;0;0;1;1;0;0;0;0;1;0;1;0;0;0;28.59
1;0;1;0;0;0;1;1;1;1;0;1;0;1;1;1;0;0;0;0;1;1;0;0;0;1;0;1;0;1;0;0;0;1;0;0;0;1;0;29.1966666666667
1;0;1;0;0;0;0;1;1;0;1;1;0;1;0;1;0;0;0;0;1;1;0;1;0;0;0;1;1;0;0;0;0;1;0;0;1;0;0;29.62
1;0;1;0;0;0;0;1;1;0;1;1;0;1;1;1;1;0;0;0;0;1;0;0;1;0;0;1;0;0;0;0;1;1;0;0;1;0;0;29.69
1;1;0;1;1;0;0;1;1;0;1;1;0;1;1;1;0;0;0;1;0;1;0;1;0;0;0;1;0;0;0;1;0;1;0;1;0;0;0;30.86
1;0;1;0;0;0;0;1;1;1;0;1;1;0;1;1;1;0;0;0;0;1;0;0;0;0;1;1;0;0;0;0;1;1;0;0;1;0;0;4.54333333333333
1;1;0;0;0;0;0;1;1;1;0;1;0;1;1;1;0;0;0;0;1;1;0;0;1;0;0;1;0;1;0;0;0;1;1;0;0;0;0;29.1633333333333
1;1;0;0;0;0;1;1;1;0;1;1;1;0;0;1;0;0;0;1;0;1;0;1;0;0;0;1;0;0;0;1;0;1;0;0;0;0;1;29.1333333333333
1;0;1;0;0;0;0;1;1;0;1;1;1;0;0;1;0;0;1;0;0;1;1;0;0;0;0;1;1;0;0;0;0;1;0;0;1;0;0;28.52
1;0;1;1;1;0;0;1;1;1;0;1;1;0;0;1;0;0;0;0;1;1;0;0;0;1;0;1;0;1;0;0;0;1;0;0;0;1;0;8.02333333333333
1;0;1;0;0;0;1;1;1;0;1;1;1;0;0;1;0;0;0;0;1;1;1;0;0;0;0;1;0;1;0;0;0;1;0;0;1;0;0;29.79
1;1;0;0;0;0;0;1;1;0;1;1;1;0;1;1;0;0;0;0;1;1;1;0;0;0;0;1;0;0;0;0;1;1;0;0;1;0;0;29.1466666666667
1;0;1;1;1;0;0;1;1;0;1;1;1;0;1;1;1;0;0;0;0;1;1;0;0;0;0;1;0;0;0;0;1;1;0;0;1;0;0;30.8833333333333
1;1;0;0;0;0;0;1;1;0;1;1;1;0;0;1;0;1;0;0;0;1;1;0;0;0;0;1;0;0;1;0;0;1;0;0;1;0;0;28.8666666666667
1;1;0;0;0;0;0;1;1;0;1;1;1;0;0;1;0;1;0;0;0;1;0;0;1;0;0;1;0;1;0;0;0;1;0;0;1;0;0;28.5266666666667
1;1;0;0;0;0;0;1;1;1;0;1;1;0;0;1;1;0;0;0;0;1;1;0;0;0;0;1;0;0;0;0;1;1;0;0;1;0;0;10.74
1;0;1;0;0;0;0;1;1;1;0;1;0;1;1;1;0;0;0;0;1;1;0;0;1;0;0;1;1;0;0;0;0;1;0;1;0;0;0;29.21
1;0;1;1;1;0;0;1;1;0;1;1;1;0;1;1;0;0;0;0;1;1;0;0;0;1;0;1;0;1;0;0;0;1;0;0;0;1;0;31.16
1;0;1;1;1;0;1;1;1;1;0;1;0;1;0;1;0;0;0;0;1;1;0;0;1;0;0;1;0;1;0;0;0;1;0;0;1;0;0;31.0866666666667
1;0;1;0;0;0;0;1;1;0;1;1;0;1;0;1;0;0;0;0;1;1;0;0;0;1;0;1;1;0;0;0;0;1;1;0;0;0;0;28.44
1;1;0;1;1;0;0;1;1;1;0;1;1;0;0;1;0;0;0;1;0;1;0;1;0;0;0;1;0;0;0;1;0;1;0;0;1;0;0;14.3833333333333
1;1;0;0;0;0;0;1;1;0;1;1;0;1;1;1;0;0;0;0;1;1;0;0;0;0;1;1;0;1;0;0;0;1;0;0;1;0;0;28.6733333333333
1;1;0;0;0;0;0;1;1;0;1;1;1;0;1;1;0;0;0;0;1;1;0;0;0;0;1;1;0;0;0;0;1;1;0;0;1;0;0;29.7533333333333
1;1;0;0;0;0;1;1;1;0;1;1;0;1;0;1;0;0;0;0;1;1;0;0;0;1;0;1;0;1;0;0;0;1;0;0;1;0;0;28.5733333333333
1;0;1;0;0;0;0;1;1;0;1;1;1;0;1;1;0;0;0;0;1;1;1;0;0;0;0;1;0;1;0;0;0;1;1;0;0;0;0;28.2933333333333
1;0;1;0;0;0;1;1;1;0;1;1;0;1;0;1;0;0;0;0;1;1;0;0;0;1;0;1;0;1;0;0;0;1;0;0;1;0;0;28.99
1;0;1;1;1;0;0;1;1;0;1;1;0;1;1;1;0;0;0;0;1;1;1;0;0;0;0;1;1;0;0;0;0;1;0;0;0;0;1;30.8433333333333
1;1;0;1;1;0;0;1;1;0;1;1;1;0;0;1;0;0;0;0;1;1;0;0;1;0;0;1;1;0;0;0;0;1;0;0;1;0;0;31.02
1;0;1;1;0;1;0;1;1;0;1;1;1;0;0;1;0;0;0;0;1;1;1;0;0;0;0;1;1;0;0;0;0;1;0;1;0;0;0;28.5066666666667
1;1;0;0;0;0;0;1;1;1;0;1;1;0;1;1;1;0;0;0;0;1;0;0;0;0;1;1;1;0;0;0;0;1;0;0;1;0;0;10.5733333333333
1;0;1;0;0;0;0;1;1;1;0;1;0;1;0;1;0;0;0;0;1;1;0;0;1;0;0;1;1;0;0;0;0;1;1;0;0;0;0;28.2933333333333
1;1;0;0;0;0;0;1;1;0;1;1;1;0;1;1;0;1;0;0;0;1;0;0;1;0;0;1;1;0;0;0;0;1;0;0;1;0;0;29.05
1;1;0;1;1;0;1;1;1;1;0;1;0;1;1;1;0;0;0;0;1;1;1;0;0;0;0;1;0;1;0;0;0;1;0;0;1;0;0;30.7466666666667
1;1;0;0;0;0;0;1;1;1;0;1;1;0;0;1;0;0;0;1;0;1;0;1;0;0;0;1;0;0;0;1;0;1;0;0;0;0;1;14.2133333333333
1;0;1;0;0;0;0;1;1;0;1;1;0;1;1;1;0;0;0;1;0;1;0;1;0;0;0;1;0;0;0;1;0;1;0;1;0;0;0;28.5366666666667
1;1;0;0;0;0;0;1;1;0;1;1;0;1;0;1;0;0;0;1;0;1;0;0;1;0;0;1;0;0;0;1;0;1;0;0;1;0;0;29.15
1;0;1;0;0;0;1;1;1;1;0;1;1;0;1;1;0;0;0;0;1;1;0;1;0;0;0;1;0;1;0;0;0;1;0;0;1;0;0;24.16
1;0;1;1;0;1;1;1;1;0;1;1;0;1;1;1;0;0;0;0;1;1;0;0;0;1;0;1;0;1;0;0;0;1;0;0;1;0;0;29.1366666666667
1;1;0;1;1;0;1;1;1;0;1;1;1;0;0;1;0;0;0;1;0;1;0;1;0;0;0;1;0;0;0;1;0;1;0;0;0;0;1;31.1566666666667
1;0;1;1;1;0;0;1;1;1;0;1;1;0;0;1;0;0;0;1;0;1;0;1;0;0;0;1;0;0;0;1;0;1;0;0;1;0;0;6.04333333333333
1;1;0;0;0;0;0;1;1;1;0;1;0;1;1;1;0;0;0;0;1;1;0;0;0;0;1;1;0;0;0;0;1;1;0;0;1;0;0;29.51
1;0;1;0;0;0;0;1;1;0;1;1;0;1;1;1;0;0;0;1;0;1;0;1;0;0;0;1;0;0;0;1;0;1;0;0;0;1;0;28.5966666666667
1;1;0;0;0;0;1;1;1;1;0;1;0;1;0;1;0;0;0;0;1;1;0;1;0;0;0;1;0;1;0;0;0;1;0;0;1;0;0;29.1
1;0;1;0;0;0;0;1;1;0;1;1;0;1;1;1;0;0;0;0;1;1;0;0;0;1;0;1;0;0;0;0;1;1;0;0;1;0;0;28.71
1;0;1;1;0;1;1;1;1;1;0;1;1;0;1;1;0;0;0;1;0;1;0;1;0;0;0;1;0;0;0;1;0;1;0;1;0;0;0;23.9166666666667
1;0;1;0;0;0;0;1;1;1;0;1;0;1;0;1;0;0;0;0;1;1;0;1;0;0;0;1;1;0;0;0;0;1;0;0;1;0;0;28.6033333333333
1;0;1;0;0;0;0;1;1;0;1;1;0;1;0;1;0;0;0;0;1;1;0;0;1;0;0;1;1;0;0;0;0;1;0;1;0;0;0;28.5066666666667
1;0;1;1;1;0;0;1;1;1;0;1;0;1;1;1;0;0;0;1;0;1;0;0;1;0;0;1;0;0;0;1;0;1;0;0;1;0;0;30.7933333333333
1;0;1;1;1;0;1;1;1;1;0;1;1;0;1;1;0;0;0;0;1;1;0;0;0;1;0;1;1;0;0;0;0;1;1;0;0;0;0;28.52
1;0;1;0;0;0;0;1;1;0;1;1;0;1;0;1;0;0;0;0;1;1;1;0;0;0;0;1;1;0;0;0;0;1;0;0;1;0;0;29.13
1;0;1;0;0;0;0;1;1;0;1;1;0;1;1;1;0;0;0;0;1;1;0;0;1;0;0;1;0;0;0;0;1;1;0;0;1;0;0;28.6233333333333
1;0;1;1;1;0;0;1;1;0;1;1;0;1;0;1;0;0;0;1;0;1;0;0;1;0;0;1;0;0;0;1;0;1;0;0;1;0;0;30.7666666666667
1;0;1;1;1;0;0;1;1;0;1;1;1;0;0;1;0;0;0;1;0;1;1;0;0;0;0;1;0;0;0;1;0;1;0;0;1;0;0;31.0166666666667
1;1;0;1;1;0;1;1;1;0;1;1;1;0;1;1;0;0;0;0;1;1;0;0;0;1;0;1;0;1;0;0;0;1;0;0;0;0;1;30.9566666666667
1;1;0;1;1;0;1;1;1;1;0;1;0;1;1;1;0;0;0;0;1;1;0;0;0;1;0;1;0;1;0;0;0;1;0;0;0;0;1;30.9233333333333
1;0;1;1;0;1;1;1;1;0;1;1;1;0;1;1;0;0;0;0;1;1;0;0;1;0;0;1;1;0;0;0;0;1;1;0;0;0;0;29.1933333333333
1;1;0;0;0;0;1;1;1;0;1;1;1;0;1;1;0;0;0;0;1;1;1;0;0;0;0;1;0;1;0;0;0;1;0;0;0;0;1;29.4733333333333
1;0;1;1;1;0;0;1;1;0;1;1;1;0;0;1;0;0;0;1;0;1;0;0;0;0;1;1;0;0;0;1;0;1;0;0;1;0;0;30.8533333333333
1;1;0;0;0;0;1;1;1;0;1;1;1;0;1;1;0;0;0;0;1;1;0;0;1;0;0;1;0;1;0;0;0;1;0;0;0;0;1;29.7533333333333
1;1;0;0;0;0;0;1;1;0;1;1;1;0;1;1;0;0;0;0;1;1;0;1;0;0;0;1;0;1;0;0;0;1;0;0;1;0;0;29.23
1;0;1;0;0;0;0;1;1;1;0;1;0;1;1;1;1;0;0;0;0;1;0;1;0;0;0;1;1;0;0;0;0;1;0;0;1;0;0;28.54
1;0;1;1;1;0;1;1;1;0;1;1;0;1;0;1;0;0;0;0;1;1;1;0;0;0;0;1;1;0;0;0;0;1;0;1;0;0;0;30.8933333333333
1;0;1;1;1;0;0;1;1;1;0;1;1;0;0;1;0;0;0;0;1;1;0;0;1;0;0;1;0;1;0;0;0;1;0;0;0;1;0;8.02
1;0;1;1;1;0;1;1;1;0;1;1;1;0;1;1;0;0;0;0;1;1;0;0;0;1;0;1;0;1;0;0;0;1;0;0;0;1;0;31.13
1;1;0;0;0;0;0;1;1;1;0;1;0;1;1;1;0;0;0;0;1;1;0;0;1;0;0;1;0;1;0;0;0;1;0;0;1;0;0;28.5333333333333
1;0;1;1;1;0;0;1;1;1;0;1;0;1;0;1;0;0;0;1;0;1;0;0;1;0;0;1;0;0;0;1;0;1;0;0;1;0;0;30.74
1;0;1;1;0;1;0;1;1;0;1;1;0;1;1;1;0;0;0;1;0;1;0;1;0;0;0;1;0;0;0;1;0;1;0;0;1;0;0;28.9366666666667
1;0;1;0;0;0;0;1;1;1;0;1;1;0;0;1;1;0;0;0;0;1;0;0;0;1;0;1;1;0;0;0;0;1;0;0;1;0;0;4.54
1;1;0;1;1;0;1;1;1;1;0;1;0;1;1;1;0;0;0;1;0;1;0;1;0;0;0;1;0;0;0;1;0;1;0;0;0;0;1;30.8866666666667
1;1;0;1;0;1;1;1;1;1;0;1;1;0;1;1;0;0;0;0;1;1;0;0;1;0;0;1;0;1;0;0;0;1;0;0;0;1;0;29.1233333333333
1;1;0;0;0;0;0;1;1;1;0;1;1;0;0;1;0;0;0;0;1;1;1;0;0;0;0;1;0;0;0;0;1;1;0;0;1;0;0;10.6866666666667
1;0;1;1;1;0;1;1;1;1;0;1;0;1;1;1;0;0;0;0;1;1;1;0;0;0;0;1;1;0;0;0;0;1;1;0;0;0;0;30.8233333333333
1;0;1;1;1;0;1;1;1;1;0;1;0;1;1;1;0;0;0;0;1;1;0;0;1;0;0;1;1;0;0;0;0;1;1;0;0;0;0;30.8
1;1;0;1;1;0;0;1;1;0;1;1;1;0;0;1;0;0;0;0;1;1;0;0;1;0;0;1;0;1;0;0;0;1;0;1;0;0;0;30.8733333333333
1;1;0;0;0;0;1;1;1;0;1;1;1;0;1;1;0;0;0;1;0;1;0;1;0;0;0;1;0;0;0;1;0;1;0;0;0;1;0;29.01
1;1;0;1;0;1;0;1;1;0;1;1;0;1;0;1;0;0;0;1;0;1;0;1;0;0;0;1;0;0;0;1;0;1;1;0;0;0;0;28.4333333333333
1;0;1;1;0;1;1;1;1;1;0;1;0;1;1;1;0;0;0;1;0;1;0;1;0;0;0;1;0;0;0;1;0;1;0;0;0;1;0;28.59
1;1;0;1;1;0;0;1;1;0;1;1;0;1;0;1;0;0;0;1;0;1;0;0;1;0;0;1;0;0;0;1;0;1;0;0;1;0;0;30.8266666666667
1;0;1;0;0;0;1;1;1;1;0;1;1;0;1;1;0;0;0;1;0;1;0;1;0;0;0;1;0;0;0;1;0;1;0;0;0;1;0;26.4866666666667
1;0;1;0;0;0;1;1;1;1;0;1;0;1;0;1;0;0;0;1;0;1;0;1;0;0;0;1;0;0;0;1;0;1;0;0;0;0;1;29.17
1;0;1;0;0;0;0;1;1;0;1;1;0;1;1;1;0;0;0;0;1;1;0;0;1;0;0;1;1;0;0;0;0;1;1;0;0;0;0;29.1066666666667
1;0;1;0;0;0;0;1;1;1;0;1;0;1;1;1;0;0;0;0;1;1;0;0;1;0;0;1;1;0;0;0;0;1;0;0;1;0;0;28.6533333333333
1;0;1;0;0;0;0;1;1;1;0;1;0;1;0;1;0;0;0;0;1;1;1;0;0;0;0;1;1;0;0;0;0;1;1;0;0;0;0;28.45
1;0;1;1;0;1;1;1;1;0;1;1;1;0;0;1;0;0;0;0;1;1;0;0;1;0;0;1;0;1;0;0;0;1;0;0;1;0;0;28.63
1;1;0;0;0;0;1;1;1;1;0;1;1;0;1;1;0;0;0;1;0;1;0;1;0;0;0;1;1;0;0;0;0;1;0;0;1;0;0;29.7633333333333
1;0;1;0;0;0;0;1;1;1;0;1;1;0;0;1;0;0;0;0;1;1;0;1;0;0;0;1;0;1;0;0;0;1;0;1;0;0;0;5.73666666666667
1;1;0;0;0;0;1;1;1;0;1;1;0;1;0;1;0;0;0;0;1;1;1;0;0;0;0;1;0;1;0;0;0;1;0;0;1;0;0;28.6666666666667
1;1;0;0;0;0;0;1;1;0;1;1;0;1;0;1;0;1;0;0;0;1;0;0;1;0;0;1;0;0;0;1;0;1;0;0;1;0;0;28.8733333333333
1;1;0;0;0;0;1;1;1;1;0;1;1;0;1;1;0;0;0;1;0;1;0;1;0;0;0;1;0;0;0;1;0;1;0;0;1;0;0;28.63
1;0;1;0;0;0;0;1;1;0;1;1;0;1;1;1;1;0;0;0;0;1;0;0;0;0;1;1;1;0;0;0;0;1;0;0;1;0;0;29.21
1;0;1;1;0;1;0;1;1;0;1;1;0;1;0;1;0;0;0;1;0;1;0;1;0;0;0;1;0;0;0;1;0;1;1;0;0;0;0;29.25
1;1;0;0;0;0;0;1;1;1;0;1;1;0;0;1;0;0;0;0;1;1;0;1;0;0;0;1;1;0;0;0;0;1;0;1;0;0;0;11.3366666666667
1;1;0;1;1;0;1;1;1;0;1;1;1;0;1;1;0;0;0;0;1;1;0;0;1;0;0;1;1;0;0;0;0;1;1;0;0;0;0;31.0933333333333
1;1;0;0;0;0;0;1;1;0;1;1;1;0;0;1;0;0;0;0;1;1;1;0;0;0;0;1;1;0;0;0;0;1;0;1;0;0;0;28.67
1;1;0;1;1;0;1;1;1;1;0;1;0;1;1;1;0;0;0;0;1;1;0;0;0;1;0;1;0;1;0;0;0;1;0;0;1;0;0;30.95
1;1;0;1;1;0;1;1;1;0;1;1;0;1;0;1;0;0;0;1;0;1;0;1;0;0;0;1;0;0;0;1;0;1;0;0;1;0;0;31.0566666666667
1;0;1;0;0;0;0;1;1;1;0;1;0;1;1;1;0;0;0;0;1;1;0;0;1;0;0;1;0;0;0;0;1;1;0;0;1;0;0;29.13
1;0;1;0;0;0;0;1;1;1;0;1;1;0;1;1;0;0;0;0;1;1;0;0;1;0;0;1;1;0;0;0;0;1;1;0;0;0;0;18.3933333333333
1;0;1;0;0;0;0;1;1;0;1;1;1;0;1;1;0;0;0;0;1;1;0;0;1;0;0;1;0;1;0;0;0;1;0;0;1;0;0;28.6966666666667
1;0;1;1;1;0;1;1;1;1;0;1;0;1;0;1;0;0;0;1;0;1;0;1;0;0;0;1;0;0;0;1;0;1;0;0;0;1;0;30.71
1;1;0;0;0;0;0;1;1;1;0;1;1;0;1;1;0;0;0;0;1;1;0;1;0;0;0;1;1;0;0;0;0;1;0;1;0;0;0;11.4166666666667
1;0;1;1;0;1;1;1;1;1;0;1;0;1;0;1;0;0;0;0;1;1;1;0;0;0;0;1;1;0;0;0;0;1;0;1;0;0;0;29.2066666666667
1;1;0;0;0;0;0;1;1;1;0;1;0;1;0;1;0;0;0;1;0;1;0;1;0;0;0;1;0;0;0;1;0;1;0;0;0;1;0;30.1133333333333
1;0;1;0;0;0;1;1;1;0;1;1;1;0;0;1;0;0;0;1;0;1;0;1;0;0;0;1;0;0;0;1;0;1;1;0;0;0;0;29.5466666666667
1;1;0;0;0;0;1;1;1;1;0;1;1;0;1;1;0;0;0;0;1;1;0;1;0;0;0;1;1;0;0;0;0;1;0;0;1;0;0;28.63
1;1;0;1;0;1;1;1;1;1;0;1;0;1;1;1;0;0;0;0;1;1;0;0;1;0;0;1;1;0;0;0;0;1;1;0;0;0;0;28.5433333333333
1;0;1;0;0;0;0;1;1;1;0;1;0;1;1;1;0;0;0;1;0;1;0;0;1;0;0;1;0;0;0;1;0;1;0;0;1;0;0;29.0933333333333
1;0;1;1;1;0;0;1;1;0;1;1;1;0;1;1;0;0;0;0;1;1;0;0;1;0;0;1;0;1;0;0;0;1;0;0;0;1;0;30.92
1;1;0;1;0;1;1;1;1;1;0;1;1;0;0;1;0;0;0;1;0;1;0;1;0;0;0;1;0;0;0;1;0;1;0;0;0;0;1;28.56
1;1;0;1;0;1;0;1;1;1;0;1;0;1;0;1;0;0;0;0;1;1;1;0;0;0;0;1;1;0;0;0;0;1;1;0;0;0;0;28.9266666666667
1;0;1;1;1;0;1;1;1;1;0;1;0;1;0;1;0;0;0;0;1;1;0;0;1;0;0;1;0;1;0;0;0;1;0;0;0;1;0;30.6666666666667
1;1;0;0;0;0;0;1;1;1;0;1;1;0;1;1;0;0;0;0;1;1;0;0;1;0;0;1;0;0;0;0;1;1;0;0;1;0;0;10.5633333333333
1;1;0;0;0;0;1;1;1;0;1;1;1;0;0;1;0;0;0;1;0;1;0;1;0;0;0;1;0;1;0;0;0;1;0;0;1;0;0;29.21
1;1;0;1;1;0;0;1;1;1;0;1;1;0;0;1;0;0;0;0;1;1;0;0;1;0;0;1;1;0;0;0;0;1;1;0;0;0;0;18.1366666666667
1;1;0;1;0;1;0;1;1;1;0;1;0;1;0;1;0;0;0;1;0;1;0;1;0;0;0;1;0;0;0;1;0;1;0;0;1;0;0;28.6033333333333
1;0;1;1;0;1;0;1;1;0;1;1;1;0;0;1;0;0;0;1;0;1;0;1;0;0;0;1;0;0;0;1;0;1;0;0;0;1;0;29.16
1;0;1;1;1;0;0;1;1;0;1;1;1;0;1;1;0;0;0;1;0;1;0;1;0;0;0;1;0;0;0;1;0;1;0;0;0;0;1;30.5633333333333
1;1;0;1;1;0;1;1;1;1;0;1;0;1;1;1;0;0;0;0;1;1;0;0;1;0;0;1;0;1;0;0;0;1;0;0;0;1;0;30.78
1;0;1;0;0;0;0;1;1;0;1;1;1;0;1;1;0;0;0;0;1;1;1;0;0;0;0;1;0;0;0;0;1;1;0;0;1;0;0;28.6066666666667
1;0;1;0;0;0;0;1;1;0;1;1;1;0;0;1;0;0;0;0;1;1;0;0;0;1;0;1;0;1;0;0;0;1;0;1;0;0;0;29.3166666666667
1;1;0;1;1;0;1;1;1;0;1;1;0;1;0;1;0;0;0;0;1;1;0;0;0;1;0;1;0;1;0;0;0;1;0;0;1;0;0;30.9366666666667
1;1;0;0;0;0;0;1;1;1;0;1;1;0;1;1;0;0;0;0;1;1;0;0;1;0;0;1;0;1;0;0;0;1;0;0;0;1;0;12.49
1;1;0;1;0;1;1;1;1;0;1;1;0;1;1;1;0;0;0;0;1;1;0;0;0;1;0;1;0;1;0;0;0;1;0;0;0;0;1;29.7433333333333
1;0;1;1;1;0;0;1;1;0;1;1;1;0;0;1;1;0;0;0;0;1;1;0;0;0;0;1;0;0;0;0;1;1;0;0;1;0;0;31.07
1;1;0;0;0;0;0;1;1;0;1;1;1;0;0;1;1;0;0;0;0;1;0;0;1;0;0;1;1;0;0;0;0;1;0;0;1;0;0;29.11
1;0;1;1;1;0;0;1;1;1;0;1;0;1;0;1;0;0;0;0;1;1;0;0;1;0;0;1;1;0;0;0;0;1;1;0;0;0;0;30.6433333333333
1;0;1;1;1;0;1;1;1;1;0;1;0;1;1;1;0;0;0;0;1;1;1;0;0;0;0;1;1;0;0;0;0;1;0;1;0;0;0;30.75
1;0;1;1;1;0;0;1;1;0;1;1;0;1;0;1;0;0;0;0;1;1;0;0;1;0;0;1;0;1;0;0;0;1;0;0;1;0;0;30.9433333333333
1;0;1;0;0;0;0;1;1;1;0;1;0;1;0;1;1;0;0;0;0;1;0;0;1;0;0;1;1;0;0;0;0;1;0;0;1;0;0;29.0533333333333
1;1;0;1;0;1;0;1;1;1;0;1;0;1;1;1;0;0;0;1;0;1;0;1;0;0;0;1;0;0;0;1;0;1;0;1;0;0;0;28.5966666666667
1;1;0;1;0;1;1;1;1;1;0;1;1;0;1;1;0;0;0;0;1;1;0;0;1;0;0;1;0;1;0;0;0;1;0;0;0;0;1;29.1633333333333
1;0;1;0;0;0;0;1;1;1;0;1;1;0;1;1;0;0;0;0;1;1;0;0;1;0;0;1;0;1;0;0;0;1;0;1;0;0;0;5.92666666666667
1;0;1;1;1;0;1;1;1;1;0;1;0;1;1;1;0;0;0;0;1;1;0;0;0;1;0;1;0;1;0;0;0;1;0;0;0;1;0;30.68
1;1;0;0;0;0;0;1;1;0;1;1;0;1;1;1;0;0;0;0;1;1;0;0;0;0;1;1;1;0;0;0;0;1;0;0;1;0;0;28.3733333333333
1;0;1;0;0;0;0;1;1;0;1;1;0;1;1;1;0;0;0;0;1;1;1;0;0;0;0;1;1;0;0;0;0;1;0;0;1;0;0;28.5233333333333
1;1;0;1;1;0;0;1;1;0;1;1;1;0;0;1;0;0;0;1;0;1;1;0;0;0;0;1;0;0;0;1;0;1;0;0;1;0;0;30.75
1;0;1;1;1;0;1;1;1;0;1;1;0;1;0;1;0;0;0;1;0;1;0;1;0;0;0;1;0;0;0;1;0;1;0;1;0;0;0;30.8033333333333
1;0;1;0;0;0;0;1;1;0;1;1;1;0;1;1;0;0;0;0;1;1;0;0;0;1;0;1;1;0;0;0;0;1;1;0;0;0;0;28.6166666666667
1;0;1;1;1;0;0;1;1;1;0;1;0;1;0;1;0;0;0;1;0;1;0;1;0;0;0;1;0;0;0;1;0;1;0;0;0;0;1;30.87
1;1;0;0;0;0;0;1;1;0;1;1;0;1;1;1;0;0;0;1;0;1;0;1;0;0;0;1;0;0;0;1;0;1;0;0;0;1;0;28.58
1;0;1;1;0;1;1;1;1;0;1;1;0;1;1;1;0;0;0;0;1;1;1;0;0;0;0;1;1;0;0;0;0;1;0;1;0;0;0;29.1
1;1;0;1;1;0;0;1;1;0;1;1;1;0;0;1;0;0;0;1;0;1;0;1;0;0;0;1;0;0;0;1;0;1;0;0;1;0;0;30.5933333333333
1;1;0;0;0;0;0;1;1;0;1;1;1;0;1;1;0;0;0;0;1;1;0;0;0;1;0;1;0;1;0;0;0;1;1;0;0;0;0;29.1033333333333
1;1;0;0;0;0;0;1;1;1;0;1;1;0;1;1;0;0;0;0;1;1;0;0;0;1;0;1;1;0;0;0;0;1;1;0;0;0;0;11.18
1;1;0;1;0;1;1;1;1;1;0;1;1;0;0;1;0;0;0;0;1;1;1;0;0;0;0;1;1;0;0;0;0;1;1;0;0;0;0;29.19
1;0;1;1;0;1;1;1;1;1;0;1;1;0;0;1;0;0;0;0;1;1;0;0;1;0;0;1;0;1;0;0;0;1;0;0;0;1;0;25.1666666666667
1;0;1;1;1;0;1;1;1;1;0;1;1;0;1;1;0;0;0;1;0;1;0;1;0;0;0;1;0;0;0;1;0;1;0;0;1;0;0;28.3766666666667
1;1;0;1;0;1;0;1;1;1;0;1;0;1;1;1;0;0;0;0;1;1;1;0;0;0;0;1;1;0;0;0;0;1;0;1;0;0;0;28.6733333333333
1;1;0;1;1;0;0;1;1;1;0;1;0;1;0;1;0;0;0;0;1;1;1;0;0;0;0;1;1;0;0;0;0;1;1;0;0;0;0;30.9333333333333
1;1;0;0;0;0;0;1;1;0;1;1;1;0;0;1;0;0;0;1;0;1;0;0;0;1;0;1;0;0;0;1;0;1;0;0;1;0;0;28.6466666666667
1;1;0;1;0;1;0;1;1;0;1;1;0;1;0;1;0;0;0;0;1;1;0;0;1;0;0;1;0;1;0;0;0;1;0;0;0;1;0;28.4566666666667
1;0;1;0;0;0;1;1;1;1;0;1;0;1;0;1;0;0;0;0;1;1;0;0;1;0;0;1;0;1;0;0;0;1;0;0;1;0;0;28.6266666666667
1;0;1;0;0;0;0;1;1;0;1;1;1;0;0;1;0;0;0;1;0;1;0;1;0;0;0;1;0;0;0;1;0;1;0;0;0;0;1;28.53
1;0;1;0;0;0;0;1;1;0;1;1;1;0;1;1;0;1;0;0;0;1;1;0;0;0;0;1;1;0;0;0;0;1;0;0;1;0;0;29.52
1;1;0;1;1;0;0;1;1;1;0;1;0;1;0;1;0;0;0;1;0;1;0;1;0;0;0;1;0;0;0;1;0;1;0;0;1;0;0;30.63
1;0;1;0;0;0;0;1;1;0;1;1;1;0;0;1;0;0;0;0;1;1;0;0;1;0;0;1;1;0;0;0;0;1;0;1;0;0;0;29.6766666666667
1;0;1;0;0;0;0;1;1;0;1;1;1;0;0;1;1;0;0;0;0;1;0;1;0;0;0;1;1;0;0;0;0;1;0;0;1;0;0;28.5666666666667
1;1;0;0;0;0;1;1;1;0;1;1;1;0;1;1;0;0;0;0;1;1;0;0;1;0;0;1;1;0;0;0;0;1;1;0;0;0;0;28.5033333333333
1;1;0;0;0;0;0;1;1;1;0;1;0;1;0;1;1;0;0;0;0;1;0;0;1;0;0;1;0;0;0;0;1;1;0;0;1;0;0;28.5866666666667
1;0;1;1;1;0;0;1;1;1;0;1;1;0;0;1;0;0;0;0;1;1;1;0;0;0;0;1;1;0;0;0;0;1;1;0;0;0;0;9.06333333333333
1;1;0;1;1;0;1;1;1;0;1;1;0;1;0;1;0;0;0;0;1;1;0;0;0;1;0;1;0;1;0;0;0;1;0;0;0;0;1;30.9866666666667
1;0;1;0;0;0;0;1;1;1;0;1;1;0;1;1;0;0;0;0;1;1;0;0;1;0;0;1;0;1;0;0;0;1;0;0;1;0;0;4.43666666666667
1;1;0;0;0;0;1;1;1;0;1;1;1;0;0;1;0;0;0;1;0;1;0;1;0;0;0;1;0;0;0;1;0;1;1;0;0;0;0;29.1733333333333
1;0;1;0;0;0;1;1;1;0;1;1;0;1;1;1;0;0;0;0;1;1;0;0;1;0;0;1;0;1;0;0;0;1;0;0;1;0;0;29.1566666666667
1;0;1;0;0;0;0;1;1;1;0;1;1;0;0;1;0;0;0;0;1;1;0;0;0;0;1;1;1;0;0;0;0;1;0;0;1;0;0;4.46333333333333
1;1;0;0;0;0;1;1;1;1;0;1;1;0;0;1;0;0;0;0;1;1;0;1;0;0;0;1;0;1;0;0;0;1;0;0;1;0;0;28.53
1;1;0;1;1;0;0;1;1;0;1;1;0;1;1;1;0;0;0;0;1;1;0;0;1;0;0;1;0;1;0;0;0;1;0;0;0;1;0;30.69
1;1;0;0;0;0;0;1;1;0;1;1;1;0;0;1;0;1;0;0;0;1;1;0;0;0;0;1;0;1;0;0;0;1;0;0;1;0;0;29.0633333333333
1;0;1;0;0;0;1;1;1;0;1;1;1;0;1;1;0;0;0;1;0;1;0;1;0;0;0;1;0;0;0;1;0;1;0;1;0;0;0;28.54
1;1;0;1;1;0;0;1;1;1;0;1;1;0;1;1;0;0;0;0;1;1;0;0;1;0;0;1;1;0;0;0;0;1;1;0;0;0;0;18.2166666666667
1;0;1;1;1;0;1;1;1;0;1;1;1;0;0;1;0;0;0;0;1;1;1;0;0;0;0;1;1;0;0;0;0;1;1;0;0;0;0;30.9733333333333
1;1;0;1;0;1;0;1;1;0;1;1;1;0;1;1;0;0;0;1;0;1;0;1;0;0;0;1;0;0;0;1;0;1;0;0;0;1;0;28.89
1;0;1;0;0;0;0;1;1;0;1;1;0;1;0;1;1;0;0;0;0;1;0;0;0;1;0;1;0;0;0;0;1;1;0;0;1;0;0;28.3233333333333
1;0;1;1;1;0;1;1;1;0;1;1;1;0;1;1;0;0;0;1;0;1;0;1;0;0;0;1;0;0;0;1;0;1;0;0;0;0;1;30.7366666666667
1;1;0;1;1;0;1;1;1;0;1;1;0;1;0;1;0;0;0;1;0;1;0;1;0;0;0;1;0;0;0;1;0;1;0;0;0;1;0;30.9066666666667
1;1;0;0;0;0;0;1;1;1;0;1;0;1;0;1;0;0;0;0;1;1;1;0;0;0;0;1;0;1;0;0;0;1;0;1;0;0;0;29.2166666666667
1;1;0;1;1;0;0;1;1;1;0;1;0;1;1;1;0;0;0;1;0;1;0;0;0;1;0;1;0;0;0;1;0;1;0;0;1;0;0;30.88
1;1;0;0;0;0;0;1;1;1;0;1;0;1;1;1;0;0;0;0;1;1;0;0;0;1;0;1;0;1;0;0;0;1;0;0;1;0;0;29.1566666666667
1;1;0;0;0;0;1;1;1;1;0;1;0;1;1;1;0;0;0;0;1;1;1;0;0;0;0;1;1;0;0;0;0;1;0;1;0;0;0;29.22
1;0;1;1;0;1;1;1;1;1;0;1;0;1;0;1;0;0;0;1;0;1;0;1;0;0;0;1;0;0;0;1;0;1;1;0;0;0;0;29.1933333333333
1;1;0;1;1;0;0;1;1;0;1;1;1;0;1;1;0;0;0;1;0;1;0;0;0;1;0;1;0;0;0;1;0;1;0;0;1;0;0;30.93
1;1;0;1;1;0;1;1;1;0;1;1;1;0;0;1;0;0;0;0;1;1;1;0;0;0;0;1;0;1;0;0;0;1;0;0;1;0;0;30.98
1;1;0;1;0;1;1;1;1;0;1;1;0;1;1;1;0;0;0;0;1;1;0;0;1;0;0;1;0;1;0;0;0;1;0;0;0;1;0;29.0533333333333
1;1;0;0;0;0;1;1;1;0;1;1;0;1;1;1;0;0;0;0;1;1;0;0;1;0;0;1;0;1;0;0;0;1;0;0;1;0;0;29.5333333333333
1;1;0;0;0;0;0;1;1;1;0;1;1;0;1;1;0;0;0;1;0;1;0;1;0;0;0;1;0;0;0;1;0;1;1;0;0;0;0;11.1866666666667
1;1;0;1;1;0;0;1;1;0;1;1;1;0;1;1;0;0;0;1;0;1;0;0;1;0;0;1;0;0;0;1;0;1;0;0;1;0;0;31.15
1;1;0;1;0;1;0;1;1;1;0;1;1;0;1;1;0;0;0;0;1;1;1;0;0;0;0;1;1;0;0;0;0;1;1;0;0;0;0;11.04
1;0;1;1;1;0;1;1;1;1;0;1;0;1;0;1;0;0;0;1;0;1;0;1;0;0;0;1;0;0;0;1;0;1;1;0;0;0;0;30.7266666666667
1;0;1;0;0;0;0;1;1;0;1;1;0;1;0;1;1;0;0;0;0;1;0;1;0;0;0;1;1;0;0;0;0;1;0;0;1;0;0;28.5133333333333
1;0;1;1;0;1;1;1;1;0;1;1;1;0;0;1;0;0;0;0;1;1;0;0;0;1;0;1;1;0;0;0;0;1;1;0;0;0;0;28.1033333333333
1;0;1;0;0;0;1;1;1;0;1;1;1;0;0;1;0;0;0;1;0;1;0;1;0;0;0;1;1;0;0;0;0;1;0;0;1;0;0;28.66
1;1;0;0;0;0;0;1;1;0;1;1;0;1;0;1;0;0;0;0;1;1;1;0;0;0;0;1;0;1;0;0;0;1;0;0;0;0;1;28.59
1;0;1;1;0;1;1;1;1;0;1;1;1;0;1;1;0;0;0;0;1;1;0;0;1;0;0;1;0;1;0;0;0;1;0;0;1;0;0;29.15
1;1;0;1;0;1;0;1;1;0;1;1;1;0;0;1;0;0;0;1;0;1;0;1;0;0;0;1;0;0;0;1;0;1;0;1;0;0;0;29.13
1;0;1;0;0;0;0;1;1;1;0;1;0;1;0;1;0;0;0;0;1;1;0;1;0;0;0;1;0;0;0;0;1;1;0;0;1;0;0;28.6233333333333
1;1;0;1;1;0;1;1;1;1;0;1;1;0;0;1;0;0;0;0;1;1;0;0;1;0;0;1;0;1;0;0;0;1;0;0;0;1;0;30.7333333333333
1;1;0;1;0;1;0;1;1;1;0;1;1;0;0;1;0;0;0;1;0;1;0;1;0;0;0;1;0;0;0;1;0;1;0;1;0;0;0;11.4266666666667
1;0;1;1;0;1;0;1;1;1;0;1;1;0;0;1;0;0;0;0;1;1;1;0;0;0;0;1;1;0;0;0;0;1;1;0;0;0;0;18.5633333333333
1;1;0;0;0;0;0;1;1;1;0;1;0;1;1;1;0;0;0;0;1;1;1;0;0;0;0;1;1;0;0;0;0;1;1;0;0;0;0;28.4066666666667
1;1;0;0;0;0;0;1;1;0;1;1;0;1;0;1;1;0;0;0;0;1;1;0;0;0;0;1;0;0;0;0;1;1;0;0;1;0;0;28.6366666666667
1;1;0;0;0;0;0;1;1;1;0;1;1;0;1;1;0;0;0;0;1;1;0;0;1;0;0;1;0;1;0;0;0;1;0;1;0;0;0;11.4033333333333
1;1;0;0;0;0;0;1;1;0;1;1;1;0;1;1;1;0;0;0;0;1;0;0;1;0;0;1;1;0;0;0;0;1;0;0;1;0;0;29.0633333333333
1;0;1;0;0;0;0;1;1;0;1;1;0;1;1;1;1;0;0;0;0;1;0;0;1;0;0;1;1;0;0;0;0;1;0;0;1;0;0;29.1133333333333
1;0;1;0;0;0;1;1;1;1;0;1;0;1;0;1;0;0;0;0;1;1;1;0;0;0;0;1;1;0;0;0;0;1;0;1;0;0;0;28.5333333333333
1;1;0;0;0;0;0;1;1;0;1;1;1;0;1;1;0;0;0;1;0;1;0;1;0;0;0;1;0;0;0;1;0;1;0;0;1;0;0;30.12
1;1;0;1;0;1;1;1;1;0;1;1;0;1;0;1;0;0;0;1;0;1;0;1;0;0;0;1;0;0;0;1;0;1;0;1;0;0;0;28.6
1;1;0;0;0;0;0;1;1;0;1;1;1;0;0;1;1;0;0;0;0;1;0;0;1;0;0;1;0;0;1;0;0;1;0;0;1;0;0;29.9933333333333
1;0;1;1;1;0;0;1;1;1;0;1;1;0;0;1;0;0;0;1;0;1;0;0;1;0;0;1;0;0;0;1;0;1;0;0;1;0;0;6.03666666666667
1;1;0;0;0;0;0;1;1;0;1;1;1;0;1;1;0;0;0;0;1;1;0;0;0;1;0;1;0;0;0;0;1;1;0;0;1;0;0;29.8333333333333
1;1;0;0;0;0;0;1;1;1;0;1;1;0;1;1;0;0;0;0;1;1;1;0;0;0;0;1;0;1;0;0;0;1;1;0;0;0;0;11.1733333333333
1;1;0;1;1;0;0;1;1;0;1;1;0;1;0;1;0;0;0;0;1;1;0;0;0;1;0;1;1;0;0;0;0;1;1;0;0;0;0;30.86
1;1;0;0;0;0;0;1;1;1;0;1;0;1;0;1;0;0;0;0;1;1;0;0;0;1;0;1;1;0;0;0;0;1;1;0;0;0;0;29.1066666666667
1;0;1;0;0;0;0;1;1;0;1;1;1;0;0;1;0;0;0;0;1;1;0;0;1;0;0;1;0;1;0;0;0;1;0;0;0;1;0;29.13
1;1;0;1;0;1;0;1;1;0;1;1;1;0;0;1;0;0;0;0;1;1;0;0;0;1;0;1;0;1;0;0;0;1;0;0;0;1;0;28.5933333333333
1;0;1;1;1;0;0;1;1;0;1;1;1;0;1;1;0;0;0;1;0;1;0;0;0;0;1;1;0;0;0;1;0;1;0;0;1;0;0;30.87
1;1;0;0;0;0;0;1;1;0;1;1;0;1;0;1;0;0;0;0;1;1;0;0;0;1;0;1;1;0;0;0;0;1;0;0;1;0;0;28.5433333333333
1;1;0;0;0;0;0;1;1;0;1;1;0;1;1;1;1;0;0;0;0;1;0;1;0;0;0;1;0;0;0;0;1;1;0;0;1;0;0;28.4666666666667
1;1;0;0;0;0;0;1;1;1;0;1;0;1;0;1;0;0;0;0;1;1;0;1;0;0;0;1;0;0;0;0;1;1;0;0;1;0;0;28.4633333333333
1;1;0;1;1;0;1;1;1;0;1;1;0;1;1;1;0;0;0;0;1;1;0;0;0;1;0;1;1;0;0;0;0;1;1;0;0;0;0;30.9666666666667
1;0;1;1;1;0;0;1;1;1;0;1;1;0;1;1;0;0;0;0;1;1;0;0;1;0;0;1;1;0;0;0;0;1;1;0;0;0;0;9.11
1;1;0;0;0;0;0;1;1;0;1;1;1;0;0;1;0;0;0;1;0;1;0;1;0;0;0;1;0;0;0;1;0;1;0;0;1;0;0;28.9533333333333
1;1;0;0;0;0;0;1;1;1;0;1;1;0;1;1;0;0;0;0;1;1;0;0;1;0;0;1;0;1;0;0;0;1;0;0;1;0;0;10.5366666666667
1;1;0;0;0;0;1;1;1;0;1;1;0;1;0;1;0;0;0;1;0;1;0;1;0;0;0;1;0;1;0;0;0;1;0;0;1;0;0;29.0166666666667
1;0;1;1;1;0;1;1;1;1;0;1;0;1;0;1;0;0;0;0;1;1;1;0;0;0;0;1;1;0;0;0;0;1;0;1;0;0;0;30.7766666666667
1;0;1;1;1;0;0;1;1;1;0;1;1;0;1;1;0;0;0;1;0;1;1;0;0;0;0;1;0;0;0;1;0;1;0;0;1;0;0;6.03
1;0;1;0;0;0;1;1;1;1;0;1;1;0;0;1;0;0;0;1;0;1;0;1;0;0;0;1;0;0;0;1;0;1;0;0;0;0;1;25.4466666666667
1;1;0;0;0;0;0;1;1;0;1;1;1;0;1;1;0;0;0;0;1;1;0;0;1;0;0;1;0;1;0;0;0;1;0;0;1;0;0;28.5233333333333
1;0;1;0;0;0;0;1;1;1;0;1;0;1;1;1;0;0;0;1;0;1;1;0;0;0;0;1;0;0;0;1;0;1;0;0;1;0;0;29.2466666666667
1;1;0;1;0;1;1;1;1;0;1;1;1;0;1;1;0;0;0;0;1;1;0;0;0;1;0;1;0;1;0;0;0;1;0;0;0;1;0;28.3066666666667
1;0;1;1;0;1;1;1;1;0;1;1;1;0;1;1;0;0;0;1;0;1;0;1;0;0;0;1;0;0;0;1;0;1;1;0;0;0;0;29.22
1;1;0;0;0;0;1;1;1;1;0;1;0;1;0;1;0;0;0;0;1;1;1;0;0;0;0;1;0;1;0;0;0;1;0;0;1;0;0;28.5366666666667
1;0;1;1;0;1;0;1;1;1;0;1;1;0;1;1;0;0;0;1;0;1;0;1;0;0;0;1;0;0;0;1;0;1;1;0;0;0;0;18.52
1;0;1;0;0;0;0;1;1;0;1;1;1;0;0;1;0;0;0;0;1;1;1;0;0;0;0;1;1;0;0;0;0;1;0;0;0;0;1;29.5633333333333
1;1;0;0;0;0;0;1;1;0;1;1;1;0;1;1;0;0;0;0;1;1;0;0;0;1;0;1;1;0;0;0;0;1;1;0;0;0;0;28.3533333333333
1;1;0;0;0;0;0;1;1;0;1;1;0;1;1;1;0;0;0;0;1;1;0;1;0;0;0;1;0;1;0;0;0;1;0;1;0;0;0;29.1533333333333
1;1;0;0;0;0;1;1;1;0;1;1;0;1;0;1;0;0;0;0;1;1;1;0;0;0;0;1;1;0;0;0;0;1;0;0;1;0;0;28.5933333333333
1;0;1;0;0;0;0;1;1;1;0;1;0;1;1;1;1;0;0;0;0;1;0;0;0;1;0;1;0;0;0;0;1;1;0;0;1;0;0;29.5766666666667
1;1;0;1;0;1;0;1;1;0;1;1;1;0;0;1;0;0;0;1;0;1;0;1;0;0;0;1;0;0;0;1;0;1;0;0;0;0;1;28.5233333333333
1;1;0;1;0;1;1;1;1;0;1;1;1;0;1;1;0;0;0;0;1;1;0;0;0;1;0;1;1;0;0;0;0;1;1;0;0;0;0;28.5833333333333
1;1;0;0;0;0;0;1;1;0;1;1;0;1;0;1;0;0;0;1;0;1;0;1;0;0;0;1;0;0;0;1;0;1;0;0;0;0;1;29.64
1;1;0;0;0;0;0;1;1;0;1;1;1;0;1;1;0;0;0;0;1;1;0;0;0;1;0;1;1;0;0;0;0;1;0;1;0;0;0;28.4933333333333
1;1;0;1;0;1;1;1;1;1;0;1;0;1;1;1;0;0;0;1;0;1;0;1;0;0;0;1;0;0;0;1;0;1;0;0;0;1;0;29.1766666666667
1;0;1;0;0;0;0;1;1;1;0;1;1;0;1;1;0;0;0;0;1;1;0;0;0;1;0;1;0;0;0;0;1;1;0;0;1;0;0;4.46666666666667
1;0;1;1;0;1;1;1;1;1;0;1;1;0;0;1;0;0;0;0;1;1;0;0;1;0;0;1;1;0;0;0;0;1;1;0;0;0;0;25.2533333333333
1;0;1;1;1;0;1;1;1;0;1;1;1;0;0;1;0;0;0;1;0;1;0;1;0;0;0;1;0;0;0;1;0;1;0;0;0;0;1;31.1633333333333
1;1;0;0;0;0;1;1;1;1;0;1;1;0;1;1;0;0;0;0;1;1;1;0;0;0;0;1;0;1;0;0;0;1;0;0;0;1;0;29.1233333333333
1;0;1;1;1;0;0;1;1;0;1;1;1;0;1;1;1;0;0;0;0;1;0;0;1;0;0;1;0;0;0;0;1;1;0;0;1;0;0;30.8466666666667
1;1;0;1;0;1;1;1;1;1;0;1;1;0;1;1;0;0;0;1;0;1;0;1;0;0;0;1;0;0;0;1;0;1;0;0;0;0;1;28.55
1;1;0;0;0;0;1;1;1;1;0;1;1;0;0;1;0;0;0;1;0;1;0;1;0;0;0;1;0;0;0;1;0;1;0;0;1;0;0;28.93
1;1;0;0;0;0;0;1;1;0;1;1;1;0;0;1;0;0;0;0;1;1;0;0;0;0;1;1;0;0;0;0;1;1;0;0;1;0;0;28.88
1;1;0;1;1;0;0;1;1;0;1;1;1;0;0;1;0;0;0;1;0;1;0;1;0;0;0;1;0;0;0;1;0;1;0;0;0;1;0;30.81
1;1;0;0;0;0;0;1;1;0;1;1;1;0;1;1;0;1;0;0;0;1;1;0;0;0;0;1;0;0;0;0;1;1;0;0;1;0;0;28.5533333333333
1;1;0;0;0;0;1;1;1;0;1;1;0;1;0;1;0;0;0;1;0;1;0;1;0;0;0;1;0;0;0;1;0;1;0;0;0;1;0;29.2066666666667
1;0;1;0;0;0;1;1;1;0;1;1;1;0;0;1;0;0;0;1;0;1;0;1;0;0;0;1;0;1;0;0;0;1;0;0;1;0;0;28.9866666666667
1;1;0;0;0;0;0;1;1;0;1;1;0;1;0;1;0;0;0;0;1;1;0;1;0;0;0;1;0;1;0;0;0;1;0;0;1;0;0;28.62
1;0;1;1;0;1;0;1;1;0;1;1;0;1;0;1;0;0;0;0;1;1;0;0;1;0;0;1;0;1;0;0;0;1;0;0;1;0;0;28.0433333333333
1;1;0;0;0;0;1;1;1;0;1;1;0;1;1;1;0;0;0;1;0;1;0;1;0;0;0;1;0;1;0;0;0;1;0;0;1;0;0;29.5966666666667
1;0;1;1;1;0;1;1;1;0;1;1;0;1;0;1;0;0;0;1;0;1;0;1;0;0;0;1;0;0;0;1;0;1;0;0;0;1;0;30.7066666666667
1;1;0;0;0;0;0;1;1;1;0;1;0;1;1;1;1;0;0;0;0;1;0;0;1;0;0;1;0;0;0;0;1;1;0;0;1;0;0;29.6533333333333
1;0;1;0;0;0;1;1;1;1;0;1;1;0;0;1;0;0;0;1;0;1;0;1;0;0;0;1;0;0;0;1;0;1;0;0;1;0;0;24.5666666666667
1;0;1;0;0;0;0;1;1;1;0;1;1;0;0;1;0;0;0;0;1;1;0;0;1;0;0;1;1;0;0;0;0;1;0;1;0;0;0;5.73
1;0;1;0;0;0;0;1;1;1;0;1;0;1;0;1;1;0;0;0;0;1;0;0;1;0;0;1;0;0;0;0;1;1;0;0;1;0;0;28.6066666666667
1;0;1;0;0;0;0;1;1;0;1;1;1;0;1;1;0;0;0;0;1;1;0;0;1;0;0;1;1;0;0;0;0;1;1;0;0;0;0;29.13
1;0;1;1;1;0;0;1;1;1;0;1;0;1;1;1;0;0;0;1;0;1;0;1;0;0;0;1;0;0;0;1;0;1;1;0;0;0;0;30.7333333333333
1;1;0;1;0;1;1;1;1;1;0;1;0;1;1;1;0;0;0;0;1;1;1;0;0;0;0;1;1;0;0;0;0;1;1;0;0;0;0;29.15
1;1;0;0;0;0;0;1;1;0;1;1;0;1;0;1;0;0;0;0;1;1;0;1;0;0;0;1;0;1;0;0;0;1;0;1;0;0;0;28.9566666666667
1;0;1;0;0;0;0;1;1;1;0;1;0;1;1;1;0;0;0;1;0;1;0;1;0;0;0;1;0;0;0;1;0;1;0;1;0;0;0;29.7233333333333
1;0;1;1;0;1;1;1;1;0;1;1;0;1;1;1;0;0;0;0;1;1;0;0;1;0;0;1;1;0;0;0;0;1;1;0;0;0;0;28.62
1;0;1;0;0;0;0;1;1;1;0;1;1;0;0;1;0;0;0;0;1;1;0;0;0;1;0;1;0;0;0;0;1;1;0;0;1;0;0;4.48666666666667
1;0;1;0;0;0;0;1;1;0;1;1;1;0;1;1;0;0;0;0;1;1;1;0;0;0;0;1;0;1;0;0;0;1;0;1;0;0;0;29.1466666666667
1;1;0;0;0;0;1;1;1;1;0;1;1;0;0;1;0;0;0;0;1;1;0;0;1;0;0;1;1;0;0;0;0;1;1;0;0;0;0;28.5766666666667
1;0;1;1;1;0;1;1;1;0;1;1;0;1;0;1;0;0;0;0;1;1;1;0;0;0;0;1;1;0;0;0;0;1;1;0;0;0;0;30.6
1;0;1;0;0;0;1;1;1;1;0;1;0;1;1;1;0;0;0;1;0;1;0;1;0;0;0;1;0;0;0;1;0;1;1;0;0;0;0;28.6
1;1;0;0;0;0;1;1;1;1;0;1;1;0;1;1;0;0;0;1;0;1;0;1;0;0;0;1;0;1;0;0;0;1;0;0;1;0;0;28.6266666666667
1;1;0;1;0;1;1;1;1;1;0;1;0;1;0;1;0;0;0;1;0;1;0;1;0;0;0;1;0;0;0;1;0;1;0;1;0;0;0;28.6
1;1;0;1;1;0;0;1;1;0;1;1;1;0;0;1;0;0;0;0;1;1;0;1;0;0;0;1;1;0;0;0;0;1;0;0;1;0;0;30.8866666666667
1;1;0;0;0;0;0;1;1;1;0;1;1;0;0;1;0;0;0;0;1;1;0;0;0;1;0;1;0;1;0;0;0;1;1;0;0;0;0;11.07
1;1;0;0;0;0;1;1;1;0;1;1;1;0;1;1;0;0;0;0;1;1;0;1;0;0;0;1;0;1;0;0;0;1;0;0;1;0;0;29.1833333333333
1;0;1;1;1;0;1;1;1;1;0;1;0;1;1;1;0;0;0;0;1;1;0;0;1;0;0;1;0;1;0;0;0;1;0;0;1;0;0;30.6933333333333
1;1;0;1;0;1;1;1;1;1;0;1;0;1;0;1;0;0;0;0;1;1;0;0;1;0;0;1;0;1;0;0;0;1;0;0;0;1;0;29.0933333333333
1;1;0;0;0;0;0;1;1;0;1;1;0;1;1;1;0;0;0;0;1;1;1;0;0;0;0;1;1;0;0;0;0;1;1;0;0;0;0;29.1333333333333
1;0;1;0;0;0;0;1;1;0;1;1;1;0;0;1;0;1;0;0;0;1;1;0;0;0;0;1;0;0;0;0;1;1;0;0;1;0;0;28.52
1;0;1;0;0;0;0;1;1;0;1;1;1;0;0;1;0;0;0;0;1;1;0;1;0;0;0;1;0;1;0;0;0;1;0;1;0;0;0;29.6633333333333
1;0;1;1;1;0;1;1;1;1;0;1;1;0;0;1;0;0;0;0;1;1;0;0;1;0;0;1;0;1;0;0;0;1;0;0;0;1;0;28.32
1;1;0;0;0;0;0;1;1;1;0;1;1;0;0;1;0;0;0;0;1;1;0;0;0;0;1;1;0;0;0;0;1;1;0;0;1;0;0;10.6533333333333
1;1;0;1;1;0;1;1;1;0;1;1;1;0;1;1;0;0;0;0;1;1;0;0;0;1;0;1;0;1;0;0;0;1;0;0;0;1;0;31.05
1;0;1;1;0;1;0;1;1;1;0;1;0;1;0;1;0;0;0;1;0;1;0;1;0;0;0;1;0;0;0;1;0;1;0;0;0;1;0;29.6166666666667
1;1;0;1;1;0;1;1;1;1;0;1;0;1;1;1;0;0;0;1;0;1;0;1;0;0;0;1;0;0;0;1;0;1;0;0;0;1;0;30.93
1;0;1;1;1;0;0;1;1;1;0;1;1;0;0;1;0;0;0;1;0;1;0;1;0;0;0;1;0;0;0;1;0;1;0;0;0;0;1;8.15
1;0;1;1;1;0;0;1;1;0;1;1;1;0;0;1;0;0;0;1;0;1;0;0;1;0;0;1;0;0;0;1;0;1;0;0;1;0;0;30.69
1;0;1;1;1;0;0;1;1;0;1;1;1;0;1;1;0;0;0;1;0;1;0;1;0;0;0;1;0;0;0;1;0;1;0;0;0;1;0;30.8766666666667
1;0;1;1;0;1;1;1;1;1;0;1;0;1;1;1;0;0;0;0;1;1;0;0;1;0;0;1;0;1;0;0;0;1;0;0;0;1;0;28.9966666666667
1;1;0;0;0;0;1;1;1;0;1;1;0;1;1;1;0;0;0;0;1;1;0;0;0;1;0;1;1;0;0;0;0;1;0;0;1;0;0;29.06
1;0;1;1;1;0;0;1;1;1;0;1;0;1;1;1;0;0;0;0;1;1;0;0;1;0;0;1;0;1;0;0;0;1;0;0;1;0;0;30.8833333333333
1;1;0;1;0;1;1;1;1;0;1;1;1;0;0;1;0;0;0;0;1;1;0;0;0;1;0;1;0;1;0;0;0;1;0;0;0;1;0;29.1666666666667
1;1;0;0;0;0;1;1;1;1;0;1;0;1;1;1;0;0;0;0;1;1;0;0;0;1;0;1;0;1;0;0;0;1;0;0;0;0;1;29.1133333333333
1;1;0;0;0;0;1;1;1;1;0;1;1;0;0;1;0;0;0;0;1;1;1;0;0;0;0;1;0;1;0;0;0;1;0;0;0;0;1;28.5066666666667
1;0;1;1;0;1;0;1;1;1;0;1;0;1;0;1;0;0;0;0;1;1;0;0;0;1;0;1;0;1;0;0;0;1;0;0;1;0;0;28.42
1;1;0;1;0;1;0;1;1;1;0;1;1;0;1;1;0;0;0;1;0;1;0;1;0;0;0;1;0;0;0;1;0;1;1;0;0;0;0;11.1
1;1;0;1;0;1;1;1;1;1;0;1;0;1;0;1;0;0;0;0;1;1;0;0;1;0;0;1;0;1;0;0;0;1;0;0;1;0;0;28.61
1;1;0;0;0;0;1;1;1;1;0;1;1;0;0;1;0;0;0;1;0;1;0;1;0;0;0;1;0;1;0;0;0;1;0;0;1;0;0;28.46
1;0;1;1;0;1;1;1;1;1;0;1;0;1;0;1;0;0;0;1;0;1;0;1;0;0;0;1;0;0;0;1;0;1;0;0;1;0;0;28.6033333333333
1;1;0;1;1;0;0;1;1;0;1;1;1;0;1;1;0;0;0;0;1;1;0;0;1;0;0;1;0;0;0;0;1;1;0;0;1;0;0;31.04
1;1;0;1;1;0;0;1;1;0;1;1;1;0;0;1;1;0;0;0;0;1;0;0;1;0;0;1;1;0;0;0;0;1;0;0;1;0;0;30.7566666666667
1;1;0;1;0;1;1;1;1;1;0;1;1;0;0;1;0;0;0;1;0;1;0;1;0;0;0;1;0;0;0;1;0;1;0;1;0;0;0;28.59
1;1;0;1;0;1;1;1;1;0;1;1;1;0;1;1;0;0;0;1;0;1;0;1;0;0;0;1;0;0;0;1;0;1;0;0;1;0;0;29.63
1;0;1;1;0;1;1;1;1;0;1;1;0;1;1;1;0;0;0;1;0;1;0;1;0;0;0;1;0;0;0;1;0;1;1;0;0;0;0;29.0966666666667
1;1;0;0;0;0;0;1;1;0;1;1;0;1;1;1;0;0;0;0;1;1;1;0;0;0;0;1;1;0;0;0;0;1;0;1;0;0;0;28.5966666666667
1;1;0;1;0;1;1;1;1;1;0;1;1;0;1;1;0;0;0;0;1;1;0;0;0;1;0;1;0;1;0;0;0;1;0;0;0;1;0;29.0733333333333
1;1;0;1;1;0;1;1;1;1;0;1;0;1;0;1;0;0;0;1;0;1;0;1;0;0;0;1;0;0;0;1;0;1;0;1;0;0;0;30.6733333333333
1;1;0;0;0;0;0;1;1;1;0;1;1;0;0;1;0;0;0;1;0;1;1;0;0;0;0;1;0;0;0;1;0;1;0;0;1;0;0;10.65
1;0;1;1;1;0;0;1;1;0;1;1;0;1;1;1;0;0;0;0;1;1;0;0;0;1;0;1;0;1;0;0;0;1;0;0;0;1;0;30.8233333333333
1;1;0;1;0;1;1;1;1;0;1;1;1;0;0;1;0;0;0;0;1;1;0;0;1;0;0;1;0;1;0;0;0;1;0;0;0;0;1;28.5
1;0;1;0;0;0;0;1;1;0;1;1;0;1;0;1;0;0;0;0;1;1;1;0;0;0;0;1;0;1;0;0;0;1;1;0;0;0;0;29.2033333333333
1;0;1;0;0;0;0;1;1;1;0;1;0;1;1;1;0;0;0;0;1;1;1;0;0;0;0;1;1;0;0;0;0;1;0;1;0;0;0;29.0933333333333
1;0;1;1;1;0;1;1;1;0;1;1;0;1;1;1;0;0;0;0;1;1;0;0;0;1;0;1;0;1;0;0;0;1;0;0;1;0;0;30.6833333333333
1;1;0;0;0;0;0;1;1;1;0;1;0;1;0;1;0;0;0;0;1;1;0;1;0;0;0;1;1;0;0;0;0;1;0;0;1;0;0;29.6933333333333
1;0;1;0;0;0;0;1;1;0;1;1;1;0;1;1;1;0;0;0;0;1;0;0;1;0;0;1;1;0;0;0;0;1;0;0;1;0;0;28.91
1;1;0;1;0;1;1;1;1;1;0;1;1;0;1;1;0;0;0;1;0;1;0;1;0;0;0;1;0;0;0;1;0;1;0;0;0;1;0;28.42
1;0;1;0;0;0;0;1;1;0;1;1;0;1;1;1;0;0;0;0;1;1;0;0;1;0;0;1;0;1;0;0;0;1;0;0;0;1;0;28.5166666666667
1;0;1;1;0;1;0;1;1;0;1;1;1;0;0;1;0;0;0;1;0;1;0;1;0;0;0;1;0;0;0;1;0;1;0;1;0;0;0;30.0466666666667
1;0;1;0;0;0;0;1;1;1;0;1;0;1;0;1;0;0;0;0;1;1;1;0;0;0;0;1;1;0;0;0;0;1;0;0;1;0;0;29.0966666666667
1;0;1;1;1;0;1;1;1;1;0;1;1;0;0;1;0;0;0;0;1;1;1;0;0;0;0;1;1;0;0;0;0;1;1;0;0;0;0;28.3533333333333
1;0;1;1;1;0;0;1;1;1;0;1;0;1;0;1;0;0;0;1;0;1;0;1;0;0;0;1;0;0;0;1;0;1;0;0;1;0;0;30.9
1;0;1;1;1;0;1;1;1;1;0;1;1;0;1;1;0;0;0;0;1;1;0;0;0;1;0;1;0;1;0;0;0;1;0;0;0;1;0;28.2866666666667
1;1;0;0;0;0;1;1;1;1;0;1;0;1;0;1;0;0;0;0;1;1;0;0;0;1;0;1;0;1;0;0;0;1;0;0;0;1;0;30.3466666666667
1;0;1;1;1;0;0;1;1;0;1;1;1;0;0;1;0;0;0;1;0;1;0;1;0;0;0;1;0;0;0;1;0;1;0;0;0;1;0;30.6533333333333
1;0;1;0;0;0;1;1;1;0;1;1;0;1;1;1;0;0;0;1;0;1;0;1;0;0;0;1;1;0;0;0;0;1;0;0;1;0;0;28.5
1;1;0;0;0;0;0;1;1;0;1;1;1;0;1;1;0;0;0;1;0;1;0;1;0;0;0;1;0;0;0;1;0;1;0;0;0;0;1;29.1566666666667
1;0;1;1;0;1;0;1;1;1;0;1;1;0;0;1;0;0;0;1;0;1;0;1;0;0;0;1;0;0;0;1;0;1;0;0;1;0;0;4.37333333333333
1;0;1;0;0;0;0;1;1;1;0;1;0;1;1;1;0;0;0;1;0;1;0;1;0;0;0;1;0;0;0;1;0;1;0;0;1;0;0;29.6166666666667
1;1;0;0;0;0;0;1;1;1;0;1;1;0;0;1;0;0;0;1;0;1;0;1;0;0;0;1;0;0;0;1;0;1;0;0;0;1;0;12.4933333333333
1;1;0;0;0;0;0;1;1;1;0;1;1;0;1;1;0;0;0;0;1;1;0;0;0;0;1;1;0;0;0;0;1;1;0;0;1;0;0;10.6433333333333
1;1;0;0;0;0;0;1;1;1;0;1;1;0;0;1;1;0;0;0;0;1;0;0;0;0;1;1;1;0;0;0;0;1;0;0;1;0;0;10.6566666666667
1;1;0;1;0;1;1;1;1;0;1;1;0;1;1;1;0;0;0;1;0;1;0;1;0;0;0;1;0;0;0;1;0;1;0;1;0;0;0;28.6633333333333
1;0;1;0;0;0;0;1;1;0;1;1;1;0;1;1;0;0;0;1;0;1;1;0;0;0;0;1;0;0;0;1;0;1;1;0;0;0;0;29.1633333333333
1;0;1;1;1;0;1;1;1;0;1;1;1;0;0;1;0;0;0;1;0;1;0;1;0;0;0;1;0;0;0;1;0;1;0;1;0;0;0;30.5666666666667
1;1;0;0;0;0;1;1;1;1;0;1;0;1;0;1;0;0;0;1;0;1;0;1;0;0;0;1;0;1;0;0;0;1;0;0;1;0;0;29.0966666666667
1;1;0;1;0;1;0;1;1;0;1;1;0;1;0;1;0;0;0;1;0;1;0;1;0;0;0;1;0;0;0;1;0;1;0;1;0;0;0;28.4133333333333
1;1;0;0;0;0;0;1;1;1;0;1;1;0;1;1;0;0;0;0;1;1;0;0;1;0;0;1;1;0;0;0;0;1;0;0;1;0;0;10.75
1;1;0;0;0;0;0;1;1;1;0;1;1;0;0;1;0;0;0;0;1;1;0;0;0;1;0;1;1;0;0;0;0;1;0;1;0;0;0;11.3466666666667
1;0;1;1;1;0;0;1;1;1;0;1;0;1;0;1;0;0;0;0;1;1;0;0;0;1;0;1;1;0;0;0;0;1;1;0;0;0;0;30.68
1;1;0;1;0;1;0;1;1;0;1;1;0;1;1;1;0;0;0;1;0;1;0;1;0;0;0;1;0;0;0;1;0;1;0;0;0;1;0;28.5733333333333
1;1;0;1;1;0;0;1;1;1;0;1;0;1;0;1;0;0;0;0;1;1;0;0;1;0;0;1;0;1;0;0;0;1;0;0;0;0;1;30.6666666666667
1;1;0;1;1;0;1;1;1;1;0;1;1;0;0;1;0;0;0;0;1;1;0;0;1;0;0;1;1;0;0;0;0;1;1;0;0;0;0;30.8733333333333
1;1;0;1;0;1;1;1;1;0;1;1;1;0;1;1;0;0;0;1;0;1;0;1;0;0;0;1;0;0;0;1;0;1;0;0;0;0;1;28.6833333333333
1;1;0;0;0;0;0;1;1;0;1;1;1;0;0;1;0;0;0;1;0;1;1;0;0;0;0;1;0;0;0;1;0;1;1;0;0;0;0;28.5566666666667
1;1;0;1;0;1;0;1;1;1;0;1;1;0;1;1;0;0;0;1;0;1;0;1;0;0;0;1;0;0;0;1;0;1;0;0;0;0;1;14.2166666666667
1;1;0;0;0;0;1;1;1;0;1;1;1;0;1;1;0;0;0;0;1;1;1;0;0;0;0;1;0;1;0;0;0;1;0;0;1;0;0;29.23
1;1;0;1;1;0;0;1;1;0;1;1;1;0;1;1;0;0;0;0;1;1;0;1;0;0;0;1;1;0;0;0;0;1;0;0;1;0;0;31.06
1;0;1;0;0;0;0;1;1;0;1;1;1;0;1;1;1;0;0;0;0;1;0;0;0;1;0;1;1;0;0;0;0;1;0;0;1;0;0;29.64
1;0;1;0;0;0;0;1;1;1;0;1;1;0;1;1;0;0;0;0;1;1;0;1;0;0;0;1;0;0;0;0;1;1;0;0;1;0;0;4.60666666666667
1;0;1;0;0;0;0;1;1;0;1;1;1;0;0;1;0;0;0;0;1;1;1;0;0;0;0;1;0;0;1;0;0;1;0;0;1;0;0;28.61
1;0;1;1;0;1;0;1;1;0;1;1;0;1;1;1;0;0;0;0;1;1;1;0;0;0;0;1;1;0;0;0;0;1;1;0;0;0;0;29.1833333333333
1;1;0;0;0;0;1;1;1;1;0;1;1;0;0;1;0;0;0;0;1;1;0;0;0;1;0;1;0;1;0;0;0;1;0;0;0;0;1;29.1433333333333
1;1;0;0;0;0;0;1;1;1;0;1;0;1;0;1;0;0;0;0;1;1;0;0;0;1;0;1;0;0;0;0;1;1;0;0;1;0;0;29.09
1;0;1;0;0;0;0;1;1;0;1;1;1;0;1;1;0;0;0;0;1;1;0;0;1;0;0;1;0;1;0;0;0;1;0;0;0;1;0;29.12
1;1;0;1;1;0;1;1;1;0;1;1;0;1;1;1;0;0;0;0;1;1;1;0;0;0;0;1;0;1;0;0;0;1;0;0;1;0;0;31.1
1;1;0;0;0;0;0;1;1;1;0;1;0;1;0;1;0;0;0;0;1;1;1;0;0;0;0;1;0;0;0;0;1;1;0;0;1;0;0;29.58
1;1;0;0;0;0;1;1;1;1;0;1;1;0;1;1;0;0;0;0;1;1;0;1;0;0;0;1;0;1;0;0;0;1;0;0;1;0;0;28.5533333333333
1;0;1;0;0;0;0;1;1;1;0;1;1;0;0;1;0;0;0;0;1;1;0;0;1;0;0;1;0;1;0;0;0;1;0;0;1;0;0;4.48
1;0;1;1;0;1;1;1;1;0;1;1;1;0;0;1;0;0;0;1;0;1;0;1;0;0;0;1;0;0;0;1;0;1;0;0;1;0;0;28.7533333333333
1;1;0;0;0;0;0;1;1;1;0;1;0;1;1;1;0;0;0;0;1;1;0;0;1;0;0;1;1;0;0;0;0;1;0;0;1;0;0;28.5366666666667
1;1;0;0;0;0;0;1;1;0;1;1;1;0;1;1;0;0;0;1;0;1;0;1;0;0;0;1;0;0;0;1;0;1;1;0;0;0;0;28.66
1;0;1;0;0;0;1;1;1;1;0;1;0;1;1;1;0;0;0;0;1;1;1;0;0;0;0;1;1;0;0;0;0;1;0;1;0;0;0;30.0666666666667
1;1;0;0;0;0;0;1;1;0;1;1;1;0;1;1;0;0;0;1;0;1;0;1;0;0;0;1;0;0;0;1;0;1;0;0;0;1;0;28.6366666666667
1;1;0;0;0;0;1;1;1;1;0;1;1;0;1;1;0;0;0;0;1;1;0;0;1;0;0;1;0;1;0;0;0;1;0;0;0;1;0;29.1
1;1;0;0;0;0;0;1;1;0;1;1;0;1;0;1;0;0;0;0;1;1;1;0;0;0;0;1;1;0;0;0;0;1;0;0;0;0;1;29.15
1;0;1;0;0;0;0;1;1;1;0;1;0;1;0;1;0;0;0;1;0;1;0;1;0;0;0;1;0;0;0;1;0;1;0;1;0;0;0;28.57
1;0;1;0;0;0;0;1;1;0;1;1;1;0;1;1;0;0;0;0;1;1;0;1;0;0;0;1;1;0;0;0;0;1;0;1;0;0;0;28.5433333333333
1;1;0;0;0;0;0;1;1;0;1;1;0;1;0;1;0;0;0;0;1;1;0;0;1;0;0;1;1;0;0;0;0;1;0;1;0;0;0;28.6466666666667
1;1;0;0;0;0;0;1;1;0;1;1;1;0;1;1;0;0;0;0;1;1;0;0;0;1;0;1;0;1;0;0;0;1;0;1;0;0;0;28.4866666666667
1;0;1;0;0;0;0;1;1;1;0;1;1;0;0;1;1;0;0;0;0;1;0;0;0;0;1;1;0;0;0;0;1;1;0;0;1;0;0;4.59333333333333
1;0;1;0;0;0;0;1;1;0;1;1;0;1;1;1;0;0;0;0;1;1;0;1;0;0;0;1;0;0;0;0;1;1;0;0;1;0;0;29.4866666666667
1;1;0;0;0;0;0;1;1;1;0;1;1;0;0;1;0;0;0;0;1;1;0;0;0;1;0;1;0;1;0;0;0;1;0;1;0;0;0;11.3666666666667
1;1;0;0;0;0;0;1;1;1;0;1;0;1;0;1;0;0;0;0;1;1;0;0;0;1;0;1;0;1;0;0;0;1;0;0;0;0;1;28.5766666666667
1;1;0;1;1;0;1;1;1;1;0;1;1;0;1;1;0;0;0;0;1;1;0;0;0;1;0;1;0;1;0;0;0;1;0;0;0;0;1;31.0633333333333
1;0;1;1;1;0;0;1;1;1;0;1;1;0;1;1;0;0;0;1;0;1;0;0;0;0;1;1;0;0;0;1;0;1;0;0;1;0;0;6.03333333333333
1;0;1;0;0;0;0;1;1;0;1;1;0;1;0;1;1;0;0;0;0;1;0;0;1;0;0;1;0;0;0;0;1;1;0;0;1;0;0;29.18
1;0;1;1;1;0;0;1;1;0;1;1;0;1;1;1;0;0;0;0;1;1;0;0;0;1;0;1;0;1;0;0;0;1;0;0;1;0;0;30.5933333333333
1;0;1;1;0;1;1;1;1;0;1;1;0;1;1;1;0;0;0;1;0;1;0;1;0;0;0;1;0;0;0;1;0;1;0;0;0;0;1;29.5766666666667
1;0;1;0;0;0;0;1;1;1;0;1;1;0;0;1;1;0;0;0;0;1;0;0;1;0;0;1;1;0;0;0;0;1;0;0;1;0;0;4.5
1;0;1;0;0;0;0;1;1;0;1;1;0;1;0;1;0;0;0;0;1;1;1;0;0;0;0;1;0;1;0;0;0;1;0;0;1;0;0;28.7033333333333
1;1;0;1;1;0;1;1;1;0;1;1;1;0;0;1;0;0;0;0;1;1;0;0;1;0;0;1;0;1;0;0;0;1;0;0;0;1;0;31.2266666666667
1;0;1;0;0;0;1;1;1;1;0;1;1;0;0;1;0;0;0;0;1;1;0;1;0;0;0;1;0;1;0;0;0;1;0;0;1;0;0;25.4766666666667
1;1;0;1;0;1;1;1;1;0;1;1;1;0;1;1;0;0;0;1;0;1;0;1;0;0;0;1;0;0;0;1;0;1;0;1;0;0;0;29.1566666666667
1;1;0;1;0;1;0;1;1;0;1;1;0;1;1;1;0;0;0;1;0;1;0;1;0;0;0;1;0;0;0;1;0;1;0;0;1;0;0;29.0533333333333
1;0;1;0;0;0;0;1;1;1;0;1;0;1;1;1;1;0;0;0;0;1;0;0;0;0;1;1;0;0;0;0;1;1;0;0;1;0;0;29.1233333333333
1;1;0;0;0;0;0;1;1;0;1;1;1;0;0;1;0;0;0;0;1;1;0;0;0;1;0;1;0;0;0;0;1;1;0;0;1;0;0;29.2
1;1;0;1;1;0;0;1;1;1;0;1;0;1;0;1;0;0;0;1;0;1;0;0;0;0;1;1;0;0;0;1;0;1;0;0;1;0;0;30.92
1;1;0;1;1;0;0;1;1;1;0;1;0;1;0;1;0;0;0;1;0;1;0;0;1;0;0;1;0;0;0;1;0;1;0;0;1;0;0;30.6466666666667
1;1;0;0;0;0;0;1;1;1;0;1;0;1;1;1;0;0;0;1;0;1;0;0;0;0;1;1;0;0;0;1;0;1;0;0;1;0;0;29.66
1;1;0;0;0;0;1;1;1;1;0;1;1;0;1;1;0;0;0;0;1;1;1;0;0;0;0;1;0;1;0;0;0;1;0;0;1;0;0;29.1766666666667
1;1;0;0;0;0;0;1;1;0;1;1;0;1;1;1;0;0;0;1;0;1;0;1;0;0;0;1;0;0;0;1;0;1;0;0;1;0;0;28.5533333333333
1;0;1;1;0;1;0;1;1;1;0;1;1;0;1;1;0;0;0;0;1;1;0;0;1;0;0;1;0;1;0;0;0;1;0;0;1;0;0;4.39333333333333
1;0;1;1;0;1;0;1;1;0;1;1;0;1;1;1;0;0;0;1;0;1;0;1;0;0;0;1;0;0;0;1;0;1;1;0;0;0;0;28.5966666666667
1;1;0;1;1;0;1;1;1;1;0;1;0;1;0;1;0;0;0;0;1;1;0;0;1;0;0;1;0;1;0;0;0;1;0;0;0;1;0;30.7466666666667
1;0;1;1;0;1;1;1;1;0;1;1;0;1;0;1;0;0;0;0;1;1;1;0;0;0;0;1;1;0;0;0;0;1;0;1;0;0;0;29.62
1;1;0;0;0;0;0;1;1;0;1;1;1;0;1;1;0;0;0;0;1;1;1;0;0;0;0;1;0;0;1;0;0;1;0;0;1;0;0;30.1333333333333
1;1;0;1;1;0;0;1;1;0;1;1;1;0;1;1;0;0;0;1;0;1;1;0;0;0;0;1;0;0;0;1;0;1;0;0;1;0;0;30.91
1;0;1;0;0;0;1;1;1;0;1;1;1;0;1;1;0;0;0;0;1;1;0;0;0;1;0;1;0;1;0;0;0;1;0;0;0;1;0;28.57
1;0;1;1;1;0;1;1;1;0;1;1;0;1;0;1;0;0;0;0;1;1;0;0;1;0;0;1;1;0;0;0;0;1;1;0;0;0;0;30.7033333333333
1;0;1;0;0;0;0;1;1;1;0;1;1;0;1;1;0;0;0;0;1;1;0;0;1;0;0;1;0;1;0;0;0;1;0;0;0;1;0;6.55666666666667
1;0;1;0;0;0;0;1;1;1;0;1;0;1;1;1;0;0;0;1;0;1;0;1;0;0;0;1;0;0;0;1;0;1;0;0;0;1;0;28.6166666666667
1;0;1;0;0;0;0;1;1;1;0;1;0;1;0;1;1;0;0;0;0;1;0;0;0;0;1;1;1;0;0;0;0;1;0;0;1;0;0;29.23
1;0;1;0;0;0;1;1;1;0;1;1;1;0;1;1;0;0;0;1;0;1;0;1;0;0;0;1;0;0;0;1;0;1;0;0;0;1;0;29.6333333333333
1;0;1;0;0;0;0;1;1;1;0;1;1;0;1;1;1;0;0;0;0;1;0;0;1;0;0;1;0;0;0;0;1;1;0;0;1;0;0;4.49333333333333
1;1;0;0;0;0;0;1;1;1;0;1;1;0;1;1;0;0;0;0;1;1;1;0;0;0;0;1;1;0;0;0;0;1;1;0;0;0;0;11.0866666666667
1;0;1;1;1;0;0;1;1;0;1;1;1;0;1;1;0;0;0;1;0;1;0;1;0;0;0;1;0;0;0;1;0;1;1;0;0;0;0;30.84
1;0;1;1;1;0;1;1;1;0;1;1;1;0;1;1;0;0;0;1;0;1;0;1;0;0;0;1;0;0;0;1;0;1;0;1;0;0;0;30.9966666666667
1;1;0;1;0;1;1;1;1;0;1;1;1;0;1;1;0;0;0;0;1;1;0;0;0;1;0;1;0;1;0;0;0;1;0;0;0;0;1;28.58
1;1;0;0;0;0;1;1;1;0;1;1;1;0;0;1;0;0;0;0;1;1;0;1;0;0;0;1;0;1;0;0;0;1;0;0;1;0;0;29.0533333333333
1;1;0;1;1;0;1;1;1;1;0;1;0;1;0;1;0;0;0;0;1;1;1;0;0;0;0;1;0;1;0;0;0;1;0;0;1;0;0;30.9366666666667
1;1;0;1;1;0;0;1;1;1;0;1;1;0;0;1;0;0;0;0;1;1;0;0;0;1;0;1;0;1;0;0;0;1;0;0;1;0;0;14.4033333333333
1;1;0;1;1;0;0;1;1;1;0;1;0;1;0;1;0;0;0;0;1;1;0;0;0;1;0;1;1;0;0;0;0;1;1;0;0;0;0;30.82
1;1;0;0;0;0;0;1;1;1;0;1;0;1;1;1;0;0;0;1;0;1;0;1;0;0;0;1;0;0;0;1;0;1;0;0;0;1;0;28.9233333333333
1;0;1;0;0;0;1;1;1;0;1;1;0;1;1;1;0;0;0;0;1;1;0;0;0;1;0;1;0;1;0;0;0;1;0;0;0;1;0;28.44
1;0;1;1;1;0;0;1;1;1;0;1;0;1;1;1;0;0;0;0;1;1;0;0;0;1;0;1;0;1;0;0;0;1;0;0;1;0;0;30.8566666666667
1;1;0;1;0;1;0;1;1;1;0;1;0;1;0;1;0;0;0;0;1;1;0;0;0;1;0;1;0;1;0;0;0;1;0;0;1;0;0;29.4833333333333
1;1;0;1;1;0;1;1;1;1;0;1;1;0;0;1;0;0;0;0;1;1;1;0;0;0;0;1;0;1;0;0;0;1;0;0;0;1;0;31.2666666666667
1;1;0;1;0;1;0;1;1;0;1;1;1;0;1;1;0;0;0;0;1;1;1;0;0;0;0;1;1;0;0;0;0;1;1;0;0;0;0;29.1466666666667
1;0;1;1;0;1;1;1;1;0;1;1;1;0;0;1;0;0;0;0;1;1;0;0;0;1;0;1;0;1;0;0;0;1;0;0;0;1;0;28.56
1;0;1;1;1;0;1;1;1;1;0;1;0;1;0;1;0;0;0;0;1;1;0;0;0;1;0;1;0;1;0;0;0;1;0;0;1;0;0;31.02
1;1;0;1;1;0;1;1;1;1;0;1;0;1;1;1;0;0;0;0;1;1;1;0;0;0;0;1;0;1;0;0;0;1;0;0;0;0;1;30.7333333333333
1;0;1;0;0;0;1;1;1;0;1;1;1;0;0;1;0;0;0;0;1;1;0;0;0;1;0;1;0;1;0;0;0;1;0;0;1;0;0;29.1866666666667
1;1;0;0;0;0;0;1;1;1;0;1;0;1;1;1;1;0;0;0;0;1;0;1;0;0;0;1;1;0;0;0;0;1;0;0;1;0;0;28.6333333333333
1;0;1;0;0;0;0;1;1;0;1;1;1;0;0;1;0;0;0;0;1;1;1;0;0;0;0;1;0;1;0;0;0;1;0;0;1;0;0;29.1133333333333
1;0;1;0;0;0;1;1;1;0;1;1;1;0;0;1;0;0;0;0;1;1;0;1;0;0;0;1;0;1;0;0;0;1;0;0;1;0;0;28.3066666666667
1;1;0;0;0;0;0;1;1;0;1;1;1;0;1;1;1;0;0;0;0;1;0;0;0;1;0;1;1;0;0;0;0;1;0;0;1;0;0;28.9133333333333
1;1;0;0;0;0;0;1;1;0;1;1;1;0;0;1;0;0;0;0;1;1;1;0;0;0;0;1;0;1;0;0;0;1;1;0;0;0;0;29.1466666666667
1;0;1;1;1;0;1;1;1;1;0;1;0;1;1;1;0;0;0;1;0;1;0;1;0;0;0;1;0;0;0;1;0;1;0;1;0;0;0;30.79
1;0;1;0;0;0;0;1;1;0;1;1;1;0;1;1;0;0;0;1;0;1;0;1;0;0;0;1;0;0;0;1;0;1;0;1;0;0;0;29.18
1;1;0;0;0;0;0;1;1;0;1;1;1;0;0;1;0;0;0;0;1;1;1;0;0;0;0;1;0;1;0;0;0;1;0;1;0;0;0;29.16
1;1;0;0;0;0;0;1;1;1;0;1;1;0;1;1;1;0;0;0;0;1;0;0;0;1;0;1;0;0;0;0;1;1;0;0;1;0;0;10.67
1;1;0;1;1;0;0;1;1;1;0;1;1;0;1;1;0;0;0;0;1;1;0;0;0;1;0;1;0;1;0;0;0;1;0;0;1;0;0;14.3866666666667
1;0;1;0;0;0;0;1;1;1;0;1;1;0;1;1;0;0;0;0;1;1;0;0;1;0;0;1;0;0;0;0;1;1;0;0;1;0;0;4.46333333333333
1;1;0;1;0;1;1;1;1;1;0;1;0;1;0;1;0;0;0;1;0;1;0;1;0;0;0;1;0;0;0;1;0;1;1;0;0;0;0;29.0333333333333
1;1;0;1;1;0;1;1;1;0;1;1;1;0;0;1;0;0;0;0;1;1;0;0;1;0;0;1;0;1;0;0;0;1;0;0;1;0;0;30.7466666666667
1;1;0;0;0;0;0;1;1;1;0;1;0;1;1;1;1;0;0;0;0;1;0;0;0;0;1;1;1;0;0;0;0;1;0;0;1;0;0;28.5533333333333
1;1;0;0;0;0;0;1;1;0;1;1;1;0;1;1;0;0;0;0;1;1;0;0;1;0;0;1;0;1;0;0;0;1;0;0;0;1;0;28.6733333333333
1;0;1;1;1;0;1;1;1;1;0;1;1;0;0;1;0;0;0;1;0;1;0;1;0;0;0;1;0;0;0;1;0;1;0;0;1;0;0;28.3266666666667
1;1;0;0;0;0;1;1;1;1;0;1;0;1;0;1;0;0;0;0;1;1;0;0;1;0;0;1;1;0;0;0;0;1;1;0;0;0;0;29.2033333333333
1;0;1;1;0;1;0;1;1;0;1;1;1;0;0;1;0;0;0;0;1;1;1;0;0;0;0;1;1;0;0;0;0;1;1;0;0;0;0;28.5466666666667
1;1;0;0;0;0;0;1;1;0;1;1;1;0;0;1;0;0;0;1;0;1;0;1;0;0;0;1;0;0;0;1;0;1;0;0;0;0;1;28.5466666666667
1;1;0;1;1;0;0;1;1;0;1;1;0;1;0;1;0;0;0;1;0;1;0;1;0;0;0;1;0;0;0;1;0;1;0;1;0;0;0;31.0066666666667
1;0;1;1;1;0;0;1;1;0;1;1;0;1;0;1;0;0;0;0;1;1;0;0;0;1;0;1;0;1;0;0;0;1;0;0;1;0;0;30.8333333333333
1;1;0;0;0;0;1;1;1;1;0;1;0;1;0;1;0;0;0;0;1;1;0;0;0;1;0;1;0;1;0;0;0;1;0;0;1;0;0;28.64
1;0;1;1;1;0;0;1;1;0;1;1;0;1;0;1;0;0;0;0;1;1;1;0;0;0;0;1;1;0;0;0;0;1;0;1;0;0;0;30.7
1;1;0;0;0;0;0;1;1;1;0;1;1;0;1;1;0;0;0;0;1;1;0;1;0;0;0;1;1;0;0;0;0;1;0;0;1;0;0;10.7733333333333
1;0;1;1;1;0;0;1;1;0;1;1;0;1;0;1;0;0;0;1;0;1;0;1;0;0;0;1;0;0;0;1;0;1;0;0;1;0;0;30.85
1;0;1;0;0;0;0;1;1;0;1;1;1;0;0;1;0;1;0;0;0;1;0;1;0;0;0;1;0;0;0;0;1;1;0;0;1;0;0;29.77
1;1;0;0;0;0;0;1;1;0;1;1;0;1;1;1;0;0;0;0;1;1;0;0;1;0;0;1;0;1;0;0;0;1;0;0;1;0;0;29.11
1;0;1;1;0;1;1;1;1;1;0;1;0;1;1;1;0;0;0;1;0;1;0;1;0;0;0;1;0;0;0;1;0;1;0;1;0;0;0;28.6533333333333
1;1;0;0;0;0;0;1;1;1;0;1;1;0;0;1;0;0;0;0;1;1;1;0;0;0;0;1;0;1;0;0;0;1;1;0;0;0;0;11.13
1;1;0;0;0;0;1;1;1;0;1;1;1;0;0;1;0;0;0;0;1;1;0;0;1;0;0;1;1;0;0;0;0;1;1;0;0;0;0;29.64
1;1;0;0;0;0;0;1;1;0;1;1;1;0;1;1;0;1;0;0;0;1;0;0;1;0;0;1;0;0;0;0;1;1;0;0;1;0;0;29.1333333333333
1;0;1;1;1;0;1;1;1;0;1;1;1;0;1;1;0;0;0;0;1;1;1;0;0;0;0;1;1;0;0;0;0;1;0;1;0;0;0;31.09
1;0;1;0;0;0;0;1;1;0;1;1;1;0;1;1;0;0;0;0;1;1;0;1;0;0;0;1;1;0;0;0;0;1;0;0;1;0;0;29.5533333333333
1;0;1;0;0;0;0;1;1;1;0;1;0;1;0;1;0;0;0;0;1;1;0;0;0;1;0;1;1;0;0;0;0;1;0;1;0;0;0;28.6033333333333
1;1;0;0;0;0;0;1;1;0;1;1;1;0;0;1;0;0;0;1;0;1;0;0;1;0;0;1;0;0;0;1;0;1;0;0;1;0;0;28.98
1;0;1;1;1;0;0;1;1;0;1;1;0;1;1;1;0;0;0;0;1;1;1;0;0;0;0;1;1;0;0;0;0;1;0;1;0;0;0;30.8066666666667
1;1;0;0;0;0;0;1;1;0;1;1;0;1;1;1;0;0;0;1;0;1;0;1;0;0;0;1;0;0;0;1;0;1;0;0;0;0;1;28.58
1;0;1;0;0;0;1;1;1;1;0;1;0;1;0;1;0;0;0;0;1;1;0;0;0;1;0;1;1;0;0;0;0;1;1;0;0;0;0;29.1266666666667
1;1;0;1;1;0;1;1;1;1;0;1;1;0;0;1;0;0;0;0;1;1;0;0;1;0;0;1;0;1;0;0;0;1;0;0;1;0;0;30.85
1;1;0;0;0;0;1;1;1;0;1;1;0;1;0;1;0;0;0;0;1;1;0;0;0;1;0;1;0;1;0;0;0;1;0;0;0;1;0;28.6066666666667
1;1;0;0;0;0;1;1;1;0;1;1;0;1;0;1;0;0;0;0;1;1;0;0;1;0;0;1;1;0;0;0;0;1;0;0;1;0;0;28.53
1;0;1;0;0;0;0;1;1;1;0;1;1;0;0;1;0;0;0;0;1;1;1;0;0;0;0;1;0;1;0;0;0;1;1;0;0;0;0;18.5
1;1;0;1;1;0;0;1;1;1;0;1;1;0;0;1;0;0;0;1;0;1;0;1;0;0;0;1;0;0;0;1;0;1;0;0;0;0;1;16.03
1;1;0;0;0;0;0;1;1;0;1;1;0;1;1;1;1;0;0;0;0;1;0;0;0;1;0;1;0;0;0;0;1;1;0;0;1;0;0;28.43
1;1;0;0;0;0;1;1;1;0;1;1;0;1;0;1;0;0;0;0;1;1;0;0;0;1;0;1;1;0;0;0;0;1;1;0;0;0;0;29.1366666666667
1;1;0;0;0;0;1;1;1;1;0;1;0;1;0;1;0;0;0;1;0;1;0;1;0;0;0;1;1;0;0;0;0;1;0;0;1;0;0;29.0533333333333
1;1;0;1;0;1;0;1;1;0;1;1;0;1;1;1;0;0;0;1;0;1;0;1;0;0;0;1;0;0;0;1;0;1;1;0;0;0;0;29.13
1;0;1;0;0;0;0;1;1;1;0;1;0;1;1;1;0;0;0;0;1;1;0;1;0;0;0;1;0;1;0;0;0;1;0;0;1;0;0;29.64
1;1;0;0;0;0;0;1;1;0;1;1;1;0;1;1;0;0;0;0;1;1;0;0;1;0;0;1;0;0;0;0;1;1;0;0;1;0;0;28.7266666666667
1;1;0;1;0;1;1;1;1;0;1;1;0;1;0;1;0;0;0;0;1;1;0;0;0;1;0;1;0;1;0;0;0;1;0;0;0;0;1;29.08
1;1;0;1;0;1;1;1;1;1;0;1;0;1;0;1;0;0;0;0;1;1;0;0;0;1;0;1;1;0;0;0;0;1;1;0;0;0;0;28.6566666666667
1;0;1;0;0;0;0;1;1;1;0;1;1;0;1;1;0;0;0;0;1;1;1;0;0;0;0;1;1;0;0;0;0;1;1;0;0;0;0;18.6166666666667
1;1;0;1;1;0;1;1;1;0;1;1;1;0;1;1;0;0;0;0;1;1;1;0;0;0;0;1;1;0;0;0;0;1;1;0;0;0;0;30.73
1;1;0;0;0;0;1;1;1;1;0;1;0;1;0;1;0;0;0;0;1;1;0;1;0;0;0;1;1;0;0;0;0;1;0;0;1;0;0;29.8333333333333
1;0;1;1;0;1;0;1;1;0;1;1;0;1;1;1;0;0;0;1;0;1;0;1;0;0;0;1;0;0;0;1;0;1;0;0;0;1;0;29.1966666666667
1;0;1;0;0;0;1;1;1;0;1;1;0;1;1;1;0;0;0;0;1;1;0;0;0;1;0;1;1;0;0;0;0;1;1;0;0;0;0;28.3866666666667
1;0;1;0;0;0;0;1;1;1;0;1;1;0;1;1;0;0;0;1;0;1;0;1;0;0;0;1;0;0;0;1;0;1;0;0;0;1;0;6.72666666666667
1;1;0;1;1;0;0;1;1;0;1;1;0;1;1;1;0;0;0;0;1;1;0;0;0;1;0;1;1;0;0;0;0;1;1;0;0;0;0;30.8066666666667
1;0;1;0;0;0;1;1;1;0;1;1;1;0;0;1;0;0;0;1;0;1;0;1;0;0;0;1;0;0;0;1;0;1;0;0;1;0;0;29.1566666666667
1;0;1;0;0;0;0;1;1;0;1;1;1;0;1;1;0;0;0;0;1;1;1;0;0;0;0;1;1;0;0;0;0;1;0;0;0;0;1;28.3333333333333
1;1;0;0;0;0;0;1;1;0;1;1;0;1;0;1;0;0;0;0;1;1;0;0;0;1;0;1;0;1;0;0;0;1;0;0;0;1;0;28.35
1;0;1;1;1;0;0;1;1;0;1;1;1;0;0;1;0;0;0;0;1;1;1;0;0;0;0;1;1;0;0;0;0;1;0;1;0;0;0;30.75
1;0;1;1;1;0;1;1;1;1;0;1;0;1;1;1;0;0;0;1;0;1;0;1;0;0;0;1;0;0;0;1;0;1;0;0;0;0;1;30.7933333333333
1;1;0;1;1;0;1;1;1;1;0;1;0;1;1;1;0;0;0;0;1;1;1;0;0;0;0;1;1;0;0;0;0;1;0;1;0;0;0;30.7466666666667
1;1;0;1;0;1;1;1;1;1;0;1;0;1;0;1;0;0;0;1;0;1;0;1;0;0;0;1;0;0;0;1;0;1;0;0;0;0;1;29.2366666666667
1;1;0;1;1;0;1;1;1;1;0;1;0;1;0;1;0;0;0;1;0;1;0;1;0;0;0;1;0;0;0;1;0;1;0;0;0;0;1;30.7
1;0;1;0;0;0;1;1;1;0;1;1;0;1;0;1;0;0;0;0;1;1;0;0;1;0;0;1;1;0;0;0;0;1;0;0;1;0;0;29.1733333333333
1;1;0;1;0;1;0;1;1;1;0;1;1;0;1;1;0;0;0;0;1;1;0;0;0;1;0;1;0;1;0;0;0;1;0;0;0;1;0;12.5066666666667
1;1;0;0;0;0;0;1;1;1;0;1;0;1;0;1;0;0;0;0;1;1;1;0;0;0;0;1;1;0;0;0;0;1;1;0;0;0;0;28.45
1;1;0;1;0;1;1;1;1;1;0;1;1;0;0;1;0;0;0;0;1;1;0;0;1;0;0;1;0;1;0;0;0;1;0;0;0;0;1;28.5833333333333
1;0;1;0;0;0;0;1;1;0;1;1;1;0;1;1;0;1;0;0;0;1;0;0;1;0;0;1;0;0;1;0;0;1;0;0;1;0;0;29.0833333333333
1;1;0;0;0;0;0;1;1;0;1;1;0;1;0;1;0;0;0;0;1;1;0;0;0;1;0;1;0;0;0;0;1;1;0;0;1;0;0;29.05
1;1;0;1;1;0;0;1;1;0;1;1;1;0;0;1;0;0;0;1;0;1;0;1;0;0;0;1;0;0;0;1;0;1;0;1;0;0;0;30.53
1;0;1;0;0;0;0;1;1;0;1;1;1;0;1;1;0;0;0;0;1;1;0;0;0;1;0;1;0;0;0;0;1;1;0;0;1;0;0;30.2466666666667
1;1;0;1;1;0;1;1;1;1;0;1;1;0;1;1;0;0;0;1;0;1;0;1;0;0;0;1;0;0;0;1;0;1;0;1;0;0;0;31.13
1;0;1;1;0;1;1;1;1;1;0;1;1;0;0;1;0;0;0;0;1;1;1;0;0;0;0;1;1;0;0;0;0;1;1;0;0;0;0;25.4633333333333
1;1;0;1;0;1;1;1;1;0;1;1;1;0;1;1;0;0;0;1;0;1;0;1;0;0;0;1;0;0;0;1;0;1;1;0;0;0;0;28.4866666666667
1;1;0;0;0;0;1;1;1;0;1;1;1;0;1;1;0;0;0;0;1;1;0;0;0;1;0;1;1;0;0;0;0;1;1;0;0;0;0;28.57
1;1;0;1;0;1;0;1;1;0;1;1;1;0;0;1;0;0;0;0;1;1;0;0;0;1;0;1;0;1;0;0;0;1;0;0;1;0;0;29.5533333333333
1;1;0;0;0;0;1;1;1;1;0;1;0;1;0;1;0;0;0;1;0;1;0;1;0;0;0;1;0;0;0;1;0;1;1;0;0;0;0;29.47
1;0;1;0;0;0;0;1;1;1;0;1;0;1;0;1;0;0;0;0;1;1;1;0;0;0;0;1;1;0;0;0;0;1;0;1;0;0;0;28.54
1;1;0;0;0;0;0;1;1;0;1;1;0;1;0;1;0;0;0;0;1;1;0;0;0;0;1;1;0;1;0;0;0;1;0;0;1;0;0;28.5433333333333
1;0;1;1;1;0;1;1;1;1;0;1;1;0;1;1;0;0;0;1;0;1;0;1;0;0;0;1;0;0;0;1;0;1;1;0;0;0;0;28.3533333333333
1;0;1;0;0;0;1;1;1;1;0;1;1;0;1;1;0;0;0;0;1;1;0;1;0;0;0;1;1;0;0;0;0;1;0;0;1;0;0;25.32
1;1;0;1;0;1;0;1;1;0;1;1;0;1;1;1;0;0;0;0;1;1;0;0;0;1;0;1;0;1;0;0;0;1;0;0;1;0;0;29.26
1;0;1;0;0;0;0;1;1;0;1;1;1;0;0;1;0;1;0;0;0;1;0;0;1;0;0;1;1;0;0;0;0;1;0;0;1;0;0;28.92
1;0;1;0;0;0;0;1;1;1;0;1;0;1;0;1;0;0;0;0;1;1;0;1;0;0;0;1;0;1;0;0;0;1;0;0;1;0;0;29.08
1;0;1;1;1;0;1;1;1;0;1;1;0;1;0;1;0;0;0;0;1;1;0;0;0;1;0;1;1;0;0;0;0;1;1;0;0;0;0;30.81
1;0;1;1;0;1;0;1;1;0;1;1;0;1;1;1;0;0;0;0;1;1;0;0;1;0;0;1;0;1;0;0;0;1;0;0;1;0;0;29.2033333333333
1;1;0;1;0;1;0;1;1;1;0;1;1;0;1;1;0;0;0;1;0;1;0;1;0;0;0;1;0;0;0;1;0;1;0;1;0;0;0;11.4
1;0;1;0;0;0;0;1;1;0;1;1;0;1;1;1;1;0;0;0;0;1;0;0;0;1;0;1;0;0;0;0;1;1;0;0;1;0;0;29.0933333333333
1;1;0;1;1;0;1;1;1;1;0;1;0;1;0;1;0;0;0;0;1;1;0;0;1;0;0;1;0;1;0;0;0;1;0;0;0;0;1;30.8
1;1;0;0;0;0;0;1;1;1;0;1;0;1;1;1;0;0;0;1;0;1;0;1;0;0;0;1;0;0;0;1;0;1;0;0;1;0;0;29.22
1;1;0;1;1;0;0;1;1;0;1;1;0;1;1;1;0;0;0;1;0;1;0;0;0;1;0;1;0;0;0;1;0;1;0;0;1;0;0;30.83
1;0;1;0;0;0;0;1;1;1;0;1;0;1;1;1;0;0;0;0;1;1;1;0;0;0;0;1;0;1;0;0;0;1;0;0;1;0;0;29.0733333333333
1;1;0;0;0;0;0;1;1;0;1;1;1;0;0;1;0;0;0;1;0;1;0;0;0;0;1;1;0;0;0;1;0;1;0;0;1;0;0;29.1466666666667
1;0;1;0;0;0;0;1;1;0;1;1;1;0;0;1;0;0;0;0;1;1;0;0;1;0;0;1;0;1;0;0;0;1;0;1;0;0;0;29.11
1;1;0;1;0;1;0;1;1;0;1;1;0;1;1;1;0;0;0;0;1;1;1;0;0;0;0;1;1;0;0;0;0;1;0;1;0;0;0;29.6633333333333
1;1;0;1;1;0;1;1;1;0;1;1;1;0;1;1;0;0;0;1;0;1;0;1;0;0;0;1;0;0;0;1;0;1;0;0;0;1;0;30.9333333333333
1;1;0;1;1;0;0;1;1;1;0;1;1;0;1;1;0;0;0;0;1;1;0;0;0;1;0;1;0;1;0;0;0;1;0;0;0;0;1;16.04
1;0;1;0;0;0;0;1;1;0;1;1;1;0;0;1;0;1;0;0;0;1;1;0;0;0;0;1;1;0;0;0;0;1;0;0;1;0;0;30.3533333333333
1;1;0;0;0;0;1;1;1;1;0;1;0;1;0;1;0;0;0;1;0;1;0;1;0;0;0;1;0;0;0;1;0;1;0;0;1;0;0;29.4766666666667
1;0;1;1;1;0;0;1;1;1;0;1;0;1;0;1;0;0;0;1;0;1;1;0;0;0;0;1;0;0;0;1;0;1;0;0;1;0;0;30.7433333333333
1;1;0;0;0;0;0;1;1;1;0;1;0;1;0;1;0;0;0;0;1;1;0;0;0;1;0;1;0;1;0;0;0;1;0;0;0;1;0;29.09
1;1;0;0;0;0;0;1;1;0;1;1;0;1;0;1;0;0;0;1;0;1;1;0;0;0;0;1;0;0;0;1;0;1;0;0;1;0;0;29.1233333333333
1;0;1;0;0;0;0;1;1;1;0;1;1;0;1;1;1;0;0;0;0;1;0;0;0;1;0;1;0;0;0;0;1;1;0;0;1;0;0;4.71666666666667
1;1;0;1;0;1;1;1;1;1;0;1;0;1;0;1;0;0;0;1;0;1;0;1;0;0;0;1;0;0;0;1;0;1;0;0;1;0;0;28.5966666666667
1;1;0;1;1;0;1;1;1;1;0;1;0;1;0;1;0;0;0;1;0;1;0;1;0;0;0;1;0;0;0;1;0;1;0;0;1;0;0;30.94
1;1;0;0;0;0;0;1;1;1;0;1;1;0;0;1;0;0;0;0;1;1;1;0;0;0;0;1;0;1;0;0;0;1;0;1;0;0;0;11.3366666666667
1;1;0;0;0;0;0;1;1;1;0;1;1;0;1;1;0;0;0;0;1;1;0;0;0;1;0;1;1;0;0;0;0;1;0;0;1;0;0;10.57
1;1;0;0;0;0;0;1;1;0;1;1;1;0;0;1;0;0;0;1;0;1;0;1;0;0;0;1;0;0;0;1;0;1;0;0;0;1;0;29.0966666666667
1;0;1;0;0;0;1;1;1;0;1;1;0;1;1;1;0;0;0;1;0;1;0;1;0;0;0;1;0;0;0;1;0;1;0;0;1;0;0;28.6266666666667
1;1;0;1;1;0;1;1;1;1;0;1;0;1;0;1;0;0;0;0;1;1;0;0;1;0;0;1;1;0;0;0;0;1;1;0;0;0;0;30.97
1;1;0;0;0;0;0;1;1;1;0;1;0;1;1;1;0;0;0;0;1;1;0;1;0;0;0;1;0;1;0;0;0;1;0;0;1;0;0;29.0733333333333
1;0;1;1;1;0;1;1;1;0;1;1;1;0;0;1;0;0;0;0;1;1;0;0;1;0;0;1;0;1;0;0;0;1;0;0;0;1;0;30.6966666666667
1;0;1;0;0;0;0;1;1;0;1;1;1;0;0;1;0;0;0;1;0;1;0;0;1;0;0;1;0;0;0;1;0;1;0;0;1;0;0;29.26
1;0;1;0;0;0;1;1;1;0;1;1;1;0;1;1;0;0;0;0;1;1;0;1;0;0;0;1;0;1;0;0;0;1;0;0;1;0;0;29.1766666666667
1;0;1;1;1;0;0;1;1;1;0;1;1;0;0;1;0;0;0;1;0;1;0;1;0;0;0;1;0;0;0;1;0;1;0;1;0;0;0;7.60333333333333
1;0;1;0;0;0;0;1;1;0;1;1;0;1;0;1;0;0;0;1;0;1;0;1;0;0;0;1;0;0;0;1;0;1;0;0;0;0;1;28.3833333333333
1;0;1;0;0;0;0;1;1;0;1;1;1;0;1;1;0;0;0;0;1;1;1;0;0;0;0;1;0;1;0;0;0;1;0;0;1;0;0;28.84
1;0;1;1;1;0;0;1;1;0;1;1;1;0;0;1;1;0;0;0;0;1;1;0;0;0;0;1;1;0;0;0;0;1;0;0;1;0;0;30.9766666666667
1;0;1;0;0;0;0;1;1;0;1;1;1;0;1;1;1;0;0;0;0;1;0;0;0;0;1;1;1;0;0;0;0;1;0;0;1;0;0;29.1766666666667
1;1;0;0;0;0;0;1;1;1;0;1;0;1;1;1;0;0;0;1;0;1;0;1;0;0;0;1;0;0;0;1;0;1;1;0;0;0;0;28.3033333333333
1;0;1;0;0;0;0;1;1;1;0;1;1;0;0;1;0;0;0;0;1;1;0;1;0;0;0;1;0;0;0;0;1;1;0;0;1;0;0;4.34333333333333
1;0;1;1;1;0;1;1;1;0;1;1;1;0;1;1;0;0;0;0;1;1;0;0;1;0;0;1;0;1;0;0;0;1;0;0;1;0;0;30.7133333333333
1;0;1;0;0;0;1;1;1;1;0;1;1;0;0;1;0;0;0;0;1;1;0;0;0;1;0;1;0;1;0;0;0;1;0;0;1;0;0;26.44
1;1;0;1;0;1;0;1;1;1;0;1;1;0;0;1;0;0;0;1;0;1;0;1;0;0;0;1;0;0;0;1;0;1;1;0;0;0;0;11.1633333333333
1;1;0;0;0;0;1;1;1;0;1;1;0;1;1;1;0;0;0;0;1;1;0;0;1;0;0;1;1;0;0;0;0;1;1;0;0;0;0;29.0966666666667
1;1;0;1;1;0;0;1;1;0;1;1;1;0;0;1;0;0;0;0;1;1;1;0;0;0;0;1;1;0;0;0;0;1;1;0;0;0;0;30.9733333333333
1;1;0;0;0;0;0;1;1;1;0;1;1;0;1;1;1;0;0;0;0;1;0;1;0;0;0;1;0;0;0;0;1;1;0;0;1;0;0;10.6466666666667
1;1;0;0;0;0;0;1;1;0;1;1;0;1;1;1;1;0;0;0;0;1;0;1;0;0;0;1;1;0;0;0;0;1;0;0;1;0;0;28.5333333333333
1;1;0;0;0;0;0;1;1;0;1;1;1;0;0;1;0;0;0;0;1;1;0;1;0;0;0;1;0;0;0;0;1;1;0;0;1;0;0;29.2233333333333
1;1;0;1;0;1;1;1;1;0;1;1;0;1;0;1;0;0;0;0;1;1;1;0;0;0;0;1;1;0;0;0;0;1;0;1;0;0;0;29.0966666666667
1;0;1;0;0;0;0;1;1;0;1;1;0;1;1;1;1;0;0;0;0;1;0;1;0;0;0;1;0;0;0;0;1;1;0;0;1;0;0;29.5033333333333
1;0;1;1;0;1;0;1;1;1;0;1;0;1;1;1;0;0;0;0;1;1;0;0;0;1;0;1;0;1;0;0;0;1;0;0;0;1;0;29.1533333333333
1;0;1;0;0;0;0;1;1;0;1;1;0;1;1;1;0;0;0;0;1;1;0;0;0;1;0;1;0;1;0;0;0;1;0;0;1;0;0;28.94
1;0;1;1;1;0;0;1;1;1;0;1;0;1;1;1;0;0;0;1;0;1;0;0;0;1;0;1;0;0;0;1;0;1;0;0;1;0;0;30.6166666666667
1;1;0;1;1;0;1;1;1;1;0;1;1;0;1;1;0;0;0;1;0;1;0;1;0;0;0;1;0;0;0;1;0;1;0;0;1;0;0;30.9033333333333
1;1;0;0;0;0;0;1;1;1;0;1;0;1;0;1;0;0;0;1;0;1;0;0;0;0;1;1;0;0;0;1;0;1;0;0;1;0;0;28.46
1;1;0;0;0;0;0;1;1;1;0;1;1;0;0;1;0;0;0;0;1;1;0;1;0;0;0;1;0;1;0;0;0;1;0;0;1;0;0;10.7133333333333
1;0;1;0;0;0;0;1;1;1;0;1;0;1;0;1;0;0;0;0;1;1;1;0;0;0;0;1;0;1;0;0;0;1;0;0;1;0;0;29.5633333333333
1;0;1;1;1;0;0;1;1;0;1;1;0;1;1;1;0;0;0;0;1;1;0;0;1;0;0;1;1;0;0;0;0;1;1;0;0;0;0;30.8233333333333
1;0;1;1;1;0;1;1;1;0;1;1;0;1;1;1;0;0;0;1;0;1;0;1;0;0;0;1;0;0;0;1;0;1;1;0;0;0;0;30.7766666666667
1;1;0;1;1;0;1;1;1;0;1;1;1;0;0;1;0;0;0;0;1;1;1;0;0;0;0;1;1;0;0;0;0;1;0;1;0;0;0;31.0366666666667
1;0;1;0;0;0;1;1;1;1;0;1;0;1;1;1;0;0;0;0;1;1;0;0;1;0;0;1;0;1;0;0;0;1;0;0;0;1;0;29.9766666666667
1;0;1;0;0;0;0;1;1;1;0;1;1;0;1;1;0;0;0;0;1;1;0;0;0;1;0;1;0;1;0;0;0;1;0;0;0;1;0;6.66666666666667
1;0;1;1;1;0;1;1;1;0;1;1;0;1;0;1;0;0;0;1;0;1;0;1;0;0;0;1;0;0;0;1;0;1;1;0;0;0;0;30.8933333333333
1;0;1;0;0;0;1;1;1;1;0;1;1;0;0;1;0;0;0;1;0;1;0;1;0;0;0;1;0;0;0;1;0;1;0;1;0;0;0;26.4833333333333
1;1;0;1;1;0;1;1;1;1;0;1;1;0;0;1;0;0;0;1;0;1;0;1;0;0;0;1;0;0;0;1;0;1;1;0;0;0;0;30.8233333333333
1;1;0;1;0;1;1;1;1;0;1;1;0;1;1;1;0;0;0;0;1;1;1;0;0;0;0;1;1;0;0;0;0;1;1;0;0;0;0;28.45
1;0;1;0;0;0;0;1;1;1;0;1;1;0;1;1;0;0;0;0;1;1;0;1;0;0;0;1;0;1;0;0;0;1;0;1;0;0;0;5.76333333333333
1;0;1;1;1;0;0;1;1;0;1;1;0;1;1;1;0;0;0;1;0;1;0;1;0;0;0;1;0;0;0;1;0;1;0;0;0;0;1;30.5533333333333
1;1;0;1;1;0;0;1;1;0;1;1;1;0;0;1;1;0;0;0;0;1;1;0;0;0;0;1;1;0;0;0;0;1;0;0;1;0;0;30.9033333333333
1;1;0;0;0;0;1;1;1;1;0;1;0;1;0;1;0;0;0;1;0;1;0;1;0;0;0;1;0;0;0;1;0;1;0;1;0;0;0;28.7566666666667
1;0;1;1;1;0;1;1;1;1;0;1;0;1;1;1;0;0;0;0;1;1;0;0;1;0;0;1;0;1;0;0;0;1;0;0;0;1;0;30.7033333333333
1;0;1;0;0;0;1;1;1;0;1;1;0;1;0;1;0;0;0;1;0;1;0;1;0;0;0;1;0;0;0;1;0;1;0;1;0;0;0;29.7333333333333
1;0;1;1;0;1;1;1;1;0;1;1;0;1;1;1;0;0;0;1;0;1;0;1;0;0;0;1;0;0;0;1;0;1;0;0;0;1;0;28.6
1;1;0;1;1;0;1;1;1;0;1;1;0;1;1;1;0;0;0;1;0;1;0;1;0;0;0;1;0;0;0;1;0;1;0;1;0;0;0;30.99
1;1;0;0;0;0;0;1;1;0;1;1;1;0;1;1;0;0;0;0;1;1;0;0;1;0;0;1;1;0;0;0;0;1;0;1;0;0;0;29.17
1;0;1;0;0;0;1;1;1;0;1;1;0;1;1;1;0;0;0;0;1;1;1;0;0;0;0;1;0;1;0;0;0;1;0;0;1;0;0;29.1766666666667
1;0;1;1;1;0;0;1;1;0;1;1;0;1;0;1;0;0;0;1;0;1;1;0;0;0;0;1;0;0;0;1;0;1;0;0;1;0;0;30.7366666666667
1;0;1;0;0;0;0;1;1;1;0;1;1;0;0;1;0;0;0;0;1;1;0;0;0;1;0;1;1;0;0;0;0;1;0;1;0;0;0;5.59
1;0;1;1;1;0;1;1;1;1;0;1;1;0;1;1;0;0;0;1;0;1;0;1;0;0;0;1;0;0;0;1;0;1;0;0;0;1;0;28.12
1;1;0;1;1;0;1;1;1;1;0;1;1;0;1;1;0;0;0;0;1;1;0;0;0;1;0;1;0;1;0;0;0;1;0;0;0;1;0;31.1166666666667
1;1;0;1;1;0;1;1;1;1;0;1;0;1;1;1;0;0;0;0;1;1;1;0;0;0;0;1;1;0;0;0;0;1;1;0;0;0;0;30.9066666666667
1;0;1;0;0;0;1;1;1;1;0;1;1;0;1;1;0;0;0;0;1;1;1;0;0;0;0;1;0;1;0;0;0;1;0;0;1;0;0;25.32
1;0;1;0;0;0;1;1;1;1;0;1;0;1;0;1;0;0;0;1;0;1;0;1;0;0;0;1;0;0;0;1;0;1;0;0;1;0;0;29.18
1;0;1;1;0;1;0;1;1;1;0;1;0;1;0;1;0;0;0;0;1;1;1;0;0;0;0;1;1;0;0;0;0;1;1;0;0;0;0;28.6366666666667
1;0;1;1;1;0;1;1;1;1;0;1;1;0;0;1;0;0;0;1;0;1;0;1;0;0;0;1;0;0;0;1;0;1;0;0;0;1;0;28.35
1;0;1;1;0;1;0;1;1;1;0;1;1;0;0;1;0;0;0;0;1;1;0;0;1;0;0;1;0;1;0;0;0;1;0;0;0;1;0;6.57333333333333
1;0;1;1;1;0;1;1;1;0;1;1;0;1;0;1;0;0;0;0;1;1;0;0;0;1;0;1;0;1;0;0;0;1;0;0;1;0;0;30.7766666666667
1;1;0;1;1;0;0;1;1;0;1;1;1;0;1;1;0;0;0;0;1;1;1;0;0;0;0;1;1;0;0;0;0;1;1;0;0;0;0;30.4866666666667
1;1;0;0;0;0;1;1;1;1;0;1;1;0;0;1;0;0;0;0;1;1;0;0;1;0;0;1;0;1;0;0;0;1;0;0;0;0;1;29.16
1;0;1;1;0;1;1;1;1;1;0;1;1;0;1;1;0;0;0;0;1;1;1;0;0;0;0;1;1;0;0;0;0;1;1;0;0;0;0;25.1633333333333
1;1;0;0;0;0;0;1;1;1;0;1;0;1;1;1;0;0;0;0;1;1;0;0;0;1;0;1;0;1;0;0;0;1;0;1;0;0;0;29.1433333333333
1;1;0;0;0;0;0;1;1;0;1;1;1;0;0;1;0;0;0;1;0;1;1;0;0;0;0;1;0;0;0;1;0;1;0;0;1;0;0;29.0666666666667
1;0;1;0;0;0;1;1;1;1;0;1;1;0;1;1;0;0;0;0;1;1;0;0;0;1;0;1;0;1;0;0;0;1;0;0;1;0;0;26.66
1;1;0;1;1;0;1;1;1;1;0;1;1;0;0;1;0;0;0;0;1;1;1;0;0;0;0;1;0;1;0;0;0;1;0;0;1;0;0;30.8033333333333
1;1;0;0;0;0;0;1;1;1;0;1;1;0;1;1;0;0;0;0;1;1;0;0;0;1;0;1;0;0;0;0;1;1;0;0;1;0;0;10.6833333333333
1;1;0;1;0;1;0;1;1;1;0;1;1;0;0;1;0;0;0;0;1;1;0;0;0;1;0;1;0;1;0;0;0;1;0;0;0;1;0;12.5866666666667
1;0;1;1;1;0;1;1;1;1;0;1;0;1;0;1;0;0;0;0;1;1;0;0;1;0;0;1;1;0;0;0;0;1;1;0;0;0;0;30.83
1;1;0;1;1;0;1;1;1;0;1;1;1;0;1;1;0;0;0;1;0;1;0;1;0;0;0;1;0;0;0;1;0;1;0;1;0;0;0;30.71
1;0;1;0;0;0;0;1;1;0;1;1;1;0;1;1;0;1;0;0;0;1;0;1;0;0;0;1;1;0;0;0;0;1;0;0;1;0;0;28.9233333333333
1;1;0;1;1;0;1;1;1;1;0;1;0;1;0;1;0;0;0;0;1;1;1;0;0;0;0;1;0;1;0;0;0;1;0;0;0;0;1;30.96
1;1;0;1;0;1;1;1;1;0;1;1;0;1;0;1;0;0;0;0;1;1;0;0;0;1;0;1;0;1;0;0;0;1;0;0;0;1;0;29.7466666666667
1;1;0;0;0;0;0;1;1;0;1;1;0;1;0;1;0;0;0;0;1;1;1;0;0;0;0;1;1;0;0;0;0;1;0;1;0;0;0;28.6
1;1;0;0;0;0;1;1;1;1;0;1;1;0;1;1;0;0;0;1;0;1;0;1;0;0;0;1;0;0;0;1;0;1;0;0;0;1;0;29.1233333333333
1;1;0;1;1;0;0;1;1;1;0;1;0;1;1;1;0;0;0;1;0;1;0;1;0;0;0;1;0;0;0;1;0;1;0;0;0;0;1;30.5733333333333
1;1;0;1;1;0;0;1;1;1;0;1;1;0;0;1;0;0;0;0;1;1;1;0;0;0;0;1;0;1;0;0;0;1;0;0;1;0;0;14.41
1;0;1;0;0;0;1;1;1;1;0;1;1;0;1;1;0;0;0;1;0;1;0;1;0;0;0;1;0;0;0;1;0;1;1;0;0;0;0;25.36
1;1;0;0;0;0;0;1;1;0;1;1;1;0;0;1;0;0;0;1;0;1;0;0;0;0;1;1;0;0;0;1;0;1;1;0;0;0;0;28.6466666666667
1;0;1;0;0;0;0;1;1;1;0;1;1;0;0;1;0;0;0;0;1;1;1;0;0;0;0;1;0;1;0;0;0;1;0;1;0;0;0;5.62
1;1;0;0;0;0;0;1;1;0;1;1;0;1;1;1;0;0;0;0;1;1;1;0;0;0;0;1;1;0;0;0;0;1;0;0;1;0;0;29.01
1;1;0;1;1;0;1;1;1;1;0;1;1;0;1;1;0;0;0;0;1;1;0;0;1;0;0;1;0;1;0;0;0;1;0;0;0;1;0;30.85
1;0;1;1;1;0;0;1;1;0;1;1;1;0;1;1;0;0;0;0;1;1;1;0;0;0;0;1;0;0;0;0;1;1;0;0;1;0;0;30.84
1;0;1;0;0;0;0;1;1;0;1;1;1;0;0;1;0;0;0;0;1;1;0;0;0;0;1;1;0;0;0;0;1;1;0;0;1;0;0;29.0866666666667
1;0;1;1;0;1;1;1;1;0;1;1;0;1;0;1;0;0;0;0;1;1;0;0;1;0;0;1;1;0;0;0;0;1;1;0;0;0;0;29.2033333333333
1;0;1;0;0;0;0;1;1;0;1;1;0;1;1;1;0;0;0;0;1;1;0;0;0;1;0;1;1;0;0;0;0;1;1;0;0;0;0;29.7533333333333
1;1;0;0;0;0;0;1;1;0;1;1;0;1;1;1;1;0;0;0;0;1;1;0;0;0;0;1;0;0;0;0;1;1;0;0;1;0;0;28.33
1;0;1;1;1;0;0;1;1;0;1;1;1;0;0;1;0;0;0;1;0;1;0;0;0;1;0;1;0;0;0;1;0;1;0;0;1;0;0;31.01
1;0;1;1;0;1;0;1;1;1;0;1;0;1;0;1;0;0;0;0;1;1;1;0;0;0;0;1;1;0;0;0;0;1;0;1;0;0;0;28.1866666666667
1;1;0;0;0;0;1;1;1;0;1;1;0;1;1;1;0;0;0;0;1;1;1;0;0;0;0;1;0;1;0;0;0;1;0;0;0;1;0;28.4033333333333
1;1;0;1;1;0;1;1;1;0;1;1;0;1;0;1;0;0;0;0;1;1;0;0;1;0;0;1;0;1;0;0;0;1;0;0;0;0;1;30.9566666666667
1;0;1;1;1;0;0;1;1;1;0;1;1;0;0;1;0;0;0;1;0;1;0;1;0;0;0;1;0;0;0;1;0;1;1;0;0;0;0;9.10333333333333
1;0;1;1;0;1;0;1;1;0;1;1;1;0;1;1;0;0;0;1;0;1;0;1;0;0;0;1;0;0;0;1;0;1;0;1;0;0;0;29.0666666666667
1;0;1;0;0;0;1;1;1;1;0;1;0;1;1;1;0;0;0;0;1;1;0;0;1;0;0;1;1;0;0;0;0;1;1;0;0;0;0;29.12
1;1;0;0;0;0;0;1;1;1;0;1;1;0;0;1;0;0;0;0;1;1;0;0;0;1;0;1;0;1;0;0;0;1;0;0;0;1;0;12.5633333333333
1;1;0;0;0;0;0;1;1;1;0;1;1;0;0;1;0;0;0;0;1;1;0;0;1;0;0;1;1;0;0;0;0;1;0;1;0;0;0;11.38
1;1;0;1;0;1;1;1;1;0;1;1;0;1;1;1;0;0;0;0;1;1;0;0;0;1;0;1;1;0;0;0;0;1;1;0;0;0;0;29.1166666666667
1;0;1;0;0;0;0;1;1;0;1;1;0;1;0;1;1;0;0;0;0;1;1;0;0;0;0;1;1;0;0;0;0;1;0;0;1;0;0;28.6
1;0;1;1;1;0;0;1;1;0;1;1;0;1;1;1;0;0;0;1;0;1;0;1;0;0;0;1;0;0;0;1;0;1;0;1;0;0;0;30.81
1;1;0;0;0;0;0;1;1;1;0;1;0;1;1;1;0;0;0;0;1;1;0;0;1;0;0;1;1;0;0;0;0;1;0;1;0;0;0;28.5633333333333
1;0;1;0;0;0;1;1;1;0;1;1;0;1;0;1;0;0;0;0;1;1;0;1;0;0;0;1;1;0;0;0;0;1;0;0;1;0;0;29.1266666666667
1;0;1;0;0;0;0;1;1;0;1;1;0;1;0;1;0;0;0;1;0;1;0;1;0;0;0;1;0;0;0;1;0;1;0;0;1;0;0;28.5233333333333
1;1;0;1;0;1;0;1;1;0;1;1;0;1;0;1;0;0;0;0;1;1;0;0;0;1;0;1;0;1;0;0;0;1;0;0;0;1;0;28.4666666666667
1;1;0;0;0;0;0;1;1;0;1;1;1;0;0;1;1;0;0;0;0;1;0;1;0;0;0;1;1;0;0;0;0;1;0;0;1;0;0;29.16
1;0;1;1;0;1;0;1;1;1;0;1;1;0;1;1;0;0;0;0;1;1;1;0;0;0;0;1;1;0;0;0;0;1;1;0;0;0;0;18.5766666666667
1;1;0;0;0;0;1;1;1;1;0;1;0;1;1;1;0;0;0;0;1;1;1;0;0;0;0;1;0;1;0;0;0;1;0;0;0;1;0;29.22
1;1;0;0;0;0;1;1;1;0;1;1;1;0;0;1;0;0;0;1;0;1;0;1;0;0;0;1;0;0;0;1;0;1;0;0;0;1;0;28.8033333333333
1;1;0;0;0;0;0;1;1;0;1;1;1;0;0;1;1;0;0;0;0;1;1;0;0;0;0;1;0;0;0;0;1;1;0;0;1;0;0;29.2633333333333
1;1;0;1;0;1;1;1;1;0;1;1;1;0;0;1;0;0;0;0;1;1;1;0;0;0;0;1;1;0;0;0;0;1;1;0;0;0;0;29.1833333333333
1;1;0;0;0;0;0;1;1;0;1;1;0;1;1;1;0;0;0;0;1;1;1;0;0;0;0;1;0;1;0;0;0;1;0;1;0;0;0;29.0466666666667
1;0;1;1;0;1;0;1;1;1;0;1;1;0;1;1;0;0;0;1;0;1;0;1;0;0;0;1;0;0;0;1;0;1;0;1;0;0;0;5.86666666666667
1;1;0;0;0;0;1;1;1;0;1;1;0;1;1;1;0;0;0;0;1;1;1;0;0;0;0;1;0;1;0;0;0;1;0;0;0;0;1;28.61
1;0;1;0;0;0;1;1;1;1;0;1;0;1;1;1;0;0;0;0;1;1;0;0;0;1;0;1;0;1;0;0;0;1;0;0;1;0;0;28.59
1;1;0;0;0;0;0;1;1;1;0;1;1;0;1;1;0;0;0;1;0;1;0;1;0;0;0;1;0;0;0;1;0;1;0;0;0;1;0;12.51
1;0;1;0;0;0;0;1;1;0;1;1;0;1;1;1;0;0;0;1;0;1;0;0;1;0;0;1;0;0;0;1;0;1;0;0;1;0;0;28.77
1;1;0;1;1;0;1;1;1;0;1;1;1;0;1;1;0;0;0;0;1;1;1;0;0;0;0;1;0;1;0;0;0;1;0;0;0;1;0;30.9633333333333
1;0;1;0;0;0;0;1;1;1;0;1;1;0;0;1;0;0;0;0;1;1;0;1;0;0;0;1;0;1;0;0;0;1;0;0;1;0;0;4.36333333333333
1;1;0;1;1;0;0;1;1;0;1;1;1;0;1;1;1;0;0;0;0;1;1;0;0;0;0;1;0;0;0;0;1;1;0;0;1;0;0;31.08
1;1;0;0;0;0;0;1;1;1;0;1;1;0;1;1;0;0;0;0;1;1;0;1;0;0;0;1;0;1;0;0;0;1;0;1;0;0;0;11.4133333333333
1;1;0;0;0;0;0;1;1;0;1;1;0;1;0;1;0;0;1;0;0;1;0;0;1;0;0;1;0;0;0;1;0;1;0;0;1;0;0;28.6
1;1;0;1;0;1;1;1;1;1;0;1;1;0;0;1;0;0;0;0;1;1;1;0;0;0;0;1;1;0;0;0;0;1;0;1;0;0;0;28.5433333333333
1;1;0;1;0;1;1;1;1;0;1;1;1;0;1;1;0;0;0;1;0;1;0;1;0;0;0;1;0;0;0;1;0;1;0;0;0;1;0;28.5766666666667
1;1;0;1;1;0;1;1;1;1;0;1;1;0;1;1;0;0;0;0;1;1;1;0;0;0;0;1;1;0;0;0;0;1;1;0;0;0;0;31.2533333333333
1;1;0;0;0;0;1;1;1;1;0;1;0;1;1;1;0;0;0;0;1;1;1;0;0;0;0;1;1;0;0;0;0;1;1;0;0;0;0;28.59
1;0;1;1;1;0;0;1;1;1;0;1;0;1;0;1;0;0;0;1;0;1;0;1;0;0;0;1;0;0;0;1;0;1;0;0;0;1;0;30.8066666666667
1;0;1;0;0;0;0;1;1;0;1;1;0;1;0;1;0;0;0;0;1;1;0;0;0;1;0;1;0;0;0;0;1;1;0;0;1;0;0;29.59
1;0;1;1;0;1;1;1;1;0;1;1;0;1;1;1;0;0;0;1;0;1;0;1;0;0;0;1;0;0;0;1;0;1;0;1;0;0;0;29.15
1;1;0;1;0;1;0;1;1;1;0;1;1;0;0;1;0;0;0;1;0;1;0;1;0;0;0;1;0;0;0;1;0;1;0;0;0;1;0;12.4666666666667
1;1;0;0;0;0;0;1;1;1;0;1;1;0;1;1;0;0;0;0;1;1;1;0;0;0;0;1;0;1;0;0;0;1;0;0;0;1;0;12.4566666666667
1;0;1;1;1;0;0;1;1;1;0;1;1;0;0;1;0;0;0;1;0;1;0;0;0;1;0;1;0;0;0;1;0;1;0;0;1;0;0;6.07666666666667
1;1;0;0;0;0;0;1;1;1;0;1;1;0;0;1;0;0;0;0;1;1;1;0;0;0;0;1;1;0;0;0;0;1;1;0;0;0;0;11.07
1;1;0;1;1;0;0;1;1;1;0;1;1;0;1;1;0;0;0;0;1;1;1;0;0;0;0;1;1;0;0;0;0;1;0;1;0;0;0;15.3133333333333
1;0;1;1;1;0;0;1;1;0;1;1;1;0;0;1;0;0;0;0;1;1;0;0;0;1;0;1;0;1;0;0;0;1;0;0;0;1;0;30.7
1;0;1;0;0;0;0;1;1;1;0;1;1;0;1;1;0;0;0;1;0;1;0;1;0;0;0;1;0;0;0;1;0;1;0;0;1;0;0;4.37333333333333
1;1;0;1;1;0;1;1;1;0;1;1;0;1;0;1;0;0;0;0;1;1;0;0;1;0;0;1;0;1;0;0;0;1;0;0;1;0;0;30.8833333333333
1;1;0;0;0;0;0;1;1;0;1;1;0;1;1;1;1;0;0;0;0;1;1;0;0;0;0;1;1;0;0;0;0;1;0;0;1;0;0;29.0766666666667
1;1;0;1;0;1;1;1;1;0;1;1;1;0;0;1;0;0;0;0;1;1;0;0;0;1;0;1;0;1;0;0;0;1;0;0;0;0;1;29.1566666666667
1;0;1;1;1;0;1;1;1;1;0;1;1;0;0;1;0;0;0;0;1;1;0;0;1;0;0;1;1;0;0;0;0;1;1;0;0;0;0;28.36
1;0;1;1;1;0;0;1;1;0;1;1;1;0;0;1;1;0;0;0;0;1;0;0;1;0;0;1;0;0;0;0;1;1;0;0;1;0;0;31.01
1;0;1;0;0;0;0;1;1;0;1;1;1;0;0;1;0;0;0;0;1;1;0;0;0;0;1;1;1;0;0;0;0;1;0;0;1;0;0;29.22
1;1;0;0;0;0;0;1;1;1;0;1;0;1;1;1;0;0;0;0;1;1;0;1;0;0;0;1;0;0;0;0;1;1;0;0;1;0;0;29.12
1;0;1;0;0;0;0;1;1;0;1;1;1;0;1;1;0;0;0;0;1;1;0;0;1;0;0;1;0;1;0;0;0;1;0;1;0;0;0;29.09
1;1;0;0;0;0;0;1;1;0;1;1;1;0;1;1;0;0;0;0;1;1;1;0;0;0;0;1;0;1;0;0;0;1;1;0;0;0;0;29.0833333333333
1;1;0;1;1;0;0;1;1;1;0;1;1;0;0;1;0;0;0;1;0;1;0;0;0;1;0;1;0;0;0;1;0;1;0;0;1;0;0;14.4333333333333
1;0;1;1;1;0;1;1;1;0;1;1;0;1;1;1;0;0;0;0;1;1;1;0;0;0;0;1;1;0;0;0;0;1;0;1;0;0;0;30.7766666666667
1;1;0;0;0;0;0;1;1;0;1;1;1;0;1;1;0;0;0;1;0;1;0;0;0;0;1;1;0;0;0;1;0;1;1;0;0;0;0;28.3233333333333
1;1;0;1;1;0;1;1;1;0;1;1;0;1;0;1;0;0;0;0;1;1;1;0;0;0;0;1;1;0;0;0;0;1;0;1;0;0;0;30.82
1;1;0;0;0;0;0;1;1;0;1;1;0;1;0;1;0;0;0;0;1;1;0;0;0;0;1;1;1;0;0;0;0;1;0;0;1;0;0;29.1866666666667
1;0;1;0;0;0;0;1;1;0;1;1;1;0;1;1;0;0;0;1;0;1;0;1;0;0;0;1;0;0;0;1;0;1;0;0;0;1;0;29.6433333333333
1;0;1;1;0;1;1;1;1;1;0;1;1;0;1;1;0;0;0;0;1;1;0;0;1;0;0;1;0;1;0;0;0;1;0;0;1;0;0;23.9433333333333
1;0;1;1;0;1;1;1;1;0;1;1;1;0;1;1;0;0;0;1;0;1;0;1;0;0;0;1;0;0;0;1;0;1;0;0;1;0;0;28.9366666666667
1;0;1;1;1;0;0;1;1;1;0;1;1;0;0;1;0;0;0;1;0;1;1;0;0;0;0;1;0;0;0;1;0;1;0;0;1;0;0;6.05
1;1;0;1;0;1;0;1;1;1;0;1;1;0;1;1;0;0;0;1;0;1;0;1;0;0;0;1;0;0;0;1;0;1;0;0;0;1;0;12.4266666666667
1;0;1;0;0;0;0;1;1;0;1;1;0;1;0;1;1;0;0;0;0;1;0;0;0;0;1;1;0;0;0;0;1;1;0;0;1;0;0;28.6
1;1;0;0;0;0;0;1;1;1;0;1;0;1;0;1;1;0;0;0;0;1;0;0;0;0;1;1;0;0;0;0;1;1;0;0;1;0;0;28.7133333333333
1;1;0;1;1;0;1;1;1;1;0;1;0;1;1;1;0;0;0;1;0;1;0;1;0;0;0;1;0;0;0;1;0;1;0;0;1;0;0;30.81
1;0;1;1;1;0;0;1;1;0;1;1;1;0;0;1;0;0;0;0;1;1;0;0;0;1;0;1;0;1;0;0;0;1;0;0;1;0;0;30.5933333333333
1;0;1;0;0;0;1;1;1;1;0;1;0;1;0;1;0;0;0;0;1;1;0;0;0;1;0;1;0;1;0;0;0;1;0;0;1;0;0;28.6033333333333
1;1;0;0;0;0;0;1;1;1;0;1;0;1;1;1;0;0;0;0;1;1;0;0;0;1;0;1;1;0;0;0;0;1;0;1;0;0;0;29.1366666666667
1;0;1;0;0;0;0;1;1;1;0;1;0;1;0;1;0;0;0;1;0;1;0;1;0;0;0;1;0;0;0;1;0;1;1;0;0;0;0;28.5733333333333
1;1;0;1;1;0;0;1;1;0;1;1;1;0;0;1;0;0;0;1;0;1;0;0;0;0;1;1;0;0;0;1;0;1;0;0;1;0;0;30.71
1;1;0;1;1;0;0;1;1;1;0;1;0;1;1;1;0;0;0;0;1;1;0;0;1;0;0;1;0;1;0;0;0;1;0;0;1;0;0;30.9366666666667
1;1;0;1;1;0;0;1;1;0;1;1;0;1;1;1;0;0;0;0;1;1;0;0;0;1;0;1;0;1;0;0;0;1;0;0;0;1;0;30.6833333333333
1;1;0;0;0;0;0;1;1;0;1;1;0;1;1;1;0;0;0;0;1;1;0;0;0;1;0;1;1;0;0;0;0;1;0;1;0;0;0;28.4933333333333
1;1;0;0;0;0;1;1;1;0;1;1;0;1;1;1;0;0;0;0;1;1;0;0;1;0;0;1;1;0;0;0;0;1;0;0;1;0;0;28.87
1;0;1;0;0;0;1;1;1;0;1;1;1;0;0;1;0;0;0;0;1;1;0;0;1;0;0;1;0;1;0;0;0;1;0;0;0;1;0;28.6066666666667
1;1;0;0;0;0;0;1;1;0;1;1;0;1;1;1;0;0;0;0;1;1;0;0;0;1;0;1;0;1;0;0;0;1;0;1;0;0;0;28.7666666666667
1;1;0;0;0;0;1;1;1;0;1;1;0;1;0;1;0;0;0;0;1;1;0;1;0;0;0;1;0;1;0;0;0;1;0;0;1;0;0;28.32
1;0;1;1;1;0;0;1;1;0;1;1;1;0;1;1;0;0;0;0;1;1;0;0;0;1;0;1;1;0;0;0;0;1;1;0;0;0;0;30.85
1;1;0;1;1;0;1;1;1;0;1;1;1;0;1;1;0;0;0;0;1;1;1;0;0;0;0;1;1;0;0;0;0;1;0;1;0;0;0;31.0733333333333
1;1;0;1;1;0;1;1;1;0;1;1;0;1;1;1;0;0;0;1;0;1;0;1;0;0;0;1;0;0;0;1;0;1;1;0;0;0;0;30.83
1;1;0;0;0;0;0;1;1;1;0;1;0;1;1;1;0;0;0;1;0;1;0;0;1;0;0;1;0;0;0;1;0;1;0;0;1;0;0;29.1733333333333
1;0;1;0;0;0;0;1;1;0;1;1;0;1;1;1;0;0;0;0;1;1;0;0;1;0;0;1;0;1;0;0;0;1;0;0;1;0;0;28.5133333333333
1;1;0;0;0;0;0;1;1;0;1;1;0;1;0;1;0;0;0;0;1;1;0;0;1;0;0;1;1;0;0;0;0;1;0;0;1;0;0;28.6133333333333
1;1;0;1;1;0;1;1;1;1;0;1;1;0;0;1;0;0;0;1;0;1;0;1;0;0;0;1;0;0;0;1;0;1;0;0;1;0;0;31.08
1;1;0;1;0;1;1;1;1;1;0;1;1;0;1;1;0;0;0;0;1;1;0;0;0;1;0;1;0;1;0;0;0;1;0;0;1;0;0;29.2033333333333
1;0;1;1;1;0;1;1;1;0;1;1;1;0;1;1;0;0;0;0;1;1;0;0;1;0;0;1;1;0;0;0;0;1;1;0;0;0;0;31.03
1;0;1;1;1;0;0;1;1;0;1;1;0;1;1;1;0;0;0;0;1;1;0;0;1;0;0;1;0;1;0;0;0;1;0;0;1;0;0;30.73
1;0;1;0;0;0;0;1;1;0;1;1;1;0;0;1;1;0;0;0;0;1;1;0;0;0;0;1;0;0;0;0;1;1;0;0;1;0;0;29.1066666666667
1;1;0;1;0;1;0;1;1;1;0;1;0;1;1;1;0;0;0;1;0;1;0;1;0;0;0;1;0;0;0;1;0;1;0;0;0;1;0;29.7433333333333
1;0;1;1;1;0;1;1;1;1;0;1;1;0;1;1;0;0;0;0;1;1;1;0;0;0;0;1;1;0;0;0;0;1;1;0;0;0;0;28.4066666666667
1;1;0;0;0;0;0;1;1;0;1;1;0;1;0;1;0;0;0;0;1;1;0;0;0;1;0;1;0;1;0;0;0;1;1;0;0;0;0;28.32
1;0;1;1;0;1;0;1;1;1;0;1;0;1;1;1;0;0;0;1;0;1;0;1;0;0;0;1;0;0;0;1;0;1;1;0;0;0;0;29.1566666666667
1;1;0;1;1;0;0;1;1;0;1;1;1;0;0;1;0;0;0;0;1;1;0;0;1;0;0;1;0;1;0;0;0;1;0;0;0;1;0;30.83
1;0;1;0;0;0;0;1;1;0;1;1;0;1;0;1;0;0;0;1;0;1;0;1;0;0;0;1;0;0;0;1;0;1;0;0;0;1;0;28.5
1;1;0;0;0;0;0;1;1;0;1;1;0;1;1;1;0;0;0;0;1;1;0;0;1;0;0;1;0;1;0;0;0;1;0;1;0;0;0;28.5266666666667
1;0;1;1;0;1;0;1;1;0;1;1;1;0;0;1;0;0;0;1;0;1;0;1;0;0;0;1;0;0;0;1;0;1;0;0;1;0;0;29.1933333333333
1;1;0;1;1;0;0;1;1;0;1;1;1;0;1;1;0;0;0;1;0;1;0;0;0;0;1;1;0;0;0;1;0;1;0;0;1;0;0;31.02
1;0;1;1;1;0;1;1;1;0;1;1;0;1;1;1;0;0;0;0;1;1;0;0;1;0;0;1;0;1;0;0;0;1;0;0;1;0;0;30.7066666666667
1;1;0;0;0;0;0;1;1;1;0;1;1;0;1;1;0;0;0;1;0;1;0;1;0;0;0;1;0;0;0;1;0;1;0;1;0;0;0;11.4733333333333
1;1;0;1;1;0;1;1;1;1;0;1;0;1;1;1;0;0;0;0;1;1;0;0;1;0;0;1;0;1;0;0;0;1;0;0;0;0;1;30.4233333333333
1;0;1;0;0;0;1;1;1;1;0;1;1;0;1;1;0;0;0;1;0;1;0;1;0;0;0;1;0;1;0;0;0;1;0;0;1;0;0;24.1133333333333
1;0;1;0;0;0;0;1;1;1;0;1;1;0;1;1;0;0;0;0;1;1;1;0;0;0;0;1;0;0;0;0;1;1;0;0;1;0;0;4.49
1;0;1;0;0;0;0;1;1;1;0;1;1;0;1;1;0;0;0;0;1;1;0;0;0;1;0;1;0;1;0;0;0;1;0;1;0;0;0;5.9
1;0;1;0;0;0;0;1;1;1;0;1;1;0;1;1;0;0;0;0;1;1;0;0;1;0;0;1;0;1;0;0;0;1;1;0;0;0;0;18.47
1;0;1;0;0;0;0;1;1;0;1;1;1;0;0;1;0;0;0;0;1;1;0;0;0;1;0;1;0;1;0;0;0;1;0;0;1;0;0;30.8266666666667
1;1;0;1;0;1;1;1;1;1;0;1;0;1;0;1;0;0;0;1;0;1;0;1;0;0;0;1;0;0;0;1;0;1;0;0;0;1;0;28.6466666666667
1;0;1;1;1;0;0;1;1;0;1;1;1;0;1;1;0;0;0;1;0;1;1;0;0;0;0;1;0;0;0;1;0;1;0;0;1;0;0;30.7733333333333
1;1;0;1;0;1;0;1;1;1;0;1;1;0;1;1;0;0;0;0;1;1;0;0;1;0;0;1;0;1;0;0;0;1;0;0;0;1;0;12.48
1;0;1;0;0;0;0;1;1;1;0;1;1;0;1;1;1;0;0;0;0;1;0;0;0;0;1;1;1;0;0;0;0;1;0;0;1;0;0;4.54
1;1;0;0;0;0;0;1;1;1;0;1;0;1;0;1;0;0;0;0;1;1;1;0;0;0;0;1;1;0;0;0;0;1;0;0;1;0;0;29.4833333333333
1;0;1;0;0;0;1;1;1;0;1;1;0;1;0;1;0;0;0;0;1;1;0;0;0;1;0;1;0;1;0;0;0;1;0;0;0;1;0;29.1866666666667
1;0;1;1;1;0;0;1;1;1;0;1;1;0;1;1;0;0;0;0;1;1;0;0;0;1;0;1;1;0;0;0;0;1;1;0;0;0;0;9.06666666666667
1;0;1;0;0;0;0;1;1;0;1;1;0;1;1;1;0;0;0;0;1;1;0;0;1;0;0;1;0;1;0;0;0;1;1;0;0;0;0;28.8766666666667
1;0;1;1;0;1;1;1;1;1;0;1;0;1;0;1;0;0;0;0;1;1;1;0;0;0;0;1;1;0;0;0;0;1;1;0;0;0;0;28.5433333333333
1;1;0;1;1;0;0;1;1;0;1;1;1;0;0;1;0;0;0;0;1;1;1;0;0;0;0;1;1;0;0;0;0;1;0;0;0;0;1;30.3033333333333
1;1;0;1;0;1;1;1;1;1;0;1;0;1;1;1;0;0;0;0;1;1;0;0;0;1;0;1;0;1;0;0;0;1;0;0;0;0;1;29.73
1;0;1;0;0;0;0;1;1;0;1;1;0;1;0;1;0;0;0;0;1;1;0;0;0;1;0;1;0;1;0;0;0;1;0;0;1;0;0;28.64
1;0;1;0;0;0;0;1;1;1;0;1;1;0;1;1;0;0;0;0;1;1;0;0;0;0;1;1;0;0;0;0;1;1;0;0;1;0;0;4.46333333333333
1;1;0;1;0;1;1;1;1;0;1;1;0;1;1;1;0;0;0;1;0;1;0;1;0;0;0;1;0;0;0;1;0;1;1;0;0;0;0;29.7
1;0;1;0;0;0;0;1;1;0;1;1;0;1;0;1;0;0;0;0;1;1;1;0;0;0;0;1;1;0;0;0;0;1;0;0;0;0;1;29.12
1;1;0;1;1;0;0;1;1;1;0;1;0;1;1;1;0;0;0;1;0;1;0;0;1;0;0;1;0;0;0;1;0;1;0;0;1;0;0;31.0666666666667
1;0;1;0;0;0;1;1;1;1;0;1;0;1;1;1;0;0;0;1;0;1;0;1;0;0;0;1;0;0;0;1;0;1;0;0;0;1;0;29.2066666666667
1;1;0;0;0;0;0;1;1;0;1;1;0;1;1;1;0;0;0;0;1;1;0;0;0;1;0;1;0;0;0;0;1;1;0;0;1;0;0;28.43
1;1;0;1;1;0;0;1;1;1;0;1;1;0;1;1;0;0;0;1;0;1;0;1;0;0;0;1;0;0;0;1;0;1;0;0;0;0;1;16.06
1;0;1;1;1;0;0;1;1;1;0;1;1;0;1;1;0;0;0;0;1;1;0;0;1;0;0;1;0;1;0;0;0;1;0;0;1;0;0;6.03
1;0;1;1;0;1;0;1;1;1;0;1;1;0;0;1;0;0;0;0;1;1;0;0;1;0;0;1;0;1;0;0;0;1;0;0;1;0;0;4.35333333333333
1;1;0;0;0;0;0;1;1;1;0;1;0;1;0;1;0;0;0;1;0;1;0;1;0;0;0;1;0;0;0;1;0;1;0;0;1;0;0;28.62
1;0;1;1;1;0;0;1;1;0;1;1;0;1;1;1;0;0;0;0;1;1;0;0;1;0;0;1;0;1;0;0;0;1;0;0;0;1;0;30.9666666666667
1;1;0;0;0;0;1;1;1;1;0;1;0;1;0;1;0;0;0;1;0;1;0;1;0;0;0;1;0;0;0;1;0;1;0;0;0;0;1;29.1166666666667
1;1;0;1;1;0;0;1;1;1;0;1;1;0;1;1;0;0;0;1;0;1;0;0;0;1;0;1;0;0;0;1;0;1;0;0;1;0;0;14.4233333333333
1;0;1;0;0;0;0;1;1;0;1;1;1;0;1;1;0;0;0;0;1;1;0;0;0;0;1;1;0;0;0;0;1;1;0;0;1;0;0;29.16
1;0;1;0;0;0;1;1;1;1;0;1;0;1;0;1;0;0;0;0;1;1;1;0;0;0;0;1;1;0;0;0;0;1;1;0;0;0;0;29.1533333333333
1;0;1;1;1;0;1;1;1;0;1;1;1;0;0;1;0;0;0;0;1;1;0;0;1;0;0;1;0;1;0;0;0;1;0;0;1;0;0;31.0333333333333
1;1;0;0;0;0;1;1;1;0;1;1;1;0;1;1;0;0;0;1;0;1;0;1;0;0;0;1;0;0;0;1;0;1;0;1;0;0;0;29.0633333333333
1;1;0;0;0;0;0;1;1;0;1;1;0;1;1;1;0;0;0;1;0;1;1;0;0;0;0;1;0;0;0;1;0;1;0;0;1;0;0;28.6333333333333
1;1;0;1;1;0;0;1;1;0;1;1;1;0;0;1;0;0;0;0;1;1;0;0;0;1;0;1;0;1;0;0;0;1;0;0;1;0;0;30.5533333333333
1;1;0;0;0;0;0;1;1;1;0;1;1;0;1;1;0;0;0;1;0;1;0;1;0;0;0;1;0;0;0;1;0;1;0;0;0;0;1;14.12
1;0;1;0;0;0;0;1;1;1;0;1;0;1;0;1;0;0;0;0;1;1;0;0;0;1;0;1;0;1;0;0;0;1;0;0;0;1;0;28.79
1;0;1;1;0;1;0;1;1;0;1;1;0;1;1;1;0;0;0;0;1;1;0;0;0;1;0;1;0;1;0;0;0;1;0;0;0;1;0;29.17
1;1;0;0;0;0;0;1;1;0;1;1;1;0;1;1;0;0;0;1;0;1;0;0;1;0;0;1;0;0;0;1;0;1;1;0;0;0;0;29.7566666666667
1;0;1;0;0;0;0;1;1;1;0;1;1;0;0;1;0;0;0;0;1;1;1;0;0;0;0;1;1;0;0;0;0;1;0;0;1;0;0;4.44666666666667
1;0;1;0;0;0;0;1;1;0;1;1;0;1;0;1;0;0;0;0;1;1;0;0;1;0;0;1;0;0;0;0;1;1;0;0;1;0;0;28.6733333333333
1;1;0;1;0;1;1;1;1;1;0;1;1;0;0;1;0;0;0;0;1;1;0;0;0;1;0;1;0;1;0;0;0;1;0;0;0;0;1;29.0333333333333
1;0;1;0;0;0;0;1;1;1;0;1;1;0;0;1;0;0;0;0;1;1;0;0;0;1;0;1;1;0;0;0;0;1;1;0;0;0;0;18.5933333333333
1;1;0;0;0;0;0;1;1;1;0;1;1;0;0;1;0;0;0;0;1;1;0;0;1;0;0;1;0;1;0;0;0;1;0;1;0;0;0;11.45
1;1;0;0;0;0;0;1;1;0;1;1;0;1;0;1;1;0;0;0;0;1;0;0;1;0;0;1;1;0;0;0;0;1;0;0;1;0;0;28.9033333333333
1;0;1;1;1;0;1;1;1;1;0;1;1;0;0;1;0;0;0;0;1;1;0;0;0;1;0;1;1;0;0;0;0;1;1;0;0;0;0;28.3733333333333
1;1;0;1;0;1;0;1;1;1;0;1;0;1;0;1;0;0;0;0;1;1;0;0;0;1;0;1;0;1;0;0;0;1;0;0;0;1;0;29.18
1;0;1;0;0;0;0;1;1;0;1;1;0;1;0;1;0;0;0;0;1;1;1;0;0;0;0;1;0;0;0;0;1;1;0;0;1;0;0;28.7166666666667
1;1;0;1;1;0;1;1;1;1;0;1;1;0;0;1;0;0;0;0;1;1;0;0;0;1;0;1;0;1;0;0;0;1;0;0;0;1;0;30.96
1;0;1;1;0;1;1;1;1;1;0;1;0;1;1;1;0;0;0;0;1;1;0;0;0;1;0;1;0;1;0;0;0;1;0;0;1;0;0;28.88
1;1;0;0;0;0;0;1;1;1;0;1;0;1;0;1;0;0;0;0;1;1;0;0;0;1;0;1;0;1;0;0;0;1;1;0;0;0;0;28.4933333333333
1;1;0;0;0;0;1;1;1;0;1;1;1;0;0;1;0;0;0;0;1;1;0;0;0;1;0;1;0;1;0;0;0;1;0;0;0;1;0;28.51
1;1;0;1;1;0;1;1;1;1;0;1;0;1;0;1;0;0;0;1;0;1;0;1;0;0;0;1;0;0;0;1;0;1;1;0;0;0;0;30.7866666666667
1;1;0;0;0;0;0;1;1;0;1;1;0;1;1;1;0;0;0;0;1;1;0;1;0;0;0;1;1;0;0;0;0;1;0;0;1;0;0;29.1033333333333
1;1;0;1;0;1;0;1;1;1;0;1;1;0;0;1;0;0;0;0;1;1;0;0;1;0;0;1;0;1;0;0;0;1;0;0;0;1;0;12.5633333333333
1;0;1;0;0;0;0;1;1;0;1;1;1;0;1;1;0;0;0;0;1;1;0;0;0;1;0;1;0;1;0;0;0;1;1;0;0;0;0;29.2033333333333
1;1;0;1;0;1;0;1;1;0;1;1;1;0;1;1;0;0;0;0;1;1;0;0;0;1;0;1;0;1;0;0;0;1;0;0;0;1;0;28.6033333333333
1;1;0;0;0;0;1;1;1;0;1;1;0;1;0;1;0;0;0;0;1;1;0;0;0;1;0;1;1;0;0;0;0;1;0;0;1;0;0;28.2866666666667
1;0;1;0;0;0;0;1;1;1;0;1;1;0;1;1;0;0;0;0;1;1;0;0;0;1;0;1;1;0;0;0;0;1;0;1;0;0;0;5.63333333333333
1;0;1;1;1;0;0;1;1;1;0;1;0;1;1;1;0;0;0;1;0;1;0;0;0;0;1;1;0;0;0;1;0;1;0;0;1;0;0;30.6266666666667
1;0;1;1;0;1;0;1;1;0;1;1;0;1;0;1;0;0;0;1;0;1;0;1;0;0;0;1;0;0;0;1;0;1;0;1;0;0;0;29.13
1;1;0;0;0;0;1;1;1;1;0;1;1;0;0;1;0;0;0;0;1;1;1;0;0;0;0;1;0;1;0;0;0;1;0;0;0;1;0;28.61
1;1;0;1;1;0;0;1;1;1;0;1;0;1;1;1;0;0;0;0;1;1;1;0;0;0;0;1;1;0;0;0;0;1;0;1;0;0;0;30.7366666666667
1;1;0;1;1;0;1;1;1;1;0;1;1;0;0;1;0;0;0;0;1;1;0;0;1;0;0;1;0;1;0;0;0;1;0;0;0;0;1;31.0666666666667
1;0;1;1;1;0;0;1;1;1;0;1;1;0;0;1;0;0;0;1;0;1;0;0;0;0;1;1;0;0;0;1;0;1;0;0;1;0;0;6.06
1;1;0;0;0;0;0;1;1;0;1;1;1;0;0;1;0;0;0;0;1;1;0;1;0;0;0;1;0;1;0;0;0;1;0;0;1;0;0;28.7633333333333
1;1;0;0;0;0;0;1;1;0;1;1;1;0;0;1;0;0;0;0;1;1;0;0;0;0;1;1;1;0;0;0;0;1;0;0;1;0;0;29.05
1;1;0;0;0;0;0;1;1;0;1;1;0;1;1;1;0;0;0;0;1;1;0;0;0;1;0;1;1;0;0;0;0;1;1;0;0;0;0;30.2266666666667
1;1;0;0;0;0;0;1;1;1;0;1;1;0;0;1;1;0;0;0;0;1;0;1;0;0;0;1;1;0;0;0;0;1;0;0;1;0;0;10.63
1;0;1;1;1;0;0;1;1;0;1;1;1;0;0;1;0;0;0;0;1;1;1;0;0;0;0;1;0;0;0;0;1;1;0;0;1;0;0;30.9766666666667
1;0;1;1;1;0;1;1;1;0;1;1;0;1;1;1;0;0;0;1;0;1;0;1;0;0;0;1;0;0;0;1;0;1;0;1;0;0;0;30.6933333333333
1;1;0;1;1;0;1;1;1;0;1;1;1;0;0;1;0;0;0;0;1;1;1;0;0;0;0;1;0;1;0;0;0;1;0;0;0;0;1;30.94
1;1;0;1;1;0;0;1;1;1;0;1;0;1;0;1;0;0;0;1;0;1;1;0;0;0;0;1;0;0;0;1;0;1;0;0;1;0;0;30.9633333333333
1;0;1;0;0;0;1;1;1;0;1;1;1;0;0;1;0;0;0;0;1;1;0;0;1;0;0;1;0;1;0;0;0;1;0;0;1;0;0;29.0866666666667
1;1;0;0;0;0;0;1;1;0;1;1;0;1;1;1;0;0;0;0;1;1;1;0;0;0;0;1;0;1;0;0;0;1;0;0;1;0;0;30.0233333333333
1;0;1;0;0;0;0;1;1;1;0;1;1;0;0;1;0;0;0;0;1;1;0;0;1;0;0;1;1;0;0;0;0;1;1;0;0;0;0;18.6033333333333
1;1;0;1;1;0;1;1;1;0;1;1;1;0;1;1;0;0;0;0;1;1;0;0;1;0;0;1;0;1;0;0;0;1;0;0;0;0;1;30.95
1;1;0;0;0;0;1;1;1;0;1;1;1;0;0;1;0;0;0;1;0;1;0;1;0;0;0;1;0;0;0;1;0;1;0;1;0;0;0;28.5966666666667
1;0;1;0;0;0;0;1;1;1;0;1;0;1;1;1;0;0;0;1;0;1;0;1;0;0;0;1;0;0;0;1;0;1;1;0;0;0;0;29.6066666666667
1;1;0;1;1;0;0;1;1;0;1;1;0;1;1;1;0;0;0;0;1;1;0;0;1;0;0;1;1;0;0;0;0;1;1;0;0;0;0;30.6766666666667
1;1;0;1;0;1;0;1;1;0;1;1;0;1;0;1;0;0;0;0;1;1;0;0;0;1;0;1;1;0;0;0;0;1;1;0;0;0;0;29.7
1;1;0;0;0;0;0;1;1;0;1;1;1;0;0;1;0;0;0;1;0;1;0;1;0;0;0;1;0;0;0;1;0;1;1;0;0;0;0;29.1
1;0;1;0;0;0;0;1;1;0;1;1;0;1;0;1;0;0;0;0;1;1;0;0;1;0;0;1;0;1;0;0;0;1;0;1;0;0;0;29.1133333333333
1;0;1;0;0;0;0;1;1;1;0;1;0;1;1;1;1;0;0;0;0;1;0;0;1;0;0;1;0;0;0;0;1;1;0;0;1;0;0;29.1133333333333
1;0;1;1;1;0;0;1;1;0;1;1;1;0;1;1;0;0;0;1;0;1;0;0;1;0;0;1;0;0;0;1;0;1;0;0;1;0;0;30.9566666666667
1;0;1;0;0;0;0;1;1;1;0;1;0;1;1;1;0;0;0;0;1;1;1;0;0;0;0;1;1;0;0;0;0;1;0;0;1;0;0;29.0333333333333
1;1;0;1;0;1;0;1;1;1;0;1;0;1;0;1;0;0;0;1;0;1;0;1;0;0;0;1;0;0;0;1;0;1;1;0;0;0;0;28.6666666666667
1;1;0;1;1;0;0;1;1;1;0;1;0;1;1;1;0;0;0;0;1;1;0;0;0;1;0;1;0;1;0;0;0;1;0;0;1;0;0;30.38
1;0;1;1;0;1;1;1;1;1;0;1;0;1;0;1;0;0;0;0;1;1;0;0;0;1;0;1;0;1;0;0;0;1;0;0;1;0;0;28.5733333333333
1;1;0;1;0;1;1;1;1;1;0;1;1;0;1;1;0;0;0;1;0;1;0;1;0;0;0;1;0;0;0;1;0;1;1;0;0;0;0;28.5533333333333
1;0;1;1;1;0;0;1;1;1;0;1;0;1;1;1;0;0;0;0;1;1;1;0;0;0;0;1;1;0;0;0;0;1;0;1;0;0;0;30.9333333333333
1;0;1;0;0;0;1;1;1;0;1;1;0;1;0;1;0;0;0;0;1;1;1;0;0;0;0;1;1;0;0;0;0;1;0;1;0;0;0;29.0966666666667
1;1;0;0;0;0;0;1;1;1;0;1;1;0;1;1;0;0;0;0;1;1;0;0;0;1;0;1;0;1;0;0;0;1;0;0;0;1;0;12.58
1;0;1;0;0;0;0;1;1;0;1;1;0;1;0;1;0;0;0;1;0;1;0;1;0;0;0;1;0;0;0;1;0;1;0;1;0;0;0;29.1033333333333
1;1;0;1;0;1;1;1;1;0;1;1;0;1;0;1;0;0;0;1;0;1;0;1;0;0;0;1;0;0;0;1;0;1;0;0;0;1;0;29.62
1;0;1;0;0;0;0;1;1;1;0;1;1;0;0;1;0;0;0;0;1;1;1;0;0;0;0;1;1;0;0;0;0;1;1;0;0;0;0;18.5466666666667
1;1;0;1;0;1;1;1;1;1;0;1;1;0;0;1;0;0;0;1;0;1;0;1;0;0;0;1;0;0;0;1;0;1;0;0;0;1;0;28.64
1;1;0;0;0;0;0;1;1;0;1;1;0;1;0;1;0;0;0;0;1;1;1;0;0;0;0;1;1;0;0;0;0;1;0;0;1;0;0;29.1933333333333
1;1;0;1;1;0;1;1;1;0;1;1;1;0;0;1;0;0;0;1;0;1;0;1;0;0;0;1;0;0;0;1;0;1;0;1;0;0;0;30.7666666666667
1;1;0;0;0;0;1;1;1;0;1;1;1;0;0;1;0;0;0;0;1;1;0;0;1;0;0;1;0;1;0;0;0;1;0;0;0;0;1;28.5066666666667
1;0;1;1;1;0;0;1;1;1;0;1;0;1;0;1;0;0;0;0;1;1;1;0;0;0;0;1;1;0;0;0;0;1;0;1;0;0;0;30.7366666666667
1;0;1;0;0;0;0;1;1;1;0;1;0;1;0;1;1;0;0;0;0;1;0;0;0;0;1;1;0;0;0;0;1;1;0;0;1;0;0;29.1466666666667
1;0;1;0;0;0;0;1;1;0;1;1;0;1;0;1;1;0;0;0;0;1;0;0;0;1;0;1;1;0;0;0;0;1;0;0;1;0;0;28.5366666666667
1;1;0;0;0;0;0;1;1;0;1;1;1;0;1;1;0;0;0;1;0;1;1;0;0;0;0;1;0;0;0;1;0;1;0;0;1;0;0;28.6066666666667
1;1;0;1;1;0;1;1;1;1;0;1;1;0;0;1;0;0;0;1;0;1;0;1;0;0;0;1;0;0;0;1;0;1;0;1;0;0;0;30.6566666666667
1;0;1;0;0;0;0;1;1;0;1;1;1;0;0;1;1;0;0;0;0;1;0;0;0;0;1;1;1;0;0;0;0;1;0;0;1;0;0;28.5333333333333
1;1;0;0;0;0;0;1;1;0;1;1;0;1;0;1;0;0;0;0;1;1;0;0;0;0;1;1;0;0;0;0;1;1;0;0;1;0;0;28.5466666666667
1;1;0;0;0;0;0;1;1;0;1;1;1;0;0;1;1;0;0;0;0;1;0;0;0;1;0;1;1;0;0;0;0;1;0;0;1;0;0;28.5433333333333
1;0;1;0;0;0;0;1;1;0;1;1;0;1;1;1;0;0;0;1;0;1;0;1;0;0;0;1;0;0;0;1;0;1;0;0;0;0;1;29.1333333333333
1;1;0;1;1;0;1;1;1;0;1;1;1;0;0;1;0;0;0;0;1;1;0;0;1;0;0;1;0;1;0;0;0;1;0;0;0;0;1;31.1733333333333
1;1;0;1;0;1;0;1;1;0;1;1;0;1;1;1;0;0;0;0;1;1;0;0;1;0;0;1;0;1;0;0;0;1;0;0;0;1;0;29.0533333333333
1;1;0;1;0;1;1;1;1;0;1;1;1;0;0;1;0;0;0;1;0;1;0;1;0;0;0;1;0;0;0;1;0;1;0;0;0;1;0;28.61
1;1;0;0;0;0;0;1;1;0;1;1;1;0;1;1;0;1;0;0;0;1;0;0;1;0;0;1;0;1;0;0;0;1;0;0;1;0;0;29.1933333333333
1;0;1;0;0;0;0;1;1;0;1;1;1;0;0;1;0;0;0;0;1;1;1;0;0;0;0;1;0;1;0;0;0;1;0;1;0;0;0;29.0833333333333
1;1;0;1;1;0;1;1;1;0;1;1;0;1;0;1;0;0;0;0;1;1;1;0;0;0;0;1;0;1;0;0;0;1;0;0;0;1;0;30.85
1;1;0;0;0;0;0;1;1;0;1;1;1;0;0;1;0;0;0;0;1;1;0;0;0;1;0;1;0;1;0;0;0;1;0;1;0;0;0;28.5133333333333
1;0;1;1;1;0;0;1;1;1;0;1;0;1;0;1;0;0;0;0;1;1;0;0;1;0;0;1;0;1;0;0;0;1;0;0;0;1;0;30.7533333333333
1;0;1;0;0;0;0;1;1;0;1;1;0;1;1;1;0;0;0;1;0;1;0;0;0;0;1;1;0;0;0;1;0;1;0;0;1;0;0;28.9733333333333
1;0;1;0;0;0;0;1;1;1;0;1;0;1;0;1;1;0;0;0;0;1;0;1;0;0;0;1;1;0;0;0;0;1;0;0;1;0;0;28.3966666666667
1;0;1;0;0;0;0;1;1;0;1;1;0;1;0;1;0;0;0;0;1;1;0;0;1;0;0;1;0;1;0;0;0;1;0;0;0;1;0;28.35
1;1;0;0;0;0;0;1;1;0;1;1;1;0;1;1;1;0;0;0;0;1;0;1;0;0;0;1;1;0;0;0;0;1;0;0;1;0;0;28.62
1;0;1;0;0;0;0;1;1;1;0;1;1;0;1;1;0;0;0;0;1;1;0;1;0;0;0;1;1;0;0;0;0;1;0;0;1;0;0;4.49333333333333
1;1;0;0;0;0;0;1;1;1;0;1;0;1;0;1;0;0;0;0;1;1;1;0;0;0;0;1;0;1;0;0;0;1;0;0;1;0;0;29.7233333333333
1;0;1;0;0;0;0;1;1;1;0;1;0;1;0;1;1;0;0;0;0;1;1;0;0;0;0;1;0;0;0;0;1;1;0;0;1;0;0;28.5766666666667
1;1;0;0;0;0;1;1;1;1;0;1;0;1;1;1;0;0;0;1;0;1;0;1;0;0;0;1;0;0;0;1;0;1;1;0;0;0;0;29.0633333333333
1;0;1;1;1;0;0;1;1;0;1;1;0;1;1;1;0;0;0;0;1;1;1;0;0;0;0;1;1;0;0;0;0;1;1;0;0;0;0;30.8
1;0;1;1;1;0;0;1;1;0;1;1;0;1;0;1;0;0;0;0;1;1;1;0;0;0;0;1;1;0;0;0;0;1;0;0;0;0;1;30.74
1;1;0;0;0;0;0;1;1;0;1;1;0;1;0;1;1;0;0;0;0;1;0;0;1;0;0;1;0;0;0;1;0;1;0;0;1;0;0;29.0233333333333
1;1;0;0;0;0;1;1;1;0;1;1;1;0;0;1;0;0;0;0;1;1;1;0;0;0;0;1;0;1;0;0;0;1;0;0;1;0;0;29.08
1;1;0;1;0;1;1;1;1;1;0;1;0;1;1;1;0;0;0;0;1;1;0;0;1;0;0;1;0;1;0;0;0;1;0;0;0;1;0;28.4666666666667
1;1;0;1;1;0;1;1;1;1;0;1;0;1;1;1;0;0;0;1;0;1;0;1;0;0;0;1;0;0;0;1;0;1;0;1;0;0;0;30.7933333333333
1;0;1;1;0;1;1;1;1;1;0;1;1;0;1;1;0;0;0;0;1;1;0;0;0;1;0;1;0;1;0;0;0;1;0;0;0;1;0;23.9366666666667
1;1;0;0;0;0;0;1;1;1;0;1;1;0;1;1;0;0;0;0;1;1;0;0;1;0;0;1;1;0;0;0;0;1;0;1;0;0;0;11.39
1;1;0;0;0;0;1;1;1;1;0;1;1;0;0;1;0;0;0;1;0;1;0;1;0;0;0;1;0;0;0;1;0;1;0;0;0;1;0;29.6366666666667
1;1;0;0;0;0;0;1;1;0;1;1;1;0;1;1;0;0;0;0;1;1;0;0;1;0;0;1;1;0;0;0;0;1;0;0;1;0;0;28.63
1;1;0;1;0;1;1;1;1;0;1;1;1;0;1;1;0;0;0;0;1;1;0;0;1;0;0;1;0;1;0;0;0;1;0;0;1;0;0;29.0766666666667
1;1;0;1;1;0;0;1;1;1;0;1;0;1;1;1;0;0;0;1;0;1;0;1;0;0;0;1;0;0;0;1;0;1;0;0;0;1;0;30.8533333333333
1;0;1;0;0;0;0;1;1;1;0;1;1;0;1;1;0;0;0;0;1;1;1;0;0;0;0;1;0;1;0;0;0;1;1;0;0;0;0;18.6533333333333
1;1;0;0;0;0;0;1;1;1;0;1;0;1;1;1;0;0;0;0;1;1;0;0;1;0;0;1;0;1;0;0;0;1;0;0;0;1;0;29.01
1;0;1;0;0;0;0;1;1;0;1;1;1;0;0;1;0;0;0;0;1;1;1;0;0;0;0;1;1;0;0;0;0;1;1;0;0;0;0;29.1233333333333
1;1;0;1;1;0;1;1;1;1;0;1;0;1;0;1;0;0;0;0;1;1;0;0;0;1;0;1;1;0;0;0;0;1;1;0;0;0;0;30.64
1;1;0;1;0;1;1;1;1;1;0;1;0;1;0;1;0;0;0;0;1;1;1;0;0;0;0;1;1;0;0;0;0;1;1;0;0;0;0;29.7133333333333
1;0;1;0;0;0;1;1;1;0;1;1;0;1;0;1;0;0;0;1;0;1;0;1;0;0;0;1;0;0;0;1;0;1;0;0;0;0;1;28.4866666666667
1;1;0;1;0;1;0;1;1;0;1;1;1;0;1;1;0;0;0;1;0;1;0;1;0;0;0;1;0;0;0;1;0;1;0;0;0;0;1;29.15
1;0;1;0;0;0;0;1;1;1;0;1;1;0;0;1;0;0;0;1;0;1;0;1;0;0;0;1;0;0;0;1;0;1;1;0;0;0;0;18.5533333333333
1;1;0;1;1;0;1;1;1;0;1;1;1;0;0;1;0;0;0;0;1;1;0;0;0;1;0;1;0;1;0;0;0;1;0;0;0;0;1;30.8333333333333
1;1;0;0;0;0;0;1;1;0;1;1;0;1;0;1;0;0;0;1;0;1;0;1;0;0;0;1;0;0;0;1;0;1;0;1;0;0;0;28.97
1;1;0;0;0;0;1;1;1;0;1;1;0;1;0;1;0;0;0;0;1;1;1;0;0;0;0;1;0;1;0;0;0;1;0;0;0;1;0;28.6666666666667
1;1;0;1;0;1;0;1;1;1;0;1;0;1;1;1;0;0;0;0;1;1;0;0;0;1;0;1;0;1;0;0;0;1;0;0;1;0;0;29.0533333333333
1;1;0;0;0;0;1;1;1;1;0;1;1;0;0;1;0;0;0;0;1;1;1;0;0;0;0;1;0;1;0;0;0;1;0;0;1;0;0;29.0966666666667
1;1;0;0;0;0;0;1;1;1;0;1;1;0;1;1;0;0;0;0;1;1;0;0;1;0;0;1;1;0;0;0;0;1;1;0;0;0;0;11.25
1;0;1;0;0;0;0;1;1;0;1;1;1;0;0;1;0;0;0;0;1;1;0;0;0;1;0;1;0;1;0;0;0;1;0;0;0;1;0;28.6166666666667
1;0;1;0;0;0;1;1;1;0;1;1;0;1;0;1;0;0;0;0;1;1;0;0;1;0;0;1;0;1;0;0;0;1;0;0;0;1;0;29.1166666666667
1;0;1;0;0;0;0;1;1;0;1;1;0;1;0;1;0;0;0;0;1;1;0;0;1;0;0;1;1;0;0;0;0;1;0;0;1;0;0;29.7033333333333
1;0;1;0;0;0;1;1;1;1;0;1;1;0;1;1;0;0;0;0;1;1;0;0;0;1;0;1;0;1;0;0;0;1;0;0;0;1;0;25.5366666666667
1;0;1;1;1;0;1;1;1;1;0;1;0;1;1;1;0;0;0;0;1;1;0;0;0;1;0;1;1;0;0;0;0;1;1;0;0;0;0;30.8666666666667
1;0;1;1;0;1;1;1;1;1;0;1;1;0;1;1;0;0;0;1;0;1;0;1;0;0;0;1;0;0;0;1;0;1;0;0;0;0;1;23.99
1;0;1;1;0;1;0;1;1;1;0;1;1;0;0;1;0;0;0;1;0;1;0;1;0;0;0;1;0;0;0;1;0;1;0;1;0;0;0;5.64666666666667
1;0;1;1;1;0;0;1;1;0;1;1;1;0;0;1;0;0;0;0;1;1;0;0;0;1;0;1;1;0;0;0;0;1;1;0;0;0;0;30.8033333333333
1;1;0;1;1;0;1;1;1;1;0;1;1;0;1;1;0;0;0;0;1;1;0;0;0;1;0;1;0;1;0;0;0;1;0;0;1;0;0;31.04
1;0;1;0;0;0;0;1;1;0;1;1;0;1;0;1;0;0;0;0;1;1;0;0;0;0;1;1;1;0;0;0;0;1;0;0;1;0;0;28.6233333333333
1;0;1;1;0;1;1;1;1;1;0;1;1;0;1;1;0;0;0;0;1;1;0;0;1;0;0;1;0;1;0;0;0;1;0;0;0;1;0;23.86
1;1;0;0;0;0;1;1;1;1;0;1;1;0;1;1;0;0;0;0;1;1;0;0;0;1;0;1;1;0;0;0;0;1;1;0;0;0;0;28.6233333333333
1;1;0;0;0;0;0;1;1;1;0;1;0;1;1;1;0;0;0;0;1;1;0;0;0;1;0;1;1;0;0;0;0;1;1;0;0;0;0;29.6033333333333
1;0;1;1;0;1;1;1;1;0;1;1;1;0;1;1;0;0;0;1;0;1;0;1;0;0;0;1;0;0;0;1;0;1;0;1;0;0;0;29.1666666666667
1;0;1;0;0;0;0;1;1;0;1;1;1;0;0;1;1;0;0;0;0;1;1;0;0;0;0;1;1;0;0;0;0;1;0;0;1;0;0;29.1633333333333
1;1;0;0;0;0;1;1;1;0;1;1;1;0;1;1;0;0;0;0;1;1;0;1;0;0;0;1;1;0;0;0;0;1;0;0;1;0;0;28.36
1;0;1;0;0;0;0;1;1;1;0;1;0;1;1;1;0;0;0;1;0;1;0;1;0;0;0;1;0;0;0;1;0;1;0;0;0;0;1;28.9633333333333
1;1;0;1;0;1;0;1;1;0;1;1;1;0;0;1;0;0;0;0;1;1;0;0;1;0;0;1;0;1;0;0;0;1;0;0;0;1;0;28.5233333333333
1;1;0;0;0;0;1;1;1;0;1;1;0;1;1;1;0;0;0;1;0;1;0;1;0;0;0;1;0;0;0;1;0;1;0;0;1;0;0;29.1866666666667
1;0;1;1;0;1;1;1;1;0;1;1;1;0;0;1;0;0;0;1;0;1;0;1;0;0;0;1;0;0;0;1;0;1;1;0;0;0;0;28.5966666666667
1;1;0;0;0;0;0;1;1;1;0;1;0;1;0;1;0;0;0;0;1;1;0;1;0;0;0;1;1;0;0;0;0;1;0;1;0;0;0;29.1266666666667
1;0;1;0;0;0;0;1;1;0;1;1;0;1;0;1;1;0;0;0;0;1;0;0;0;0;1;1;1;0;0;0;0;1;0;0;1;0;0;28.8833333333333
1;0;1;0;0;0;0;1;1;0;1;1;0;1;0;1;0;0;0;1;0;1;1;0;0;0;0;1;0;0;0;1;0;1;0;0;1;0;0;28.6033333333333
1;1;0;1;0;1;1;1;1;1;0;1;0;1;1;1;0;0;0;0;1;1;0;0;1;0;0;1;0;1;0;0;0;1;0;0;0;0;1;28.7433333333333
1;0;1;1;1;0;1;1;1;1;0;1;0;1;1;1;0;0;0;1;0;1;0;1;0;0;0;1;0;0;0;1;0;1;0;0;0;1;0;30.7833333333333
1;1;0;1;1;0;0;1;1;0;1;1;0;1;1;1;0;0;0;1;0;1;0;1;0;0;0;1;0;0;0;1;0;1;0;0;0;1;0;30.8266666666667
1;0;1;1;1;0;1;1;1;1;0;1;1;0;0;1;0;0;0;0;1;1;0;0;1;0;0;1;0;1;0;0;0;1;0;0;1;0;0;28.35
1;0;1;0;0;0;0;1;1;0;1;1;0;1;1;1;0;0;0;1;0;1;0;1;0;0;0;1;0;0;0;1;0;1;0;0;1;0;0;28.6666666666667
1;0;1;0;0;0;0;1;1;0;1;1;0;1;1;1;1;0;0;0;0;1;0;0;0;1;0;1;1;0;0;0;0;1;0;0;1;0;0;29.19
1;0;1;1;0;1;1;1;1;1;0;1;1;0;0;1;0;0;0;0;1;1;0;0;0;1;0;1;0;1;0;0;0;1;0;0;0;1;0;23.85
1;0;1;0;0;0;0;1;1;0;1;1;0;1;1;1;1;0;0;0;0;1;0;0;0;0;1;1;0;0;0;0;1;1;0;0;1;0;0;29.7233333333333
1;0;1;0;0;0;0;1;1;1;0;1;1;0;0;1;0;0;0;0;1;1;0;0;0;1;0;1;0;1;0;0;0;1;0;1;0;0;0;5.76666666666667
1;1;0;0;0;0;0;1;1;0;1;1;0;1;0;1;0;0;0;0;1;1;0;0;1;0;0;1;0;1;0;0;0;1;0;0;1;0;0;28.6133333333333
1;1;0;1;1;0;0;1;1;0;1;1;1;0;1;1;0;0;0;0;1;1;1;0;0;0;0;1;1;0;0;0;0;1;0;1;0;0;0;30.8066666666667
1;1;0;0;0;0;0;1;1;0;1;1;0;1;0;1;0;0;0;1;0;1;0;1;0;0;0;1;0;0;0;1;0;1;1;0;0;0;0;28.6033333333333
1;0;1;1;0;1;0;1;1;0;1;1;0;1;0;1;0;0;0;0;1;1;0;0;1;0;0;1;0;1;0;0;0;1;0;0;0;1;0;28.61
1;1;0;0;0;0;0;1;1;1;0;1;0;1;0;1;0;0;0;1;0;1;0;1;0;0;0;1;0;0;0;1;0;1;1;0;0;0;0;29.7466666666667
1;0;1;0;0;0;1;1;1;1;0;1;1;0;0;1;0;0;0;0;1;1;1;0;0;0;0;1;1;0;0;0;0;1;0;1;0;0;0;24.1333333333333
1;0;1;0;0;0;0;1;1;1;0;1;1;0;1;1;0;0;0;1;0;1;0;1;0;0;0;1;0;0;0;1;0;1;0;0;0;0;1;7.01666666666667
1;0;1;0;0;0;0;1;1;0;1;1;1;0;1;1;0;0;0;0;1;1;0;0;0;1;0;1;1;0;0;0;0;1;0;1;0;0;0;28.5933333333333
1;1;0;0;0;0;0;1;1;1;0;1;1;0;1;1;0;0;0;0;1;1;0;0;1;0;0;1;0;1;0;0;0;1;1;0;0;0;0;11.16
1;0;1;1;1;0;0;1;1;0;1;1;1;0;1;1;0;0;0;0;1;1;0;0;1;0;0;1;0;1;0;0;0;1;0;0;1;0;0;30.86
1;1;0;0;0;0;0;1;1;1;0;1;1;0;0;1;0;0;0;0;1;1;0;0;0;1;0;1;1;0;0;0;0;1;1;0;0;0;0;11.1633333333333
1;0;1;0;0;0;0;1;1;0;1;1;1;0;1;1;0;0;0;0;1;1;0;1;0;0;0;1;0;0;0;0;1;1;0;0;1;0;0;29.17
1;0;1;0;0;0;1;1;1;0;1;1;1;0;1;1;0;0;0;0;1;1;1;0;0;0;0;1;1;0;0;0;0;1;0;1;0;0;0;28.5633333333333
1;1;0;0;0;0;0;1;1;0;1;1;0;1;0;1;0;0;0;1;0;1;0;1;0;0;0;1;0;0;0;1;0;1;0;0;1;0;0;28.2966666666667
1;1;0;0;0;0;0;1;1;0;1;1;0;1;0;1;0;0;0;0;1;1;0;0;1;0;0;1;0;0;0;0;1;1;0;0;1;0;0;28.5466666666667
1;1;0;1;1;0;0;1;1;0;1;1;0;1;0;1;0;0;0;0;1;1;0;0;1;0;0;1;0;1;0;0;0;1;1;0;0;0;0;30.68
1;1;0;0;0;0;0;1;1;1;0;1;0;1;1;1;0;0;0;0;1;1;0;0;0;1;0;1;0;1;0;0;0;1;0;0;0;1;0;28.4766666666667
1;1;0;0;0;0;0;1;1;1;0;1;0;1;1;1;0;0;0;1;0;1;0;1;0;0;0;1;0;0;0;1;0;1;0;1;0;0;0;28.9466666666667
1;1;0;0;0;0;0;1;1;1;0;1;1;0;1;1;0;0;0;1;0;1;0;1;0;0;0;1;0;0;0;1;0;1;0;0;1;0;0;10.67
1;0;1;0;0;0;1;1;1;0;1;1;1;0;1;1;0;0;0;0;1;1;0;1;0;0;0;1;1;0;0;0;0;1;0;0;1;0;0;28.59
1;1;0;0;0;0;1;1;1;0;1;1;1;0;0;1;0;0;0;0;1;1;1;0;0;0;0;1;1;0;0;0;0;1;0;1;0;0;0;29.68
1;1;0;1;1;0;0;1;1;0;1;1;0;1;0;1;0;0;0;1;0;1;0;0;0;1;0;1;0;0;0;1;0;1;0;0;1;0;0;30.9166666666667
1;1;0;1;0;1;1;1;1;1;0;1;1;0;0;1;0;0;0;0;1;1;0;0;0;1;0;1;0;1;0;0;0;1;0;0;1;0;0;28.5166666666667
1;0;1;1;0;1;1;1;1;1;0;1;0;1;0;1;0;0;0;0;1;1;0;0;1;0;0;1;0;1;0;0;0;1;0;0;1;0;0;29.71
1;1;0;1;0;1;1;1;1;1;0;1;0;1;0;1;0;0;0;0;1;1;0;0;1;0;0;1;0;1;0;0;0;1;0;0;0;0;1;28.6
1;1;0;0;0;0;0;1;1;0;1;1;1;0;1;1;0;1;0;0;0;1;0;1;0;0;0;1;0;0;0;0;1;1;0;0;1;0;0;28.6433333333333
1;0;1;1;1;0;0;1;1;0;1;1;0;1;1;1;0;0;0;1;0;1;0;1;0;0;0;1;0;0;0;1;0;1;0;0;0;1;0;30.71
1;0;1;0;0;0;1;1;1;0;1;1;0;1;1;1;0;0;0;1;0;1;0;1;0;0;0;1;0;1;0;0;0;1;0;0;1;0;0;29.7033333333333
1;1;0;0;0;0;1;1;1;0;1;1;0;1;1;1;0;0;0;0;1;1;0;0;0;1;0;1;1;0;0;0;0;1;1;0;0;0;0;28.64
1;0;1;1;1;0;1;1;1;1;0;1;0;1;0;1;0;0;0;1;0;1;0;1;0;0;0;1;0;0;0;1;0;1;0;0;1;0;0;30.9466666666667
1;1;0;1;0;1;0;1;1;0;1;1;0;1;1;1;0;0;0;1;0;1;0;1;0;0;0;1;0;0;0;1;0;1;0;1;0;0;0;29.15
1;1;0;0;0;0;1;1;1;1;0;1;1;0;0;1;0;0;0;0;1;1;0;0;1;0;0;1;0;1;0;0;0;1;0;0;0;1;0;28.6133333333333
1;1;0;1;1;0;0;1;1;1;0;1;0;1;1;1;0;0;0;0;1;1;0;0;0;1;0;1;1;0;0;0;0;1;1;0;0;0;0;30.9266666666667
1;1;0;0;0;0;1;1;1;1;0;1;1;0;0;1;0;0;0;1;0;1;0;1;0;0;0;1;1;0;0;0;0;1;0;0;1;0;0;29.42
1;0;1;0;0;0;0;1;1;0;1;1;0;1;1;1;0;0;0;0;1;1;0;0;0;0;1;1;0;1;0;0;0;1;0;0;1;0;0;29.6533333333333
1;1;0;1;1;0;0;1;1;1;0;1;0;1;1;1;0;0;0;1;0;1;0;1;0;0;0;1;0;0;0;1;0;1;0;0;1;0;0;30.91
1;1;0;1;1;0;1;1;1;0;1;1;1;0;0;1;0;0;0;1;0;1;0;1;0;0;0;1;0;0;0;1;0;1;0;0;0;1;0;30.9933333333333
1;1;0;0;0;0;0;1;1;0;1;1;0;1;1;1;1;0;0;0;0;1;0;0;1;0;0;1;0;0;0;0;1;1;0;0;1;0;0;29.0966666666667
1;0;1;0;0;0;0;1;1;0;1;1;1;0;0;1;0;1;0;0;0;1;0;0;1;0;0;1;0;0;1;0;0;1;0;0;1;0;0;29.1533333333333
1;1;0;1;1;0;0;1;1;1;0;1;1;0;1;1;0;0;0;1;0;1;1;0;0;0;0;1;0;0;0;1;0;1;0;0;1;0;0;14.76
1;0;1;0;0;0;0;1;1;0;1;1;0;1;0;1;0;0;0;1;0;1;0;0;1;0;0;1;0;0;0;1;0;1;0;0;1;0;0;29.1333333333333
1;1;0;0;0;0;0;1;1;1;0;1;0;1;0;1;0;0;0;0;1;1;0;0;1;0;0;1;0;1;0;0;0;1;1;0;0;0;0;29.15
1;1;0;1;1;0;0;1;1;0;1;1;1;0;1;1;0;0;0;1;0;1;0;1;0;0;0;1;0;0;0;1;0;1;0;1;0;0;0;30.8466666666667
1;0;1;0;0;0;1;1;1;0;1;1;1;0;1;1;0;0;0;0;1;1;0;0;1;0;0;1;0;1;0;0;0;1;0;0;1;0;0;29.2133333333333
1;1;0;0;0;0;0;1;1;1;0;1;1;0;1;1;0;0;0;0;1;1;0;0;0;1;0;1;0;1;0;0;0;1;0;1;0;0;0;11.3866666666667
1;0;1;0;0;0;1;1;1;1;0;1;0;1;0;1;0;0;0;0;1;1;0;0;1;0;0;1;1;0;0;0;0;1;1;0;0;0;0;28.4133333333333
1;0;1;1;1;0;0;1;1;1;0;1;1;0;1;1;0;0;0;1;0;1;0;1;0;0;0;1;0;0;0;1;0;1;0;0;0;0;1;8.16
1;1;0;1;1;0;1;1;1;1;0;1;1;0;0;1;0;0;0;0;1;1;0;0;0;1;0;1;0;1;0;0;0;1;0;0;0;0;1;30.6366666666667
1;1;0;0;0;0;0;1;1;0;1;1;1;0;0;1;0;0;0;0;1;1;0;0;1;0;0;1;0;1;0;0;0;1;1;0;0;0;0;28.8066666666667
1;0;1;0;0;0;1;1;1;1;0;1;0;1;1;1;0;0;0;0;1;1;1;0;0;0;0;1;0;1;0;0;0;1;0;0;1;0;0;29.53
1;1;0;0;0;0;0;1;1;0;1;1;1;0;1;1;0;0;0;1;0;1;0;1;0;0;0;1;0;0;0;1;0;1;0;1;0;0;0;28.6533333333333
1;0;1;1;0;1;1;1;1;0;1;1;1;0;0;1;0;0;0;0;1;1;0;0;0;1;0;1;0;1;0;0;0;1;0;0;1;0;0;29.1966666666667
1;1;0;0;0;0;0;1;1;0;1;1;0;1;0;1;0;0;0;0;1;1;1;0;0;0;0;1;1;0;0;0;0;1;0;0;0;1;0;29.2666666666667
1;1;0;0;0;0;0;1;1;1;0;1;1;0;0;1;0;0;0;0;1;1;1;0;0;0;0;1;1;0;0;0;0;1;0;1;0;0;0;11.4333333333333
1;0;1;1;0;1;0;1;1;1;0;1;0;1;1;1;0;0;0;1;0;1;0;1;0;0;0;1;0;0;0;1;0;1;0;0;0;0;1;29.1466666666667
1;0;1;0;0;0;0;1;1;0;1;1;1;0;0;1;0;0;0;0;1;1;0;1;0;0;0;1;1;0;0;0;0;1;0;0;1;0;0;29.1666666666667
1;0;1;0;0;0;0;1;1;0;1;1;1;0;1;1;0;1;0;0;0;1;0;0;1;0;0;1;0;0;0;0;1;1;0;0;1;0;0;29.62
1;0;1;0;0;0;1;1;1;0;1;1;0;1;1;1;0;0;0;0;1;1;1;0;0;0;0;1;1;0;0;0;0;1;1;0;0;0;0;28.5633333333333
1;1;0;1;1;0;1;1;1;0;1;1;1;0;0;1;0;0;0;1;0;1;0;1;0;0;0;1;0;0;0;1;0;1;1;0;0;0;0;30.5733333333333
1;0;1;0;0;0;0;1;1;0;1;1;1;0;0;1;0;0;0;0;1;1;0;0;1;0;0;1;0;0;0;0;1;1;0;0;1;0;0;28.5366666666667
1;0;1;0;0;0;0;1;1;0;1;1;0;1;0;1;0;0;0;0;1;1;0;0;0;0;1;1;0;0;0;0;1;1;0;0;1;0;0;28.6533333333333
1;0;1;0;0;0;0;1;1;1;0;1;0;1;1;1;0;0;0;0;1;1;0;0;1;0;0;1;1;0;0;0;0;1;1;0;0;0;0;29.14
1;1;0;0;0;0;1;1;1;1;0;1;1;0;0;1;0;0;0;0;1;1;0;0;0;1;0;1;0;1;0;0;0;1;0;0;1;0;0;30.0966666666667
1;1;0;1;0;1;1;1;1;1;0;1;0;1;0;1;0;0;0;0;1;1;0;0;0;1;0;1;0;1;0;0;0;1;0;0;0;0;1;29.1433333333333
1;1;0;1;1;0;0;1;1;0;1;1;0;1;0;1;0;0;0;1;0;1;0;1;0;0;0;1;0;0;0;1;0;1;0;0;1;0;0;30.8233333333333
1;1;0;1;0;1;0;1;1;0;1;1;0;1;1;1;0;0;0;0;1;1;0;0;0;1;0;1;0;1;0;0;0;1;0;0;0;1;0;28.5633333333333
1;1;0;1;0;1;1;1;1;0;1;1;0;1;1;1;0;0;0;0;1;1;0;0;1;0;0;1;0;1;0;0;0;1;0;0;1;0;0;29.1266666666667
1;0;1;0;0;0;0;1;1;1;0;1;1;0;1;1;0;0;0;0;1;1;1;0;0;0;0;1;0;1;0;0;0;1;0;1;0;0;0;5.63666666666667
1;0;1;1;0;1;0;1;1;0;1;1;0;1;1;1;0;0;0;0;1;1;0;0;1;0;0;1;0;1;0;0;0;1;0;0;0;1;0;28.74
1;0;1;1;0;1;1;1;1;1;0;1;1;0;1;1;0;0;0;1;0;1;0;1;0;0;0;1;0;0;0;1;0;1;0;0;1;0;0;25.1833333333333
1;0;1;0;0;0;1;1;1;1;0;1;1;0;1;1;0;0;0;1;0;1;0;1;0;0;0;1;1;0;0;0;0;1;0;0;1;0;0;23.9933333333333
1;1;0;0;0;0;1;1;1;0;1;1;1;0;1;1;0;0;0;0;1;1;0;0;0;1;0;1;0;1;0;0;0;1;0;0;0;0;1;29.13
1;0;1;0;0;0;1;1;1;0;1;1;0;1;0;1;0;0;0;0;1;1;0;0;1;0;0;1;1;0;0;0;0;1;1;0;0;0;0;29.2366666666667
1;1;0;0;0;0;0;1;1;1;0;1;0;1;1;1;0;0;0;0;1;1;0;1;0;0;0;1;0;1;0;0;0;1;0;1;0;0;0;29.53
1;0;1;0;0;0;1;1;1;0;1;1;1;0;1;1;0;0;0;0;1;1;0;0;0;1;0;1;1;0;0;0;0;1;1;0;0;0;0;28.8866666666667
1;1;0;1;0;1;0;1;1;1;0;1;0;1;1;1;0;0;0;0;1;1;0;0;1;0;0;1;0;1;0;0;0;1;0;0;1;0;0;28.47
1;0;1;1;1;0;1;1;1;1;0;1;1;0;0;1;0;0;0;1;0;1;0;1;0;0;0;1;0;0;0;1;0;1;0;0;0;0;1;28.3233333333333
1;1;0;0;0;0;0;1;1;1;0;1;1;0;1;1;0;0;0;0;1;1;0;1;0;0;0;1;0;1;0;0;0;1;0;0;1;0;0;10.6266666666667
1;1;0;0;0;0;1;1;1;0;1;1;1;0;1;1;0;0;0;1;0;1;0;1;0;0;0;1;0;0;0;1;0;1;1;0;0;0;0;29.2166666666667
1;0;1;0;0;0;0;1;1;0;1;1;0;1;0;1;0;0;0;0;1;1;0;0;0;1;0;1;0;1;0;0;0;1;0;1;0;0;0;29.6733333333333
1;1;0;0;0;0;1;1;1;0;1;1;0;1;1;1;0;0;0;1;0;1;0;1;0;0;0;1;0;0;0;1;0;1;0;1;0;0;0;28.5933333333333
1;0;1;0;0;0;1;1;1;1;0;1;1;0;1;1;0;0;0;0;1;1;1;0;0;0;0;1;1;0;0;0;0;1;1;0;0;0;0;26.5333333333333
1;0;1;1;0;1;1;1;1;1;0;1;0;1;0;1;0;0;0;0;1;1;0;0;0;1;0;1;0;1;0;0;0;1;0;0;0;1;0;29.02
1;1;0;1;1;0;1;1;1;0;1;1;0;1;1;1;0;0;0;0;1;1;0;0;1;0;0;1;0;1;0;0;0;1;0;0;1;0;0;30.6133333333333
1;1;0;0;0;0;1;1;1;0;1;1;0;1;1;1;0;0;0;1;0;1;0;1;0;0;0;1;1;0;0;0;0;1;0;0;1;0;0;29.0666666666667
1;0;1;0;0;0;0;1;1;0;1;1;1;0;1;1;0;0;0;1;0;1;1;0;0;0;0;1;0;0;0;1;0;1;0;0;1;0;0;28.6066666666667
1;1;0;1;0;1;0;1;1;0;1;1;0;1;0;1;0;0;0;0;1;1;0;0;1;0;0;1;0;1;0;0;0;1;0;0;1;0;0;28.5766666666667
1;1;0;0;0;0;1;1;1;1;0;1;1;0;0;1;0;0;0;1;0;1;0;1;0;0;0;1;0;0;0;1;0;1;0;0;0;0;1;29.16
1;0;1;1;0;1;0;1;1;1;0;1;0;1;0;1;0;0;0;1;0;1;0;1;0;0;0;1;0;0;0;1;0;1;1;0;0;0;0;29.19
1;0;1;0;0;0;1;1;1;0;1;1;0;1;0;1;0;0;0;0;1;1;1;0;0;0;0;1;0;1;0;0;0;1;0;0;1;0;0;30.1066666666667
1;0;1;0;0;0;1;1;1;1;0;1;1;0;1;1;0;0;0;0;1;1;0;0;0;1;0;1;1;0;0;0;0;1;1;0;0;0;0;25.31
1;0;1;0;0;0;0;1;1;0;1;1;0;1;1;1;1;0;0;0;0;1;0;1;0;0;0;1;1;0;0;0;0;1;0;0;1;0;0;28.29
1;1;0;0;0;0;1;1;1;1;0;1;0;1;0;1;0;0;0;0;1;1;0;0;1;0;0;1;0;1;0;0;0;1;0;0;1;0;0;29.17
1;1;0;0;0;0;0;1;1;1;0;1;0;1;0;1;1;0;0;0;0;1;0;0;0;0;1;1;1;0;0;0;0;1;0;0;1;0;0;29.1466666666667
1;1;0;1;1;0;0;1;1;1;0;1;0;1;0;1;0;0;0;1;0;1;0;1;0;0;0;1;0;0;0;1;0;1;0;1;0;0;0;30.7266666666667
1;0;1;0;0;0;0;1;1;0;1;1;0;1;0;1;0;0;0;0;1;1;0;0;0;1;0;1;1;0;0;0;0;1;0;1;0;0;0;28.5066666666667
1;0;1;0;0;0;0;1;1;0;1;1;1;0;1;1;0;0;0;0;1;1;0;0;0;1;0;1;0;1;0;0;0;1;0;0;1;0;0;29.1066666666667
1;1;0;1;0;1;0;1;1;0;1;1;1;0;0;1;0;0;0;0;1;1;0;0;1;0;0;1;0;1;0;0;0;1;0;0;0;0;1;28.8066666666667
1;0;1;1;1;0;0;1;1;0;1;1;0;1;0;1;0;0;0;1;0;1;0;0;0;1;0;1;0;0;0;1;0;1;0;0;1;0;0;30.7933333333333
1;1;0;0;0;0;0;1;1;1;0;1;1;0;1;1;0;0;0;0;1;1;0;0;0;1;0;1;0;1;0;0;0;1;1;0;0;0;0;11.1333333333333
1;0;1;1;1;0;0;1;1;0;1;1;1;0;1;1;0;0;0;0;1;1;1;0;0;0;0;1;1;0;0;0;0;1;0;1;0;0;0;30.63
1;1;0;0;0;0;0;1;1;1;0;1;0;1;0;1;1;0;0;0;0;1;0;0;1;0;0;1;1;0;0;0;0;1;0;0;1;0;0;28.8833333333333
1;0;1;1;0;1;1;1;1;0;1;1;0;1;1;1;0;0;0;0;1;1;1;0;0;0;0;1;1;0;0;0;0;1;1;0;0;0;0;29.1433333333333
1;1;0;0;0;0;1;1;1;0;1;1;0;1;1;1;0;0;0;0;1;1;1;0;0;0;0;1;1;0;0;0;0;1;1;0;0;0;0;29.67
1;0;1;0;0;0;0;1;1;1;0;1;1;0;0;1;0;0;0;1;0;1;0;1;0;0;0;1;0;0;0;1;0;1;0;0;1;0;0;4.44666666666667
1;0;1;0;0;0;0;1;1;1;0;1;1;0;0;1;0;0;0;0;1;1;1;0;0;0;0;1;0;1;0;0;0;1;0;0;1;0;0;4.33333333333333
1;1;0;0;0;0;1;1;1;1;0;1;1;0;1;1;0;0;0;0;1;1;0;0;0;1;0;1;0;1;0;0;0;1;0;0;1;0;0;28.69
1;1;0;1;0;1;1;1;1;1;0;1;1;0;0;1;0;0;0;1;0;1;0;1;0;0;0;1;0;0;0;1;0;1;0;0;1;0;0;29.0566666666667
1;1;0;0;0;0;1;1;1;0;1;1;1;0;0;1;0;0;0;0;1;1;0;0;0;1;0;1;0;1;0;0;0;1;0;0;1;0;0;29.1933333333333
1;1;0;0;0;0;0;1;1;1;0;1;1;0;0;1;0;0;0;1;0;1;0;0;1;0;0;1;0;0;0;1;0;1;0;0;1;0;0;10.68
1;1;0;0;0;0;0;1;1;1;0;1;1;0;0;1;0;0;0;0;1;1;0;0;1;0;0;1;1;0;0;0;0;1;1;0;0;0;0;11.2133333333333
1;1;0;0;0;0;0;1;1;1;0;1;1;0;0;1;1;0;0;0;0;1;0;0;1;0;0;1;1;0;0;0;0;1;0;0;1;0;0;10.76
1;1;0;0;0;0;0;1;1;1;0;1;0;1;1;1;0;0;0;0;1;1;0;0;1;0;0;1;1;0;0;0;0;1;1;0;0;0;0;28.47
1;1;0;1;1;0;1;1;1;0;1;1;0;1;1;1;0;0;0;0;1;1;1;0;0;0;0;1;0;1;0;0;0;1;0;0;0;0;1;31.04
1;1;0;0;0;0;0;1;1;1;0;1;1;0;1;1;1;0;0;0;0;1;0;0;1;0;0;1;0;0;0;0;1;1;0;0;1;0;0;10.8533333333333
1;0;1;0;0;0;0;1;1;0;1;1;0;1;1;1;0;0;0;0;1;1;1;0;0;0;0;1;0;1;0;0;0;1;0;1;0;0;0;29.4466666666667
1;0;1;0;0;0;0;1;1;1;0;1;1;0;0;1;0;0;0;0;1;1;1;0;0;0;0;1;1;0;0;0;0;1;0;1;0;0;0;5.88
1;1;0;1;0;1;0;1;1;1;0;1;1;0;1;1;0;0;0;0;1;1;0;0;1;0;0;1;0;1;0;0;0;1;0;0;1;0;0;10.5966666666667
1;0;1;0;0;0;0;1;1;0;1;1;0;1;1;1;0;0;0;0;1;1;0;0;0;1;0;1;1;0;0;0;0;1;0;1;0;0;0;29.6133333333333
1;0;1;0;0;0;0;1;1;0;1;1;1;0;1;1;0;0;0;0;1;1;0;1;0;0;0;1;0;1;0;0;0;1;0;0;1;0;0;29.0166666666667
1;0;1;1;0;1;1;1;1;1;0;1;0;1;0;1;0;0;0;1;0;1;0;1;0;0;0;1;0;0;0;1;0;1;0;0;0;1;0;29.6566666666667
1;0;1;0;0;0;1;1;1;1;0;1;0;1;1;1;0;0;0;1;0;1;0;1;0;0;0;1;0;0;0;1;0;1;0;0;0;0;1;30
1;0;1;0;0;0;0;1;1;1;0;1;0;1;0;1;0;0;0;0;1;1;0;0;0;1;0;1;0;1;0;0;0;1;0;1;0;0;0;29.1433333333333
1;1;0;0;0;0;1;1;1;0;1;1;0;1;0;1;0;0;0;1;0;1;0;1;0;0;0;1;0;0;0;1;0;1;0;0;1;0;0;28.58
1;1;0;0;0;0;0;1;1;0;1;1;0;1;0;1;1;0;0;0;0;1;0;0;0;0;1;1;0;0;0;0;1;1;0;0;1;0;0;28.4266666666667
1;1;0;1;1;0;0;1;1;1;0;1;0;1;1;1;0;0;0;0;1;1;1;0;0;0;0;1;1;0;0;0;0;1;1;0;0;0;0;30.8933333333333
1;1;0;1;0;1;1;1;1;1;0;1;0;1;0;1;0;0;0;0;1;1;0;0;0;1;0;1;0;1;0;0;0;1;0;0;1;0;0;28.8466666666667
1;0;1;1;1;0;0;1;1;0;1;1;0;1;0;1;0;0;0;0;1;1;0;0;1;0;0;1;1;0;0;0;0;1;1;0;0;0;0;30.7566666666667
1;0;1;1;0;1;1;1;1;1;0;1;1;0;0;1;0;0;0;0;1;1;0;0;0;1;0;1;1;0;0;0;0;1;1;0;0;0;0;25.18
1;1;0;1;1;0;0;1;1;0;1;1;0;1;1;1;0;0;0;0;1;1;1;0;0;0;0;1;1;0;0;0;0;1;0;1;0;0;0;30.7266666666667
1;1;0;1;1;0;1;1;1;1;0;1;1;0;1;1;0;0;0;0;1;1;1;0;0;0;0;1;1;0;0;0;0;1;0;1;0;0;0;31.14
1;0;1;0;0;0;0;1;1;0;1;1;1;0;0;1;0;1;0;0;0;1;0;0;1;0;0;1;0;1;0;0;0;1;0;0;1;0;0;28.6633333333333
1;1;0;1;1;0;1;1;1;1;0;1;0;1;0;1;0;0;0;0;1;1;1;0;0;0;0;1;1;0;0;0;0;1;0;1;0;0;0;30.77
1;1;0;0;0;0;0;1;1;1;0;1;1;0;0;1;0;0;0;1;0;1;0;1;0;0;0;1;0;0;0;1;0;1;0;0;1;0;0;10.7033333333333
1;1;0;0;0;0;0;1;1;1;0;1;1;0;0;1;0;0;0;0;1;1;0;1;0;0;0;1;0;0;0;0;1;1;0;0;1;0;0;10.77
1;1;0;0;0;0;1;1;1;1;0;1;1;0;1;1;0;0;0;0;1;1;0;0;1;0;0;1;0;1;0;0;0;1;0;0;0;0;1;29.5033333333333
1;1;0;1;1;0;1;1;1;0;1;1;0;1;0;1;0;0;0;1;0;1;0;1;0;0;0;1;0;0;0;1;0;1;0;1;0;0;0;30.83
1;1;0;1;1;0;1;1;1;0;1;1;0;1;1;1;0;0;0;0;1;1;0;0;1;0;0;1;0;1;0;0;0;1;0;0;0;1;0;30.6066666666667
1;0;1;0;0;0;1;1;1;0;1;1;0;1;1;1;0;0;0;1;0;1;0;1;0;0;0;1;0;0;0;1;0;1;0;0;0;1;0;28.6166666666667
1;1;0;1;0;1;0;1;1;0;1;1;1;0;1;1;0;0;0;0;1;1;0;0;0;1;0;1;0;1;0;0;0;1;0;0;1;0;0;28.5866666666667
1;1;0;1;1;0;1;1;1;0;1;1;0;1;1;1;0;0;0;0;1;1;0;0;0;1;0;1;0;1;0;0;0;1;0;0;0;1;0;30.82
1;0;1;0;0;0;0;1;1;0;1;1;0;1;1;1;0;0;0;0;1;1;0;0;0;0;1;1;1;0;0;0;0;1;0;0;1;0;0;29.1066666666667
1;1;0;0;0;0;0;1;1;0;1;1;1;0;0;1;0;1;0;0;0;1;0;0;1;0;0;1;1;0;0;0;0;1;0;0;1;0;0;28.5433333333333
1;0;1;1;1;0;1;1;1;0;1;1;0;1;0;1;0;0;0;0;1;1;0;0;1;0;0;1;0;1;0;0;0;1;0;0;0;1;0;30.92
1;1;0;0;0;0;0;1;1;1;0;1;0;1;0;1;0;0;0;0;1;1;0;0;1;0;0;1;0;1;0;0;0;1;0;1;0;0;0;29.6666666666667
1;0;1;0;0;0;0;1;1;0;1;1;1;0;1;1;1;0;0;0;0;1;0;0;1;0;0;1;0;0;0;0;1;1;0;0;1;0;0;29.2166666666667
1;1;0;0;0;0;0;1;1;1;0;1;0;1;1;1;0;0;0;1;0;1;0;0;0;1;0;1;0;0;0;1;0;1;0;0;1;0;0;29.5933333333333
1;1;0;0;0;0;0;1;1;0;1;1;0;1;0;1;0;0;0;0;1;1;1;0;0;0;0;1;1;0;0;0;0;1;1;0;0;0;0;29.14
1;1;0;1;0;1;1;1;1;0;1;1;1;0;0;1;0;0;0;0;1;1;0;0;1;0;0;1;1;0;0;0;0;1;1;0;0;0;0;28.4
1;1;0;1;1;0;1;1;1;0;1;1;0;1;0;1;0;0;0;0;1;1;0;0;0;1;0;1;0;1;0;0;0;1;0;0;0;1;0;31.0533333333333
1;1;0;0;0;0;0;1;1;0;1;1;0;1;1;1;0;0;0;1;0;1;0;1;0;0;0;1;0;0;0;1;0;1;0;1;0;0;0;29.71
1;1;0;0;0;0;0;1;1;0;1;1;0;1;0;1;0;0;0;0;1;1;0;1;0;0;0;1;1;0;0;0;0;1;0;1;0;0;0;29.17
1;0;1;1;1;0;1;1;1;1;0;1;0;1;0;1;0;0;0;0;1;1;0;0;0;1;0;1;1;0;0;0;0;1;1;0;0;0;0;30.85
1;0;1;0;0;0;0;1;1;0;1;1;1;0;1;1;1;0;0;0;0;1;0;0;0;1;0;1;0;0;0;0;1;1;0;0;1;0;0;29.1333333333333
1;1;0;1;1;0;1;1;1;1;0;1;0;1;1;1;0;0;0;0;1;1;0;0;0;1;0;1;1;0;0;0;0;1;1;0;0;0;0;30.8833333333333
1;0;1;1;1;0;0;1;1;1;0;1;1;0;1;1;0;0;0;0;1;1;1;0;0;0;0;1;1;0;0;0;0;1;1;0;0;0;0;9.09666666666667
1;1;0;1;0;1;1;1;1;1;0;1;1;0;0;1;0;0;0;1;0;1;0;1;0;0;0;1;0;0;0;1;0;1;1;0;0;0;0;28.6133333333333
1;0;1;1;1;0;0;1;1;0;1;1;0;1;0;1;0;0;0;1;0;1;0;0;0;0;1;1;0;0;0;1;0;1;0;0;1;0;0;30.5366666666667
1;0;1;1;0;1;0;1;1;0;1;1;0;1;0;1;0;0;0;0;1;1;0;0;0;1;0;1;0;1;0;0;0;1;0;0;1;0;0;29.4733333333333
1;0;1;1;0;1;1;1;1;1;0;1;1;0;1;1;0;0;0;1;0;1;0;1;0;0;0;1;0;0;0;1;0;1;0;0;0;1;0;24.0733333333333
1;0;1;1;1;0;0;1;1;0;1;1;1;0;1;1;1;0;0;0;0;1;0;0;1;0;0;1;1;0;0;0;0;1;0;0;1;0;0;30.7133333333333
1;0;1;0;0;0;0;1;1;0;1;1;1;0;1;1;1;0;0;0;0;1;0;1;0;0;0;1;0;0;0;0;1;1;0;0;1;0;0;29.0166666666667
1;1;0;1;0;1;0;1;1;1;0;1;0;1;0;1;0;0;0;1;0;1;0;1;0;0;0;1;0;0;0;1;0;1;0;0;0;1;0;29.5233333333333
1;0;1;1;1;0;1;1;1;0;1;1;1;0;0;1;0;0;0;1;0;1;0;1;0;0;0;1;0;0;0;1;0;1;0;0;1;0;0;31.12
1;1;0;0;0;0;0;1;1;1;0;1;1;0;0;1;0;0;0;0;1;1;1;0;0;0;0;1;1;0;0;0;0;1;0;0;1;0;0;10.5966666666667
1;0;1;0;0;0;0;1;1;0;1;1;1;0;1;1;0;0;0;0;1;1;0;0;1;0;0;1;1;0;0;0;0;1;0;1;0;0;0;28.5433333333333
1;1;0;0;0;0;0;1;1;0;1;1;0;1;0;1;1;0;0;0;0;1;0;0;0;1;0;1;0;0;0;0;1;1;0;0;1;0;0;28.2733333333333
1;0;1;0;0;0;0;1;1;1;0;1;1;0;1;1;0;0;0;1;0;1;0;1;0;0;0;1;0;0;0;1;0;1;0;1;0;0;0;5.74666666666667
1;1;0;0;0;0;0;1;1;1;0;1;0;1;1;1;1;0;0;0;0;1;0;0;1;0;0;1;1;0;0;0;0;1;0;0;1;0;0;28.5966666666667
1;0;1;0;0;0;0;1;1;1;0;1;1;0;0;1;0;0;0;0;1;1;0;0;0;1;0;1;0;1;0;0;0;1;0;0;0;1;0;6.48666666666667
1;0;1;0;0;0;1;1;1;0;1;1;1;0;1;1;0;0;0;0;1;1;1;0;0;0;0;1;1;0;0;0;0;1;1;0;0;0;0;29.0966666666667
1;0;1;0;0;0;0;1;1;0;1;1;0;1;0;1;0;0;0;0;1;1;0;1;0;0;0;1;1;0;0;0;0;1;0;1;0;0;0;29.19
1;0;1;1;1;0;0;1;1;0;1;1;1;0;0;1;0;0;0;0;1;1;0;0;1;0;0;1;1;0;0;0;0;1;1;0;0;0;0;30.8266666666667
1;1;0;1;1;0;0;1;1;1;0;1;1;0;1;1;0;0;0;1;0;1;0;1;0;0;0;1;0;0;0;1;0;1;1;0;0;0;0;18.1633333333333
1;0;1;1;0;1;1;1;1;0;1;1;1;0;1;1;0;0;0;0;1;1;1;0;0;0;0;1;1;0;0;0;0;1;0;1;0;0;0;29.6566666666667
1;1;0;1;0;1;0;1;1;0;1;1;1;0;1;1;0;0;0;0;1;1;1;0;0;0;0;1;1;0;0;0;0;1;0;1;0;0;0;29.1333333333333
1;0;1;0;0;0;1;1;1;1;0;1;1;0;0;1;0;0;0;0;1;1;1;0;0;0;0;1;0;1;0;0;0;1;0;0;1;0;0;25.14
1;1;0;0;0;0;0;1;1;0;1;1;1;0;1;1;0;0;0;0;1;1;0;0;0;1;0;1;0;1;0;0;0;1;0;0;1;0;0;28.7
1;0;1;0;0;0;1;1;1;1;0;1;1;0;0;1;0;0;0;1;0;1;0;1;0;0;0;1;0;0;0;1;0;1;0;0;0;1;0;25.5366666666667
1;1;0;1;1;0;0;1;1;0;1;1;0;1;1;1;0;0;0;0;1;1;0;0;0;1;0;1;0;1;0;0;0;1;0;0;1;0;0;30.64
1;0;1;1;0;1;0;1;1;0;1;1;1;0;1;1;0;0;0;1;0;1;0;1;0;0;0;1;0;0;0;1;0;1;1;0;0;0;0;29.17
1;1;0;1;1;0;0;1;1;1;0;1;0;1;0;1;0;0;0;1;0;1;0;0;0;1;0;1;0;0;0;1;0;1;0;0;1;0;0;30.5866666666667
1;1;0;0;0;0;1;1;1;0;1;1;1;0;1;1;0;0;0;0;1;1;1;0;0;0;0;1;1;0;0;0;0;1;1;0;0;0;0;28.8966666666667
1;0;1;0;0;0;0;1;1;0;1;1;1;0;0;1;0;0;0;0;1;1;1;0;0;0;0;1;1;0;0;0;0;1;0;1;0;0;0;29.71
1;1;0;1;1;0;1;1;1;0;1;1;1;0;1;1;0;0;0;1;0;1;0;1;0;0;0;1;0;0;0;1;0;1;1;0;0;0;0;30.9666666666667
1;1;0;0;0;0;0;1;1;0;1;1;0;1;1;1;0;0;0;1;0;1;0;0;0;0;1;1;0;0;0;1;0;1;0;0;1;0;0;28.4033333333333
1;1;0;0;0;0;0;1;1;0;1;1;0;1;1;1;0;0;0;0;1;1;1;0;0;0;0;1;1;0;0;0;0;1;0;0;0;0;1;29.29
1;0;1;1;0;1;1;1;1;1;0;1;0;1;1;1;0;0;0;0;1;1;0;0;1;0;0;1;0;1;0;0;0;1;0;0;1;0;0;29.1633333333333
1;0;1;0;0;0;0;1;1;1;0;1;1;0;1;1;1;0;0;0;0;1;1;0;0;0;0;1;0;0;0;0;1;1;0;0;1;0;0;4.39666666666667
1;0;1;1;1;0;0;1;1;1;0;1;0;1;0;1;0;0;0;1;0;1;0;1;0;0;0;1;0;0;0;1;0;1;1;0;0;0;0;30.8733333333333
1;1;0;1;1;0;1;1;1;0;1;1;1;0;1;1;0;0;0;0;1;1;1;0;0;0;0;1;0;1;0;0;0;1;0;0;0;0;1;30.9066666666667
1;0;1;0;0;0;0;1;1;1;0;1;0;1;0;1;0;0;0;0;1;1;0;0;0;0;1;1;1;0;0;0;0;1;0;0;1;0;0;29.08
1;1;0;1;1;0;1;1;1;1;0;1;1;0;0;1;0;0;0;0;1;1;0;0;0;1;0;1;1;0;0;0;0;1;1;0;0;0;0;31.1733333333333
1;0;1;0;0;0;0;1;1;0;1;1;0;1;1;1;0;0;0;0;1;1;1;0;0;0;0;1;0;1;0;0;0;1;0;0;1;0;0;28.3833333333333
1;1;0;0;0;0;0;1;1;0;1;1;0;1;0;1;0;0;0;0;1;1;0;0;0;1;0;1;0;0;1;0;0;1;0;0;1;0;0;29.11
1;1;0;1;0;1;1;1;1;0;1;1;0;1;0;1;0;0;0;0;1;1;0;0;1;0;0;1;1;0;0;0;0;1;1;0;0;0;0;29.4033333333333
1;1;0;0;0;0;0;1;1;0;1;1;1;0;0;1;0;0;0;0;1;1;1;0;0;0;0;1;0;0;1;0;0;1;0;0;1;0;0;28.5266666666667
1;0;1;1;0;1;0;1;1;0;1;1;0;1;0;1;0;0;0;1;0;1;0;1;0;0;0;1;0;0;0;1;0;1;0;0;0;1;0;29.2166666666667
1;1;0;1;0;1;0;1;1;1;0;1;1;0;0;1;0;0;0;0;1;1;1;0;0;0;0;1;1;0;0;0;0;1;0;1;0;0;0;11.42
1;1;0;0;0;0;0;1;1;1;0;1;1;0;0;1;0;0;0;1;0;1;0;0;0;1;0;1;0;0;0;1;0;1;0;0;1;0;0;10.5166666666667
1;1;0;1;0;1;0;1;1;1;0;1;1;0;0;1;0;0;0;0;1;1;1;0;0;0;0;1;1;0;0;0;0;1;1;0;0;0;0;11.09
1;0;1;1;0;1;1;1;1;0;1;1;1;0;1;1;0;0;0;0;1;1;0;0;0;1;0;1;0;1;0;0;0;1;0;0;1;0;0;28.6066666666667
1;0;1;1;0;1;0;1;1;1;0;1;0;1;0;1;0;0;0;1;0;1;0;1;0;0;0;1;0;0;0;1;0;1;0;0;1;0;0;28.4433333333333
1;0;1;0;0;0;1;1;1;0;1;1;1;0;1;1;0;0;0;1;0;1;0;1;0;0;0;1;0;1;0;0;0;1;0;0;1;0;0;28.5466666666667
1;1;0;0;0;0;1;1;1;1;0;1;0;1;1;1;0;0;0;1;0;1;0;1;0;0;0;1;0;0;0;1;0;1;0;0;0;1;0;29.9433333333333
1;1;0;1;0;1;1;1;1;0;1;1;1;0;0;1;0;0;0;0;1;1;1;0;0;0;0;1;1;0;0;0;0;1;0;1;0;0;0;28.8633333333333
1;1;0;0;0;0;0;1;1;1;0;1;1;0;1;1;0;0;0;0;1;1;0;0;0;0;1;1;1;0;0;0;0;1;0;0;1;0;0;10.57
1;1;0;0;0;0;1;1;1;0;1;1;1;0;1;1;0;0;0;0;1;1;0;0;1;0;0;1;0;1;0;0;0;1;0;0;0;1;0;29.16
1;0;1;1;1;0;1;1;1;0;1;1;0;1;0;1;0;0;0;1;0;1;0;1;0;0;0;1;0;0;0;1;0;1;0;0;1;0;0;30.7866666666667
1;1;0;0;0;0;0;1;1;0;1;1;1;0;0;1;0;0;0;1;0;1;0;0;1;0;0;1;0;1;0;0;0;1;0;0;1;0;0;28.8066666666667
1;0;1;0;0;0;0;1;1;1;0;1;0;1;1;1;0;0;0;0;1;1;0;0;0;1;0;1;1;0;0;0;0;1;0;0;1;0;0;28.2233333333333
1;1;0;1;1;0;0;1;1;1;0;1;0;1;0;1;0;0;0;0;1;1;1;0;0;0;0;1;0;1;0;0;0;1;0;0;1;0;0;30.7333333333333
1;0;1;1;1;0;0;1;1;0;1;1;1;0;1;1;0;0;0;1;0;1;0;1;0;0;0;1;0;0;0;1;0;1;0;1;0;0;0;30.5233333333333
1;1;0;1;1;0;0;1;1;1;0;1;0;1;1;1;0;0;0;1;0;1;1;0;0;0;0;1;0;0;0;1;0;1;0;0;1;0;0;30.7166666666667
1;0;1;0;0;0;0;1;1;1;0;1;1;0;1;1;0;0;0;0;1;1;1;0;0;0;0;1;1;0;0;0;0;1;0;1;0;0;0;5.66333333333333
1;0;1;0;0;0;1;1;1;1;0;1;0;1;0;1;0;0;0;0;1;1;1;0;0;0;0;1;0;1;0;0;0;1;0;0;1;0;0;29.1366666666667
1;0;1;1;0;1;1;1;1;1;0;1;0;1;1;1;0;0;0;0;1;1;0;0;0;1;0;1;0;1;0;0;0;1;0;0;0;1;0;28.8766666666667
1;1;0;1;0;1;1;1;1;0;1;1;1;0;1;1;0;0;0;0;1;1;1;0;0;0;0;1;1;0;0;0;0;1;0;1;0;0;0;28.5766666666667
1;0;1;0;0;0;0;1;1;1;0;1;0;1;0;1;0;0;0;0;1;1;0;0;0;0;1;1;0;0;0;0;1;1;0;0;1;0;0;28.35
1;0;1;1;0;1;0;1;1;1;0;1;0;1;0;1;0;0;0;1;0;1;0;1;0;0;0;1;0;0;0;1;0;1;0;1;0;0;0;29.0766666666667
1;0;1;1;0;1;1;1;1;1;0;1;0;1;1;1;0;0;0;0;1;1;1;0;0;0;0;1;1;0;0;0;0;1;1;0;0;0;0;29.1133333333333
1;1;0;0;0;0;1;1;1;1;0;1;0;1;0;1;0;0;0;0;1;1;1;0;0;0;0;1;0;1;0;0;0;1;0;0;0;1;0;29.14
1;0;1;0;0;0;1;1;1;1;0;1;1;0;1;1;0;0;0;0;1;1;1;0;0;0;0;1;1;0;0;0;0;1;0;1;0;0;0;25.35
1;1;0;0;0;0;0;1;1;1;0;1;1;0;1;1;1;0;0;0;0;1;0;0;0;1;0;1;1;0;0;0;0;1;0;0;1;0;0;10.5266666666667
1;0;1;0;0;0;0;1;1;1;0;1;1;0;1;1;0;0;0;0;1;1;0;0;0;1;0;1;1;0;0;0;0;1;1;0;0;0;0;18.48
1;0;1;0;0;0;1;1;1;1;0;1;0;1;1;1;0;0;0;0;1;1;0;0;0;1;0;1;1;0;0;0;0;1;1;0;0;0;0;28.59
1;1;0;1;1;0;0;1;1;1;0;1;1;0;0;1;0;0;0;0;1;1;0;0;0;1;0;1;0;1;0;0;0;1;0;0;0;1;0;14.9333333333333
1;1;0;1;1;0;1;1;1;1;0;1;0;1;0;1;0;0;0;0;1;1;1;0;0;0;0;1;1;0;0;0;0;1;1;0;0;0;0;30.7233333333333
1;1;0;0;0;0;0;1;1;0;1;1;1;0;1;1;0;0;0;0;1;1;0;1;0;0;0;1;1;0;0;0;0;1;0;0;1;0;0;29.2433333333333
1;1;0;0;0;0;0;1;1;1;0;1;0;1;1;1;1;0;0;0;0;1;0;0;0;1;0;1;0;0;0;0;1;1;0;0;1;0;0;28.48
1;1;0;0;0;0;1;1;1;0;1;1;1;0;1;1;0;0;0;0;1;1;1;0;0;0;0;1;0;1;0;0;0;1;0;0;0;1;0;29.13
1;0;1;0;0;0;0;1;1;1;0;1;0;1;1;1;0;0;0;0;1;1;0;1;0;0;0;1;1;0;0;0;0;1;0;1;0;0;0;28.6366666666667
1;1;0;0;0;0;0;1;1;1;0;1;1;0;0;1;0;0;0;1;0;1;0;1;0;0;0;1;0;0;0;1;0;1;1;0;0;0;0;11.0866666666667
1;1;0;1;1;0;1;1;1;0;1;1;0;1;0;1;0;0;0;0;1;1;1;0;0;0;0;1;0;1;0;0;0;1;0;0;1;0;0;30.7466666666667
1;0;1;1;1;0;1;1;1;0;1;1;1;0;1;1;0;0;0;0;1;1;0;0;0;1;0;1;0;1;0;0;0;1;0;0;1;0;0;30.9433333333333
1;0;1;0;0;0;0;1;1;0;1;1;1;0;0;1;0;0;0;0;1;1;1;0;0;0;0;1;0;0;0;0;1;1;0;0;1;0;0;28.4566666666667
1;1;0;1;1;0;0;1;1;0;1;1;1;0;1;1;1;0;0;0;0;1;0;0;1;0;0;1;1;0;0;0;0;1;0;0;1;0;0;30.9666666666667
1;0;1;1;1;0;1;1;1;1;0;1;0;1;0;1;0;0;0;0;1;1;0;0;0;1;0;1;0;1;0;0;0;1;0;0;0;1;0;30.8
1;1;0;1;0;1;0;1;1;1;0;1;0;1;1;1;0;0;0;1;0;1;0;1;0;0;0;1;0;0;0;1;0;1;1;0;0;0;0;29.21
1;1;0;0;0;0;0;1;1;0;1;1;1;0;0;1;0;1;0;0;0;1;0;0;1;0;0;1;0;0;1;0;0;1;0;0;1;0;0;29.66
1;0;1;0;0;0;0;1;1;0;1;1;0;1;0;1;0;0;0;0;1;1;0;0;0;0;1;1;0;1;0;0;0;1;0;0;1;0;0;28.6266666666667
1;1;0;1;0;1;0;1;1;0;1;1;1;0;0;1;0;0;0;1;0;1;0;1;0;0;0;1;0;0;0;1;0;1;0;0;0;1;0;28.67
1;0;1;0;0;0;0;1;1;0;1;1;0;1;1;1;0;0;0;1;0;1;0;1;0;0;0;1;0;0;0;1;0;1;1;0;0;0;0;29.6833333333333
1;1;0;0;0;0;0;1;1;0;1;1;1;0;1;1;0;0;0;0;1;1;1;0;0;0;0;1;1;0;0;0;0;1;0;1;0;0;0;28.6866666666667
1;1;0;0;0;0;0;1;1;0;1;1;0;1;1;1;0;0;0;0;1;1;0;1;0;0;0;1;0;1;0;0;0;1;0;0;1;0;0;28.3966666666667
1;0;1;0;0;0;1;1;1;1;0;1;1;0;0;1;0;0;0;1;0;1;0;1;0;0;0;1;0;1;0;0;0;1;0;0;1;0;0;24.0566666666667
1;1;0;0;0;0;1;1;1;0;1;1;0;1;0;1;0;0;0;0;1;1;0;0;1;0;0;1;1;0;0;0;0;1;1;0;0;0;0;28.59
1;1;0;1;1;0;0;1;1;0;1;1;1;0;1;1;0;0;0;0;1;1;1;0;0;0;0;1;0;0;0;0;1;1;0;0;1;0;0;30.8633333333333
1;1;0;0;0;0;0;1;1;0;1;1;1;0;0;1;0;0;0;0;1;1;0;0;1;0;0;1;1;0;0;0;0;1;1;0;0;0;0;28.5033333333333
1;1;0;1;1;0;0;1;1;0;1;1;0;1;1;1;0;0;0;0;1;1;1;0;0;0;0;1;1;0;0;0;0;1;1;0;0;0;0;30.85
1;1;0;0;0;0;0;1;1;0;1;1;1;0;0;1;0;0;0;0;1;1;0;0;1;0;0;1;0;0;0;0;1;1;0;0;1;0;0;28.9333333333333
1;1;0;0;0;0;0;1;1;1;0;1;1;0;0;1;0;0;0;1;0;1;0;1;0;0;0;1;0;0;0;1;0;1;0;1;0;0;0;11.3666666666667
1;1;0;0;0;0;0;1;1;0;1;1;0;1;1;1;0;0;0;1;0;1;0;0;0;1;0;1;0;0;0;1;0;1;0;0;1;0;0;30.3233333333333
1;0;1;1;0;1;1;1;1;1;0;1;1;0;1;1;0;0;0;0;1;1;0;0;0;1;0;1;0;1;0;0;0;1;0;0;1;0;0;23.95
1;1;0;0;0;0;0;1;1;1;0;1;0;1;0;1;0;0;0;0;1;1;0;0;0;1;0;1;0;1;0;0;0;1;0;1;0;0;0;29.1466666666667
1;0;1;1;1;0;0;1;1;1;0;1;1;0;0;1;0;0;0;0;1;1;0;0;1;0;0;1;0;1;0;0;0;1;0;0;1;0;0;6.02666666666667
1;0;1;1;1;0;0;1;1;0;1;1;0;1;1;1;0;0;0;1;0;1;0;0;0;0;1;1;0;0;0;1;0;1;0;0;1;0;0;30.6466666666667
1;0;1;1;1;0;0;1;1;1;0;1;0;1;0;1;0;0;0;1;0;1;0;0;0;0;1;1;0;0;0;1;0;1;0;0;1;0;0;30.7366666666667
1;0;1;1;0;1;1;1;1;0;1;1;1;0;1;1;0;0;0;0;1;1;0;0;1;0;0;1;0;1;0;0;0;1;0;0;0;1;0;28.6266666666667
1;1;0;1;1;0;1;1;1;0;1;1;1;0;0;1;0;0;0;0;1;1;1;0;0;0;0;1;1;0;0;0;0;1;1;0;0;0;0;30.84
1;0;1;1;1;0;1;1;1;1;0;1;1;0;0;1;0;0;0;0;1;1;1;0;0;0;0;1;1;0;0;0;0;1;0;1;0;0;0;28.3633333333333
1;1;0;0;0;0;0;1;1;0;1;1;1;0;0;1;0;0;0;0;1;1;0;0;0;1;0;1;0;1;0;0;0;1;0;0;0;1;0;28.5333333333333
1;1;0;1;1;0;0;1;1;1;0;1;0;1;1;1;0;0;0;0;1;1;0;0;0;1;0;1;0;1;0;0;0;1;0;0;0;1;0;30.7233333333333
1;0;1;1;1;0;0;1;1;1;0;1;1;0;1;1;0;0;0;1;0;1;0;0;1;0;0;1;0;0;0;1;0;1;0;0;1;0;0;6.04666666666667
1;0;1;0;0;0;0;1;1;1;0;1;0;1;1;1;0;0;0;0;1;1;0;0;0;1;0;1;0;1;0;0;0;1;0;0;0;1;0;28.54
1;1;0;1;1;0;0;1;1;1;0;1;1;0;0;1;0;0;0;0;1;1;0;0;0;1;0;1;1;0;0;0;0;1;1;0;0;0;0;18.22
1;1;0;1;1;0;1;1;1;1;0;1;1;0;1;1;0;0;0;0;1;1;0;0;1;0;0;1;1;0;0;0;0;1;1;0;0;0;0;31.3133333333333
1;0;1;0;0;0;1;1;1;1;0;1;0;1;0;1;0;0;0;0;1;1;0;1;0;0;0;1;0;1;0;0;0;1;0;0;1;0;0;29.3833333333333
1;1;0;1;1;0;1;1;1;0;1;1;1;0;0;1;0;0;0;0;1;1;0;0;0;1;0;1;1;0;0;0;0;1;1;0;0;0;0;30.7833333333333
1;0;1;0;0;0;0;1;1;1;0;1;1;0;1;1;0;0;0;1;0;1;0;1;0;0;0;1;0;0;0;1;0;1;1;0;0;0;0;18.56
1;0;1;0;0;0;0;1;1;0;1;1;1;0;1;1;0;1;0;0;0;1;0;0;1;0;0;1;1;0;0;0;0;1;0;0;1;0;0;29.62
1;1;0;1;1;0;1;1;1;0;1;1;0;1;1;1;0;0;0;0;1;1;0;0;1;0;0;1;1;0;0;0;0;1;1;0;0;0;0;30.7866666666667
1;1;0;0;0;0;0;1;1;1;0;1;1;0;0;1;0;0;0;0;1;1;0;0;1;0;0;1;0;1;0;0;0;1;0;0;0;1;0;12.5666666666667
1;1;0;1;0;1;1;1;1;0;1;1;1;0;1;1;0;0;0;0;1;1;0;0;1;0;0;1;1;0;0;0;0;1;1;0;0;0;0;29.0666666666667
1;1;0;0;0;0;0;1;1;0;1;1;0;1;0;1;1;0;0;0;0;1;0;1;0;0;0;1;0;0;0;0;1;1;0;0;1;0;0;28.2466666666667
1;1;0;1;1;0;1;1;1;1;0;1;1;0;0;1;0;0;0;1;0;1;0;1;0;0;0;1;0;0;0;1;0;1;0;0;0;0;1;31.0533333333333
1;0;1;0;0;0;0;1;1;0;1;1;0;1;1;1;0;0;0;1;0;1;0;0;0;1;0;1;0;0;0;1;0;1;0;0;1;0;0;29.5666666666667
1;1;0;1;0;1;1;1;1;0;1;1;0;1;0;1;0;0;0;1;0;1;0;1;0;0;0;1;0;0;0;1;0;1;0;0;1;0;0;29.17
1;1;0;0;0;0;0;1;1;0;1;1;1;0;0;1;0;1;0;0;0;1;1;0;0;0;0;1;0;0;0;0;1;1;0;0;1;0;0;28.6133333333333
1;0;1;0;0;0;0;1;1;0;1;1;1;0;0;1;0;0;0;0;1;1;0;1;0;0;0;1;1;0;0;0;0;1;0;1;0;0;0;28.5366666666667
1;1;0;0;0;0;0;1;1;0;1;1;1;0;1;1;0;0;0;0;1;1;1;0;0;0;0;1;0;1;0;0;0;1;0;0;1;0;0;29.2166666666667
1;1;0;0;0;0;0;1;1;0;1;1;0;1;1;1;0;0;0;0;1;1;0;0;1;0;0;1;1;0;0;0;0;1;1;0;0;0;0;29.1333333333333
1;1;0;0;0;0;0;1;1;1;0;1;1;0;1;1;1;0;0;0;0;1;0;0;0;0;1;1;0;0;0;0;1;1;0;0;1;0;0;10.69
1;1;0;1;0;1;1;1;1;1;0;1;0;1;1;1;0;0;0;1;0;1;0;1;0;0;0;1;0;0;0;1;0;1;0;1;0;0;0;29.28
1;0;1;1;0;1;1;1;1;0;1;1;0;1;0;1;0;0;0;1;0;1;0;1;0;0;0;1;0;0;0;1;0;1;0;0;0;1;0;29.1533333333333
1;1;0;1;0;1;1;1;1;0;1;1;0;1;0;1;0;0;0;1;0;1;0;1;0;0;0;1;0;0;0;1;0;1;0;0;0;0;1;28.63
1;0;1;0;0;0;0;1;1;1;0;1;1;0;1;1;0;0;0;1;0;1;0;0;0;1;0;1;0;0;0;1;0;1;0;0;1;0;0;4.41
1;1;0;0;0;0;0;1;1;0;1;1;1;0;0;1;0;0;0;0;1;1;0;0;0;1;0;1;1;0;0;0;0;1;0;0;1;0;0;29.0366666666667
1;1;0;0;0;0;0;1;1;0;1;1;1;0;0;1;0;0;0;0;1;1;1;0;0;0;0;1;1;0;0;0;0;1;1;0;0;0;0;29.1466666666667
1;0;1;0;0;0;0;1;1;0;1;1;1;0;0;1;1;0;0;0;0;1;0;0;0;0;1;1;0;0;0;0;1;1;0;0;1;0;0;28.57
1;1;0;0;0;0;0;1;1;1;0;1;0;1;0;1;0;0;0;0;1;1;0;1;0;0;0;1;0;1;0;0;0;1;0;0;1;0;0;29.2266666666667
1;1;0;0;0;0;0;1;1;0;1;1;1;0;1;1;0;0;0;0;1;1;0;1;0;0;0;1;1;0;0;0;0;1;0;1;0;0;0;28.65
1;1;0;1;1;0;0;1;1;1;0;1;0;1;0;1;0;0;0;1;0;1;0;1;0;0;0;1;0;0;0;1;0;1;0;0;0;1;0;30.81
1;0;1;1;0;1;1;1;1;1;0;1;0;1;1;1;0;0;0;1;0;1;0;1;0;0;0;1;0;0;0;1;0;1;1;0;0;0;0;28.5033333333333
1;0;1;1;0;1;0;1;1;1;0;1;0;1;1;1;0;0;0;1;0;1;0;1;0;0;0;1;0;0;0;1;0;1;0;0;0;1;0;28.8266666666667
1;1;0;1;1;0;1;1;1;0;1;1;1;0;1;1;0;0;0;0;1;1;0;0;0;1;0;1;1;0;0;0;0;1;1;0;0;0;0;31.04
1;1;0;1;1;0;1;1;1;0;1;1;1;0;1;1;0;0;0;0;1;1;1;0;0;0;0;1;0;1;0;0;0;1;0;0;1;0;0;30.9733333333333
1;0;1;0;0;0;0;1;1;0;1;1;0;1;1;1;0;0;0;0;1;1;1;0;0;0;0;1;1;0;0;0;0;1;0;0;0;0;1;29.11
1;1;0;0;0;0;0;1;1;0;1;1;1;0;0;1;0;0;1;0;0;1;1;0;0;0;0;1;1;0;0;0;0;1;0;0;1;0;0;29.2
1;0;1;0;0;0;0;1;1;1;0;1;0;1;1;1;0;0;0;0;1;1;0;0;1;0;0;1;0;1;0;0;0;1;0;0;1;0;0;28.5733333333333
1;0;1;0;0;0;0;1;1;1;0;1;0;1;0;1;0;0;0;0;1;1;0;0;1;0;0;1;1;0;0;0;0;1;0;0;1;0;0;29.1766666666667
1;0;1;1;1;0;0;1;1;1;0;1;0;1;0;1;0;0;0;0;1;1;0;0;0;1;0;1;0;1;0;0;0;1;0;0;0;1;0;30.6533333333333
1;0;1;0;0;0;1;1;1;0;1;1;0;1;1;1;0;0;0;0;1;1;0;0;0;1;0;1;0;1;0;0;0;1;0;0;1;0;0;29.1333333333333
1;0;1;0;0;0;1;1;1;1;0;1;0;1;1;1;0;0;0;1;0;1;0;1;0;0;0;1;0;1;0;0;0;1;0;0;1;0;0;29.1533333333333
1;1;0;1;1;0;0;1;1;0;1;1;0;1;0;1;0;0;0;0;1;1;0;0;1;0;0;1;0;1;0;0;0;1;0;0;1;0;0;30.6766666666667
1;0;1;0;0;0;0;1;1;1;0;1;0;1;0;1;0;0;0;0;1;1;0;1;0;0;0;1;0;1;0;0;0;1;0;1;0;0;0;28.8166666666667
1;0;1;0;0;0;0;1;1;0;1;1;0;1;1;1;0;0;0;0;1;1;1;0;0;0;0;1;1;0;0;0;0;1;1;0;0;0;0;29.6066666666667
1;0;1;0;0;0;0;1;1;0;1;1;1;0;1;1;0;0;0;1;0;1;0;1;0;0;0;1;0;0;0;1;0;1;1;0;0;0;0;29.6833333333333
1;1;0;1;1;0;1;1;1;1;0;1;0;1;1;1;0;0;0;1;0;1;0;1;0;0;0;1;0;0;0;1;0;1;1;0;0;0;0;30.9433333333333
1;0;1;0;0;0;0;1;1;0;1;1;1;0;1;1;0;0;1;0;0;1;0;0;1;0;0;1;1;0;0;0;0;1;0;0;1;0;0;28.5766666666667
1;0;1;0;0;0;0;1;1;1;0;1;0;1;0;1;0;0;0;0;1;1;0;0;0;1;0;1;0;0;0;0;1;1;0;0;1;0;0;29.0233333333333
1;0;1;0;0;0;0;1;1;0;1;1;1;0;0;1;0;0;0;0;1;1;1;0;0;0;0;1;0;1;0;0;0;1;1;0;0;0;0;28.0666666666667
1;0;1;0;0;0;0;1;1;1;0;1;0;1;1;1;1;0;0;0;0;1;0;1;0;0;0;1;0;0;0;0;1;1;0;0;1;0;0;28.5533333333333
1;1;0;0;0;0;0;1;1;1;0;1;0;1;0;1;1;0;0;0;0;1;1;0;0;0;0;1;1;0;0;0;0;1;0;0;1;0;0;28.6133333333333
1;1;0;1;1;0;0;1;1;1;0;1;0;1;0;1;0;0;0;0;1;1;0;0;1;0;0;1;1;0;0;0;0;1;1;0;0;0;0;30.8766666666667
1;1;0;1;1;0;0;1;1;0;1;1;0;1;0;1;0;0;0;0;1;1;1;0;0;0;0;1;1;0;0;0;0;1;0;0;0;0;1;30.6033333333333
1;1;0;1;1;0;1;1;1;0;1;1;0;1;1;1;0;0;0;0;1;1;1;0;0;0;0;1;1;0;0;0;0;1;1;0;0;0;0;30.9066666666667
1;1;0;0;0;0;1;1;1;0;1;1;1;0;0;1;0;0;0;1;0;1;0;1;0;0;0;1;1;0;0;0;0;1;0;0;1;0;0;29.2033333333333
1;1;0;1;0;1;0;1;1;1;0;1;1;0;0;1;0;0;0;1;0;1;0;1;0;0;0;1;0;0;0;1;0;1;0;0;1;0;0;10.4733333333333
1;1;0;1;1;0;1;1;1;1;0;1;1;0;0;1;0;0;0;0;1;1;0;0;0;1;0;1;0;1;0;0;0;1;0;0;1;0;0;31.0366666666667
1;1;0;1;1;0;1;1;1;1;0;1;1;0;0;1;0;0;0;0;1;1;1;0;0;0;0;1;0;1;0;0;0;1;0;0;0;0;1;30.73
1;0;1;1;0;1;0;1;1;0;1;1;1;0;1;1;0;0;0;0;1;1;0;0;0;1;0;1;0;1;0;0;0;1;0;0;0;1;0;28.4733333333333
1;0;1;0;0;0;0;1;1;0;1;1;1;0;1;1;0;0;0;0;1;1;0;1;0;0;0;1;0;1;0;0;0;1;0;1;0;0;0;28.6333333333333
1;0;1;1;0;1;1;1;1;0;1;1;1;0;1;1;0;0;0;1;0;1;0;1;0;0;0;1;0;0;0;1;0;1;0;0;0;1;0;28.9333333333333
1;1;0;1;1;0;0;1;1;1;0;1;1;0;0;1;0;0;0;1;0;1;0;1;0;0;0;1;0;0;0;1;0;1;0;1;0;0;0;15.34
1;1;0;1;0;1;0;1;1;0;1;1;0;1;0;1;0;0;0;0;1;1;1;0;0;0;0;1;1;0;0;0;0;1;1;0;0;0;0;29.7333333333333
1;1;0;1;1;0;1;1;1;0;1;1;0;1;0;1;0;0;0;1;0;1;0;1;0;0;0;1;0;0;0;1;0;1;1;0;0;0;0;30.89
1;1;0;0;0;0;0;1;1;1;0;1;0;1;0;1;0;0;0;0;1;1;0;0;0;0;1;1;0;0;0;0;1;1;0;0;1;0;0;29.1633333333333
1;0;1;1;1;0;1;1;1;1;0;1;0;1;0;1;0;0;0;0;1;1;1;0;0;0;0;1;1;0;0;0;0;1;1;0;0;0;0;30.5466666666667
1;1;0;0;0;0;0;1;1;1;0;1;1;0;0;1;0;0;0;0;1;1;0;0;1;0;0;1;0;1;0;0;0;1;0;0;1;0;0;10.6066666666667
1;0;1;0;0;0;0;1;1;1;0;1;1;0;1;1;0;0;0;0;1;1;0;1;0;0;0;1;1;0;0;0;0;1;0;1;0;0;0;5.69666666666667
1;0;1;0;0;0;1;1;1;1;0;1;0;1;1;1;0;0;0;0;1;1;0;0;1;0;0;1;0;1;0;0;0;1;0;0;1;0;0;29.3033333333333
1;1;0;0;0;0;0;1;1;0;1;1;1;0;1;1;0;0;0;0;1;1;0;1;0;0;0;1;0;1;0;0;0;1;0;1;0;0;0;29.6466666666667
1;0;1;1;1;0;1;1;1;0;1;1;0;1;1;1;0;0;0;1;0;1;0;1;0;0;0;1;0;0;0;1;0;1;0;0;1;0;0;30.8133333333333
1;0;1;1;1;0;0;1;1;1;0;1;0;1;0;1;0;0;0;1;0;1;0;1;0;0;0;1;0;0;0;1;0;1;0;1;0;0;0;30.7033333333333
1;1;0;1;1;0;0;1;1;1;0;1;0;1;1;1;0;0;0;1;0;1;0;0;0;0;1;1;0;0;0;1;0;1;0;0;1;0;0;30.8033333333333
1;1;0;0;0;0;1;1;1;1;0;1;0;1;1;1;0;0;0;0;1;1;0;0;1;0;0;1;1;0;0;0;0;1;1;0;0;0;0;29.2333333333333
1;1;0;0;0;0;0;1;1;1;0;1;0;1;0;1;0;0;0;0;1;1;0;0;0;1;0;1;1;0;0;0;0;1;0;1;0;0;0;28.6266666666667
1;1;0;1;1;0;1;1;1;1;0;1;0;1;1;1;0;0;0;0;1;1;0;0;1;0;0;1;1;0;0;0;0;1;1;0;0;0;0;30.67
1;1;0;0;0;0;1;1;1;1;0;1;0;1;1;1;0;0;0;0;1;1;0;0;1;0;0;1;0;1;0;0;0;1;0;0;0;1;0;28.4233333333333
1;1;0;1;1;0;0;1;1;0;1;1;1;0;0;1;1;0;0;0;0;1;0;0;1;0;0;1;0;0;0;0;1;1;0;0;1;0;0;30.8866666666667
1;1;0;1;0;1;0;1;1;0;1;1;1;0;0;1;0;0;0;0;1;1;0;0;0;1;0;1;0;1;0;0;0;1;0;0;0;0;1;28.6733333333333
1;0;1;0;0;0;0;1;1;0;1;1;0;1;1;1;0;0;0;0;1;1;0;1;0;0;0;1;0;1;0;0;0;1;0;1;0;0;0;28.5233333333333
1;1;0;0;0;0;0;1;1;0;1;1;1;0;1;1;1;0;0;0;0;1;0;0;0;1;0;1;0;0;0;0;1;1;0;0;1;0;0;29.38
1;0;1;0;0;0;0;1;1;1;0;1;0;1;0;1;0;0;0;1;0;1;1;0;0;0;0;1;0;0;0;1;0;1;0;0;1;0;0;28.8066666666667
1;1;0;0;0;0;0;1;1;1;0;1;0;1;0;1;1;0;0;0;0;1;0;1;0;0;0;1;0;0;0;0;1;1;0;0;1;0;0;29.6833333333333
1;0;1;0;0;0;0;1;1;0;1;1;1;0;1;1;0;0;0;0;1;1;1;0;0;0;0;1;1;0;0;0;0;1;0;0;1;0;0;29.16
1;0;1;1;1;0;0;1;1;1;0;1;0;1;1;1;0;0;0;1;0;1;1;0;0;0;0;1;0;0;0;1;0;1;0;0;1;0;0;30.7366666666667
1;0;1;1;0;1;0;1;1;0;1;1;1;0;1;1;0;0;0;0;1;1;1;0;0;0;0;1;1;0;0;0;0;1;0;1;0;0;0;28.55
1;0;1;1;1;0;0;1;1;1;0;1;1;0;1;1;0;0;0;1;0;1;0;1;0;0;0;1;0;0;0;1;0;1;0;1;0;0;0;7.54666666666667
1;0;1;0;0;0;0;1;1;0;1;1;0;1;0;1;1;0;0;0;0;1;0;0;1;0;0;1;1;0;0;0;0;1;0;0;1;0;0;28.6266666666667
1;1;0;1;1;0;0;1;1;1;0;1;1;0;1;1;0;0;0;1;0;1;0;1;0;0;0;1;0;0;0;1;0;1;0;1;0;0;0;15.3033333333333
1;0;1;0;0;0;0;1;1;0;1;1;1;0;0;1;0;0;0;1;0;1;0;1;0;0;0;1;0;0;0;1;0;1;0;1;0;0;0;28.6033333333333
1;0;1;1;1;0;0;1;1;0;1;1;0;1;1;1;0;0;0;1;0;1;0;0;0;1;0;1;0;0;0;1;0;1;0;0;1;0;0;30.96
1;0;1;0;0;0;0;1;1;0;1;1;1;0;0;1;0;0;0;1;0;1;1;0;0;0;0;1;0;0;0;1;0;1;1;0;0;0;0;28.6133333333333
1;1;0;0;0;0;0;1;1;1;0;1;1;0;0;1;1;0;0;0;0;1;0;0;0;0;1;1;0;0;0;0;1;1;0;0;1;0;0;10.66
1;1;0;0;0;0;0;1;1;0;1;1;0;1;0;1;1;0;0;0;0;1;0;1;0;0;0;1;1;0;0;0;0;1;0;0;1;0;0;29.2233333333333
1;0;1;1;0;1;0;1;1;0;1;1;0;1;0;1;0;0;0;0;1;1;1;0;0;0;0;1;1;0;0;0;0;1;0;1;0;0;0;28.6566666666667
1;1;0;0;0;0;0;1;1;1;0;1;1;0;0;1;1;0;0;0;0;1;1;0;0;0;0;1;1;0;0;0;0;1;0;0;1;0;0;10.5766666666667
1;1;0;0;0;0;1;1;1;0;1;1;1;0;0;1;0;0;0;0;1;1;0;1;0;0;0;1;1;0;0;0;0;1;0;0;1;0;0;29.7266666666667
1;0;1;0;0;0;1;1;1;1;0;1;1;0;0;1;0;0;0;1;0;1;0;1;0;0;0;1;1;0;0;0;0;1;0;0;1;0;0;23.9566666666667
1;0;1;0;0;0;0;1;1;1;0;1;1;0;1;1;0;0;0;0;1;1;0;0;1;0;0;1;1;0;0;0;0;1;0;1;0;0;0;5.77666666666667
1;0;1;0;0;0;0;1;1;0;1;1;0;1;0;1;0;0;0;0;1;1;1;0;0;0;0;1;1;0;0;0;0;1;0;1;0;0;0;29.14
1;0;1;0;0;0;0;1;1;1;0;1;1;0;0;1;0;0;0;0;1;1;0;0;1;0;0;1;0;1;0;0;0;1;0;1;0;0;0;5.74
1;0;1;0;0;0;0;1;1;0;1;1;1;0;1;1;0;0;0;0;1;1;0;0;0;0;1;1;1;0;0;0;0;1;0;0;1;0;0;29.6533333333333
1;1;0;1;0;1;1;1;1;1;0;1;1;0;1;1;0;0;0;0;1;1;0;0;1;0;0;1;0;1;0;0;0;1;0;0;1;0;0;29.1666666666667
1;1;0;0;0;0;0;1;1;1;0;1;1;0;1;1;0;0;0;0;1;1;1;0;0;0;0;1;1;0;0;0;0;1;0;0;1;0;0;10.6466666666667
1;0;1;1;1;0;0;1;1;0;1;1;0;1;0;1;0;0;0;0;1;1;1;0;0;0;0;1;1;0;0;0;0;1;0;0;1;0;0;30.8833333333333
1;1;0;0;0;0;0;1;1;1;0;1;1;0;0;1;0;0;0;0;1;1;0;0;0;1;0;1;1;0;0;0;0;1;0;0;1;0;0;10.6333333333333
1;1;0;1;1;0;0;1;1;0;1;1;0;1;1;1;0;0;0;1;0;1;0;0;0;0;1;1;0;0;0;1;0;1;0;0;1;0;0;30.3066666666667
1;1;0;1;1;0;0;1;1;1;0;1;1;0;1;1;0;0;0;0;1;1;1;0;0;0;0;1;1;0;0;0;0;1;1;0;0;0;0;18.2133333333333
1;1;0;1;1;0;0;1;1;0;1;1;0;1;1;1;0;0;0;1;0;1;1;0;0;0;0;1;0;0;0;1;0;1;0;0;1;0;0;30.6566666666667
1;1;0;0;0;0;0;1;1;0;1;1;1;0;1;1;1;0;0;0;0;1;0;0;1;0;0;1;0;0;0;0;1;1;0;0;1;0;0;28.5933333333333
1;0;1;1;0;1;0;1;1;1;0;1;1;0;0;1;0;0;0;1;0;1;0;1;0;0;0;1;0;0;0;1;0;1;0;0;0;1;0;6.41
1;0;1;0;0;0;0;1;1;0;1;1;0;1;1;1;0;0;0;0;1;1;0;0;0;1;0;1;0;1;0;0;0;1;1;0;0;0;0;28.5533333333333
1;0;1;0;0;0;0;1;1;1;0;1;1;0;1;1;0;0;0;0;1;1;0;0;0;1;0;1;1;0;0;0;0;1;0;0;1;0;0;4.58666666666667
1;1;0;1;1;0;1;1;1;1;0;1;0;1;0;1;0;0;0;0;1;1;1;0;0;0;0;1;0;1;0;0;0;1;0;0;0;1;0;30.69
1;1;0;1;0;1;0;1;1;1;0;1;0;1;0;1;0;0;0;0;1;1;0;0;1;0;0;1;0;1;0;0;0;1;0;0;0;1;0;28.5166666666667
1;1;0;1;1;0;1;1;1;0;1;1;1;0;1;1;0;0;0;0;1;1;0;0;1;0;0;1;0;1;0;0;0;1;0;0;1;0;0;30.9566666666667
1;1;0;1;1;0;1;1;1;1;0;1;1;0;0;1;0;0;0;0;1;1;1;0;0;0;0;1;1;0;0;0;0;1;0;1;0;0;0;30.8866666666667
1;0;1;1;1;0;0;1;1;0;1;1;1;0;0;1;0;0;0;0;1;1;0;0;1;0;0;1;1;0;0;0;0;1;0;0;1;0;0;30.5833333333333
1;1;0;1;1;0;0;1;1;0;1;1;1;0;1;1;0;0;0;0;1;1;0;0;1;0;0;1;1;0;0;0;0;1;1;0;0;0;0;30.8433333333333
1;1;0;0;0;0;1;1;1;0;1;1;0;1;0;1;0;0;0;0;1;1;0;0;1;0;0;1;0;1;0;0;0;1;0;0;0;1;0;28.9566666666667
1;1;0;1;1;0;0;1;1;1;0;1;0;1;1;1;0;0;0;1;0;1;0;1;0;0;0;1;0;0;0;1;0;1;0;1;0;0;0;30.72
1;0;1;0;0;0;0;1;1;1;0;1;1;0;0;1;0;0;0;0;1;1;0;0;0;1;0;1;1;0;0;0;0;1;0;0;1;0;0;4.45666666666667
1;0;1;1;0;1;1;1;1;0;1;1;0;1;0;1;0;0;0;0;1;1;0;0;0;1;0;1;1;0;0;0;0;1;1;0;0;0;0;29.2166666666667
1;0;1;0;0;0;0;1;1;0;1;1;0;1;1;1;0;0;0;0;1;1;0;0;0;0;1;1;0;0;0;0;1;1;0;0;1;0;0;28.8566666666667
1;0;1;0;0;0;0;1;1;1;0;1;0;1;1;1;0;0;0;0;1;1;0;0;0;1;0;1;1;0;0;0;0;1;0;1;0;0;0;29.7066666666667
1;0;1;0;0;0;0;1;1;1;0;1;0;1;0;1;0;0;0;1;0;1;0;0;1;0;0;1;0;0;0;1;0;1;0;0;1;0;0;29.1133333333333
1;1;0;0;0;0;0;1;1;1;0;1;0;1;0;1;0;0;0;0;1;1;0;0;1;0;0;1;1;0;0;0;0;1;0;0;1;0;0;28.66
1;1;0;0;0;0;1;1;1;1;0;1;1;0;1;1;0;0;0;0;1;1;0;0;1;0;0;1;0;1;0;0;0;1;0;0;1;0;0;29.71
1;1;0;0;0;0;0;1;1;1;0;1;1;0;1;1;0;0;0;1;0;1;1;0;0;0;0;1;0;0;0;1;0;1;0;0;1;0;0;10.7766666666667
1;1;0;1;1;0;0;1;1;0;1;1;0;1;0;1;0;0;0;0;1;1;0;0;1;0;0;1;0;1;0;0;0;1;0;0;0;1;0;30.48
1;0;1;0;0;0;0;1;1;1;0;1;1;0;0;1;0;0;0;1;0;1;0;0;0;0;1;1;0;0;0;1;0;1;0;0;1;0;0;4.39333333333333
1;0;1;0;0;0;0;1;1;0;1;1;0;1;0;1;1;0;0;0;0;1;0;1;0;0;0;1;0;0;0;0;1;1;0;0;1;0;0;29.21
1;0;1;1;0;1;0;1;1;0;1;1;1;0;1;1;0;0;0;0;1;1;0;0;0;1;0;1;0;1;0;0;0;1;0;0;1;0;0;29.6633333333333
1;1;0;1;1;0;0;1;1;0;1;1;1;0;1;1;1;0;0;0;0;1;1;0;0;0;0;1;1;0;0;0;0;1;0;0;1;0;0;30.8366666666667
1;0;1;1;1;0;1;1;1;0;1;1;0;1;1;1;0;0;0;0;1;1;1;0;0;0;0;1;1;0;0;0;0;1;1;0;0;0;0;30.6633333333333
1;0;1;1;0;1;1;1;1;0;1;1;0;1;0;1;0;0;0;1;0;1;0;1;0;0;0;1;0;0;0;1;0;1;0;0;1;0;0;29.0833333333333
1;1;0;0;0;0;0;1;1;0;1;1;1;0;1;1;0;0;0;0;1;1;0;0;0;0;1;1;1;0;0;0;0;1;0;0;1;0;0;28.5233333333333
1;1;0;0;0;0;0;1;1;0;1;1;0;1;0;1;0;0;0;0;1;1;0;0;0;1;0;1;1;0;0;0;0;1;0;1;0;0;0;28.62
1;1;0;1;1;0;1;1;1;0;1;1;1;0;0;1;0;0;0;0;1;1;0;0;0;1;0;1;0;1;0;0;0;1;0;0;0;1;0;31.1633333333333
1;1;0;0;0;0;0;1;1;0;1;1;1;0;0;1;0;0;0;1;0;1;0;1;0;0;0;1;0;0;0;1;0;1;0;1;0;0;0;29.5533333333333
1;0;1;0;0;0;1;1;1;0;1;1;1;0;0;1;0;0;0;0;1;1;1;0;0;0;0;1;1;0;0;0;0;1;0;1;0;0;0;28.67
1;1;0;0;0;0;0;1;1;1;0;1;0;1;1;1;1;0;0;0;0;1;0;0;0;0;1;1;0;0;0;0;1;1;0;0;1;0;0;29.0666666666667
1;1;0;0;0;0;1;1;1;1;0;1;1;0;0;1;0;0;0;1;0;1;0;1;0;0;0;1;0;0;0;1;0;1;0;1;0;0;0;29.23
1;1;0;1;1;0;0;1;1;1;0;1;1;0;0;1;0;0;0;1;0;1;0;1;0;0;0;1;0;0;0;1;0;1;0;0;0;1;0;14.91
1;0;1;0;0;0;0;1;1;0;1;1;1;0;1;1;0;1;0;0;0;1;1;0;0;0;0;1;0;1;0;0;0;1;0;0;1;0;0;29.1833333333333
1;1;0;1;1;0;1;1;1;1;0;1;1;0;1;1;0;0;0;0;1;1;0;0;1;0;0;1;0;1;0;0;0;1;0;0;0;0;1;30.9166666666667
1;0;1;0;0;0;0;1;1;0;1;1;1;0;0;1;0;0;0;0;1;1;0;0;0;1;0;1;0;0;0;0;1;1;0;0;1;0;0;28.4766666666667
1;0;1;1;0;1;1;1;1;0;1;1;1;0;1;1;0;0;0;1;0;1;0;1;0;0;0;1;0;0;0;1;0;1;0;0;0;0;1;29.06
1;1;0;1;1;0;0;1;1;0;1;1;0;1;0;1;0;0;0;1;0;1;0;1;0;0;0;1;0;0;0;1;0;1;0;0;0;0;1;30.68
1;0;1;0;0;0;0;1;1;0;1;1;1;0;1;1;1;0;0;0;0;1;1;0;0;0;0;1;1;0;0;0;0;1;0;0;1;0;0;28.5166666666667
1;0;1;1;1;0;0;1;1;0;1;1;0;1;0;1;0;0;0;1;0;1;0;1;0;0;0;1;0;0;0;1;0;1;0;0;0;1;0;30.8766666666667
1;1;0;0;0;0;0;1;1;0;1;1;1;0;1;1;0;1;0;0;0;1;1;0;0;0;0;1;0;1;0;0;0;1;0;0;1;0;0;29.2433333333333
1;0;1;1;0;1;0;1;1;0;1;1;1;0;0;1;0;0;0;0;1;1;0;0;1;0;0;1;0;1;0;0;0;1;0;0;0;1;0;28.63
1;1;0;0;0;0;0;1;1;0;1;1;0;1;0;1;0;0;0;0;1;1;0;0;0;1;0;1;0;0;0;1;0;1;0;0;1;0;0;28.62
1;1;0;0;0;0;0;1;1;1;0;1;0;1;1;1;0;0;0;0;1;1;1;0;0;0;0;1;0;0;0;0;1;1;0;0;1;0;0;29.06
1;0;1;0;0;0;1;1;1;1;0;1;0;1;0;1;0;0;0;1;0;1;0;1;0;0;0;1;0;0;0;1;0;1;0;0;0;1;0;29.0966666666667
1;0;1;0;0;0;0;1;1;1;0;1;1;0;0;1;1;0;0;0;0;1;0;1;0;0;0;1;1;0;0;0;0;1;0;0;1;0;0;4.57333333333333
1;1;0;1;1;0;1;1;1;0;1;1;0;1;0;1;0;0;0;0;1;1;1;0;0;0;0;1;1;0;0;0;0;1;1;0;0;0;0;30.7533333333333
1;0;1;0;0;0;0;1;1;1;0;1;1;0;0;1;1;0;0;0;0;1;1;0;0;0;0;1;1;0;0;0;0;1;0;0;1;0;0;4.60666666666667
1;1;0;1;1;0;0;1;1;0;1;1;1;0;1;1;0;0;0;0;1;1;0;0;1;0;0;1;1;0;0;0;0;1;0;0;1;0;0;30.97
1;0;1;0;0;0;0;1;1;1;0;1;0;1;0;1;0;0;0;0;1;1;0;0;1;0;0;1;1;0;0;0;0;1;0;1;0;0;0;29.1233333333333
1;0;1;1;0;1;0;1;1;0;1;1;1;0;0;1;0;0;0;1;0;1;0;1;0;0;0;1;0;0;0;1;0;1;0;0;0;0;1;29.3466666666667
1;1;0;0;0;0;0;1;1;1;0;1;0;1;1;1;0;0;0;0;1;1;0;1;0;0;0;1;1;0;0;0;0;1;0;1;0;0;0;29.16
1;1;0;0;0;0;1;1;1;1;0;1;0;1;0;1;0;0;0;0;1;1;1;0;0;0;0;1;1;0;0;0;0;1;1;0;0;0;0;29.67
1;1;0;1;1;0;0;1;1;0;1;1;1;0;0;1;0;0;0;1;0;1;0;1;0;0;0;1;0;0;0;1;0;1;1;0;0;0;0;30.95
1;0;1;0;0;0;1;1;1;1;0;1;1;0;1;1;0;0;0;0;1;1;0;0;1;0;0;1;0;1;0;0;0;1;0;0;1;0;0;25.24
1;0;1;0;0;0;0;1;1;1;0;1;0;1;1;1;0;0;0;0;1;1;0;1;0;0;0;1;1;0;0;0;0;1;0;0;1;0;0;28.6633333333333
1;1;0;1;1;0;1;1;1;1;0;1;0;1;0;1;0;0;0;0;1;1;0;0;0;1;0;1;0;1;0;0;0;1;0;0;1;0;0;30.7066666666667
1;1;0;0;0;0;1;1;1;0;1;1;1;0;0;1;0;0;0;1;0;1;0;1;0;0;0;1;0;0;0;1;0;1;0;0;1;0;0;29.1966666666667
1;0;1;0;0;0;0;1;1;1;0;1;0;1;0;1;0;0;0;0;1;1;0;0;1;0;0;1;0;1;0;0;0;1;0;1;0;0;0;28.5933333333333
1;1;0;0;0;0;1;1;1;0;1;1;0;1;1;1;0;0;0;0;1;1;0;0;1;0;0;1;0;1;0;0;0;1;0;0;0;1;0;29.1133333333333
1;1;0;1;1;0;0;1;1;0;1;1;0;1;1;1;0;0;0;0;1;1;0;0;1;0;0;1;0;1;0;0;0;1;0;0;1;0;0;30.8866666666667
1;1;0;0;0;0;0;1;1;1;0;1;1;0;0;1;1;0;0;0;0;1;0;1;0;0;0;1;0;0;0;0;1;1;0;0;1;0;0;10.7466666666667
1;0;1;0;0;0;0;1;1;0;1;1;1;0;0;1;0;0;0;0;1;1;0;0;1;0;0;1;1;0;0;0;0;1;0;0;1;0;0;29.14
1;1;0;1;0;1;1;1;1;1;0;1;1;0;1;1;0;0;0;1;0;1;0;1;0;0;0;1;0;0;0;1;0;1;0;1;0;0;0;28.5733333333333
1;1;0;0;0;0;1;1;1;0;1;1;0;1;1;1;0;0;0;0;1;1;0;1;0;0;0;1;1;0;0;0;0;1;0;0;1;0;0;29.13
1;1;0;1;0;1;1;1;1;0;1;1;1;0;1;1;0;0;0;0;1;1;0;0;0;1;0;1;0;1;0;0;0;1;0;0;1;0;0;28.63
1;1;0;1;0;1;0;1;1;0;1;1;1;0;1;1;0;0;0;1;0;1;0;1;0;0;0;1;0;0;0;1;0;1;1;0;0;0;0;29.1266666666667
1;0;1;1;1;0;0;1;1;0;1;1;0;1;1;1;0;0;0;0;1;1;0;0;0;1;0;1;1;0;0;0;0;1;1;0;0;0;0;30.93
1;1;0;1;1;0;0;1;1;0;1;1;1;0;0;1;0;0;0;1;0;1;0;0;1;0;0;1;0;0;0;1;0;1;0;0;1;0;0;30.9766666666667
1;0;1;0;0;0;0;1;1;0;1;1;0;1;1;1;0;0;0;0;1;1;0;0;0;1;0;1;1;0;0;0;0;1;0;0;1;0;0;29.1966666666667
1;0;1;1;1;0;1;1;1;0;1;1;0;1;1;1;0;0;0;1;0;1;0;1;0;0;0;1;0;0;0;1;0;1;0;0;0;0;1;30.72
1;0;1;0;0;0;0;1;1;1;0;1;0;1;0;1;0;0;0;0;1;1;0;0;0;1;0;1;1;0;0;0;0;1;1;0;0;0;0;29.1033333333333
1;1;0;1;0;1;1;1;1;0;1;1;0;1;1;1;0;0;0;1;0;1;0;1;0;0;0;1;0;0;0;1;0;1;0;0;0;1;0;28.5333333333333
1;0;1;1;1;0;0;1;1;0;1;1;1;0;1;1;0;0;0;0;1;1;0;0;1;0;0;1;1;0;0;0;0;1;1;0;0;0;0;30.9333333333333
1;0;1;1;1;0;0;1;1;0;1;1;0;1;0;1;0;0;0;0;1;1;0;0;1;0;0;1;0;1;0;0;0;1;0;0;0;1;0;30.6366666666667
1;1;0;0;0;0;0;1;1;0;1;1;0;1;0;1;0;0;0;0;1;1;0;0;1;0;0;1;0;0;1;0;0;1;0;0;1;0;0;28.5366666666667
1;1;0;0;0;0;1;1;1;1;0;1;0;1;0;1;0;0;0;0;1;1;0;0;1;0;0;1;0;1;0;0;0;1;0;0;0;1;0;29.4066666666667
1;0;1;0;0;0;1;1;1;1;0;1;1;0;1;1;0;0;0;1;0;1;0;1;0;0;0;1;0;0;0;1;0;1;0;0;0;0;1;25.5033333333333
1;1;0;0;0;0;1;1;1;1;0;1;1;0;0;1;0;0;0;0;1;1;0;0;0;1;0;1;1;0;0;0;0;1;1;0;0;0;0;29.6566666666667
1;0;1;1;1;0;0;1;1;1;0;1;0;1;1;1;0;0;0;1;0;1;0;1;0;0;0;1;0;0;0;1;0;1;0;0;0;1;0;30.9433333333333
1;1;0;0;0;0;0;1;1;0;1;1;0;1;1;1;0;0;0;0;1;1;0;0;1;0;0;1;0;1;0;0;0;1;0;0;0;1;0;28.3233333333333
1;1;0;1;0;1;1;1;1;0;1;1;0;1;0;1;0;0;0;0;1;1;0;0;0;1;0;1;0;1;0;0;0;1;0;0;1;0;0;28.64
1;0;1;1;1;0;1;1;1;0;1;1;1;0;0;1;0;0;0;1;0;1;0;1;0;0;0;1;0;0;0;1;0;1;0;0;0;1;0;30.9466666666667
1;0;1;0;0;0;0;1;1;0;1;1;1;0;1;1;0;0;0;0;1;1;0;0;0;1;0;1;1;0;0;0;0;1;0;0;1;0;0;28.48
1;0;1;1;0;1;0;1;1;1;0;1;0;1;1;1;0;0;0;0;1;1;0;0;1;0;0;1;0;1;0;0;0;1;0;0;1;0;0;28.9866666666667
1;0;1;0;0;0;1;1;1;0;1;1;0;1;0;1;0;0;0;1;0;1;0;1;0;0;0;1;0;0;0;1;0;1;0;0;1;0;0;29.1666666666667
1;0;1;0;0;0;0;1;1;1;0;1;1;0;0;1;0;0;0;1;0;1;1;0;0;0;0;1;0;0;0;1;0;1;0;0;1;0;0;4.37
1;0;1;1;1;0;0;1;1;1;0;1;1;0;0;1;0;0;0;0;1;1;1;0;0;0;0;1;1;0;0;0;0;1;0;1;0;0;0;7.6
1;0;1;0;0;0;0;1;1;1;0;1;1;0;1;1;0;0;0;0;1;1;0;0;0;1;0;1;0;1;0;0;0;1;1;0;0;0;0;18.4033333333333
1;0;1;1;0;1;1;1;1;0;1;1;0;1;0;1;0;0;0;0;1;1;0;0;1;0;0;1;0;1;0;0;0;1;0;0;0;1;0;28.7033333333333
1;0;1;0;0;0;0;1;1;0;1;1;0;1;1;1;1;0;0;0;0;1;1;0;0;0;0;1;0;0;0;0;1;1;0;0;1;0;0;28.96
1;0;1;1;1;0;0;1;1;1;0;1;0;1;1;1;0;0;0;1;0;1;0;1;0;0;0;1;0;0;0;1;0;1;0;0;1;0;0;30.8266666666667
1;0;1;0;0;0;0;1;1;0;1;1;0;1;0;1;0;0;0;0;1;1;0;0;1;0;0;1;0;1;0;0;0;1;1;0;0;0;0;28.6166666666667
1;0;1;0;0;0;0;1;1;1;0;1;1;0;0;1;0;0;0;1;0;1;0;1;0;0;0;1;0;0;0;1;0;1;0;0;0;0;1;7.58
1;1;0;0;0;0;1;1;1;0;1;1;0;1;0;1;0;0;0;1;0;1;0;1;0;0;0;1;0;0;0;1;0;1;0;1;0;0;0;29.3466666666667
1;1;0;0;0;0;0;1;1;0;1;1;0;1;0;1;1;0;0;0;0;1;0;0;1;0;0;1;0;0;0;0;1;1;0;0;1;0;0;29.06
1;1;0;1;1;0;1;1;1;0;1;1;0;1;1;1;0;0;0;1;0;1;0;1;0;0;0;1;0;0;0;1;0;1;0;0;0;0;1;30.9033333333333
1;0;1;1;1;0;0;1;1;0;1;1;1;0;1;1;0;0;0;0;1;1;0;0;0;1;0;1;0;1;0;0;0;1;0;0;1;0;0;30.95
1;1;0;1;0;1;1;1;1;0;1;1;1;0;0;1;0;0;0;0;1;1;0;0;1;0;0;1;0;1;0;0;0;1;0;0;1;0;0;28.5766666666667
1;1;0;0;0;0;1;1;1;0;1;1;0;1;0;1;0;0;0;0;1;1;1;0;0;0;0;1;0;1;0;0;0;1;0;0;0;0;1;29.1333333333333
1;0;1;1;0;1;1;1;1;0;1;1;1;0;0;1;0;0;0;0;1;1;0;0;1;0;0;1;1;0;0;0;0;1;1;0;0;0;0;28.4266666666667
1;0;1;0;0;0;0;1;1;1;0;1;1;0;0;1;0;0;0;0;1;1;0;0;1;0;0;1;0;1;0;0;0;1;1;0;0;0;0;18.7066666666667
1;0;1;0;0;0;0;1;1;0;1;1;0;1;1;1;0;0;0;0;1;1;0;0;1;0;0;1;1;0;0;0;0;1;0;0;1;0;0;28.4566666666667
1;0;1;1;0;1;1;1;1;0;1;1;0;1;0;1;0;0;0;0;1;1;0;0;1;0;0;1;0;1;0;0;0;1;0;0;1;0;0;28.89
1;1;0;0;0;0;0;1;1;0;1;1;0;1;0;1;0;0;0;0;1;1;0;0;0;1;0;1;0;1;0;0;0;1;0;0;1;0;0;29.0566666666667
1;0;1;0;0;0;0;1;1;0;1;1;0;1;0;1;0;0;0;0;1;1;0;0;1;0;0;1;1;0;0;0;0;1;1;0;0;0;0;28.3933333333333
1;0;1;0;0;0;0;1;1;0;1;1;0;1;1;1;0;0;0;0;1;1;0;0;0;1;0;1;0;1;0;0;0;1;0;1;0;0;0;28.55
1;0;1;0;0;0;1;1;1;1;0;1;0;1;0;1;0;0;0;1;0;1;0;1;0;0;0;1;0;0;0;1;0;1;0;1;0;0;0;28.6
1;1;0;0;0;0;0;1;1;1;0;1;0;1;1;1;0;0;0;0;1;1;0;0;0;1;0;1;1;0;0;0;0;1;0;0;1;0;0;28.59
1;0;1;0;0;0;1;1;1;0;1;1;1;0;0;1;0;0;0;1;0;1;0;1;0;0;0;1;0;0;0;1;0;1;0;0;0;1;0;28.6066666666667
1;0;1;0;0;0;0;1;1;0;1;1;1;0;1;1;0;1;0;0;0;1;1;0;0;0;0;1;0;0;1;0;0;1;0;0;1;0;0;29.1
1;0;1;1;0;1;0;1;1;0;1;1;1;0;1;1;0;0;0;1;0;1;0;1;0;0;0;1;0;0;0;1;0;1;0;0;0;0;1;28.6333333333333
1;1;0;1;1;0;0;1;1;1;0;1;0;1;0;1;0;0;0;1;0;1;0;1;0;0;0;1;0;0;0;1;0;1;1;0;0;0;0;30.8966666666667
1;0;1;0;0;0;0;1;1;1;0;1;1;0;1;1;0;0;0;1;0;1;0;0;1;0;0;1;0;0;0;1;0;1;0;0;1;0;0;4.47333333333333
1;0;1;1;1;0;0;1;1;0;1;1;1;0;1;1;0;0;0;0;1;1;0;0;1;0;0;1;0;0;0;0;1;1;0;0;1;0;0;30.8066666666667
1;1;0;1;1;0;0;1;1;1;0;1;1;0;1;1;0;0;0;0;1;1;0;0;0;1;0;1;0;1;0;0;0;1;0;0;0;1;0;14.9266666666667
1;1;0;0;0;0;0;1;1;1;0;1;0;1;0;1;0;0;0;0;1;1;0;0;0;1;0;1;0;1;0;0;0;1;0;0;1;0;0;28.4
1;1;0;0;0;0;0;1;1;1;0;1;0;1;1;1;1;0;0;0;0;1;1;0;0;0;0;1;1;0;0;0;0;1;0;0;1;0;0;29.1233333333333
1;1;0;0;0;0;0;1;1;1;0;1;0;1;1;1;1;0;0;0;0;1;0;0;0;1;0;1;1;0;0;0;0;1;0;0;1;0;0;29.7133333333333
1;1;0;1;1;0;0;1;1;0;1;1;0;1;1;1;0;0;0;1;0;1;0;1;0;0;0;1;0;0;0;1;0;1;0;0;0;0;1;30.55
1;1;0;1;1;0;0;1;1;1;0;1;0;1;0;1;0;0;0;0;1;1;0;0;1;0;0;1;0;1;0;0;0;1;0;0;1;0;0;30.4866666666667
1;0;1;0;0;0;0;1;1;1;0;1;0;1;1;1;0;0;0;0;1;1;0;0;1;0;0;1;0;1;0;0;0;1;0;0;0;1;0;28.5633333333333
1;0;1;0;0;0;0;1;1;0;1;1;1;0;1;1;0;0;0;1;0;1;0;0;1;0;0;1;0;0;0;1;0;1;0;0;1;0;0;28.8866666666667
1;1;0;1;1;0;1;1;1;1;0;1;0;1;0;1;0;0;0;0;1;1;0;0;0;1;0;1;0;1;0;0;0;1;0;0;0;0;1;30.8766666666667
1;0;1;0;0;0;1;1;1;1;0;1;1;0;1;1;0;0;0;0;1;1;0;0;1;0;0;1;0;1;0;0;0;1;0;0;0;1;0;25.2966666666667
1;1;0;0;0;0;0;1;1;1;0;1;0;1;1;1;0;0;0;0;1;1;1;0;0;0;0;1;0;1;0;0;0;1;0;1;0;0;0;28.56
1;0;1;1;1;0;1;1;1;1;0;1;1;0;0;1;0;0;0;1;0;1;0;1;0;0;0;1;0;0;0;1;0;1;1;0;0;0;0;28.2333333333333
1;0;1;1;1;0;1;1;1;0;1;1;0;1;1;1;0;0;0;0;1;1;0;0;1;0;0;1;1;0;0;0;0;1;1;0;0;0;0;30.7033333333333
1;0;1;1;1;0;0;1;1;1;0;1;0;1;0;1;0;0;0;1;0;1;0;0;0;1;0;1;0;0;0;1;0;1;0;0;1;0;0;30.7133333333333
1;1;0;1;1;0;0;1;1;1;0;1;1;0;1;1;0;0;0;1;0;1;0;1;0;0;0;1;0;0;0;1;0;1;0;0;0;1;0;14.9033333333333
1;1;0;1;0;1;1;1;1;1;0;1;1;0;0;1;0;0;0;0;1;1;0;0;1;0;0;1;1;0;0;0;0;1;1;0;0;0;0;28.5866666666667
1;0;1;1;0;1;1;1;1;1;0;1;1;0;0;1;0;0;0;1;0;1;0;1;0;0;0;1;0;0;0;1;0;1;0;0;1;0;0;24.0433333333333
1;1;0;0;0;0;0;1;1;1;0;1;0;1;0;1;0;0;0;0;1;1;0;0;1;0;0;1;0;0;0;0;1;1;0;0;1;0;0;29.7766666666667
1;0;1;0;0;0;0;1;1;1;0;1;0;1;1;1;1;0;0;0;0;1;0;0;0;1;0;1;1;0;0;0;0;1;0;0;1;0;0;29.12
1;1;0;1;1;0;1;1;1;1;0;1;1;0;1;1;0;0;0;0;1;1;1;0;0;0;0;1;0;1;0;0;0;1;0;0;0;0;1;30.9566666666667
1;0;1;1;0;1;1;1;1;0;1;1;0;1;1;1;0;0;0;0;1;1;0;0;0;1;0;1;1;0;0;0;0;1;1;0;0;0;0;29.6666666666667
1;0;1;1;0;1;1;1;1;0;1;1;0;1;1;1;0;0;0;0;1;1;0;0;1;0;0;1;0;1;0;0;0;1;0;0;0;1;0;29.0733333333333
1;1;0;0;0;0;0;1;1;1;0;1;0;1;1;1;1;0;0;0;0;1;0;1;0;0;0;1;0;0;0;0;1;1;0;0;1;0;0;29.1266666666667
1;0;1;0;0;0;0;1;1;0;1;1;0;1;0;1;0;0;0;1;0;1;0;1;0;0;0;1;0;0;0;1;0;1;1;0;0;0;0;29.2033333333333
1;0;1;0;0;0;1;1;1;0;1;1;1;0;0;1;0;0;0;0;1;1;0;0;0;1;0;1;1;0;0;0;0;1;1;0;0;0;0;28.53
1;0;1;1;1;0;0;1;1;0;1;1;1;0;0;1;0;0;0;0;1;1;0;0;1;0;0;1;0;1;0;0;0;1;0;0;1;0;0;30.8433333333333
1;0;1;0;0;0;0;1;1;1;0;1;1;0;1;1;0;0;0;0;1;1;1;0;0;0;0;1;0;1;0;0;0;1;0;0;1;0;0;4.59333333333333
1;1;0;1;0;1;0;1;1;0;1;1;0;1;0;1;0;0;0;0;1;1;1;0;0;0;0;1;1;0;0;0;0;1;0;1;0;0;0;28.45
1;0;1;1;0;1;1;1;1;0;1;1;1;0;0;1;0;0;0;1;0;1;0;1;0;0;0;1;0;0;0;1;0;1;0;0;0;0;1;28.4533333333333
1;0;1;1;0;1;1;1;1;1;0;1;1;0;1;1;0;0;0;1;0;1;0;1;0;0;0;1;0;0;0;1;0;1;1;0;0;0;0;24.0366666666667
1;0;1;1;0;1;0;1;1;1;0;1;0;1;1;1;0;0;0;1;0;1;0;1;0;0;0;1;0;0;0;1;0;1;0;0;1;0;0;29.2066666666667
1;1;0;0;0;0;0;1;1;0;1;1;1;0;1;1;1;0;0;0;0;1;0;0;0;0;1;1;1;0;0;0;0;1;0;0;1;0;0;28.5466666666667
1;0;1;0;0;0;0;1;1;0;1;1;1;0;0;1;0;0;0;0;1;1;0;1;0;0;0;1;0;0;0;0;1;1;0;0;1;0;0;28.9666666666667
1;0;1;0;0;0;1;1;1;1;0;1;1;0;0;1;0;0;0;0;1;1;1;0;0;0;0;1;1;0;0;0;0;1;1;0;0;0;0;24.0666666666667
1;1;0;0;0;0;1;1;1;0;1;1;0;1;0;1;0;0;0;1;0;1;0;1;0;0;0;1;0;0;0;1;0;1;0;0;0;0;1;28.6433333333333
1;0;1;1;1;0;0;1;1;1;0;1;1;0;1;1;0;0;0;0;1;1;0;0;1;0;0;1;0;1;0;0;0;1;0;0;0;1;0;8.00333333333333
1;1;0;0;0;0;1;1;1;1;0;1;0;1;1;1;0;0;0;0;1;1;0;0;1;0;0;1;0;1;0;0;0;1;0;0;1;0;0;29.5833333333333
1;0;1;0;0;0;0;1;1;0;1;1;1;0;1;1;0;0;0;0;1;1;1;0;0;0;0;1;0;0;1;0;0;1;0;0;1;0;0;28.6566666666667
1;1;0;1;1;0;0;1;1;0;1;1;1;0;1;1;0;0;0;1;0;1;0;1;0;0;0;1;0;0;0;1;0;1;1;0;0;0;0;30.9366666666667
1;1;0;0;0;0;0;1;1;1;0;1;1;0;0;1;0;0;0;1;0;1;0;0;0;0;1;1;0;0;0;1;0;1;0;0;1;0;0;10.78
1;1;0;0;0;0;0;1;1;1;0;1;0;1;1;1;0;0;0;0;1;1;0;0;0;0;1;1;1;0;0;0;0;1;0;0;1;0;0;28.4566666666667
1;1;0;0;0;0;0;1;1;0;1;1;0;1;0;1;0;0;1;0;0;1;0;0;1;0;0;1;0;0;0;0;1;1;0;0;1;0;0;28.4566666666667
1;0;1;0;0;0;0;1;1;0;1;1;1;0;0;1;0;0;0;0;1;1;0;0;1;0;0;1;0;0;1;0;0;1;0;0;1;0;0;29.7
1;0;1;1;1;0;1;1;1;1;0;1;1;0;0;1;0;0;0;0;1;1;0;0;0;1;0;1;0;1;0;0;0;1;0;0;1;0;0;28.38
1;1;0;0;0;0;0;1;1;0;1;1;1;0;0;1;0;0;0;0;1;1;1;0;0;0;0;1;0;1;0;0;0;1;0;0;1;0;0;29.11
1;1;0;0;0;0;1;1;1;1;0;1;0;1;1;1;0;0;0;0;1;1;0;0;0;1;0;1;0;1;0;0;0;1;0;0;1;0;0;28.9833333333333
1;1;0;1;0;1;0;1;1;1;0;1;0;1;1;1;0;0;0;1;0;1;0;1;0;0;0;1;0;0;0;1;0;1;0;0;0;0;1;28.5966666666667
1;1;0;1;1;0;0;1;1;0;1;1;1;0;0;1;0;0;0;0;1;1;1;0;0;0;0;1;0;0;0;0;1;1;0;0;1;0;0;30.9
1;0;1;0;0;0;0;1;1;1;0;1;0;1;0;1;0;0;0;0;1;1;1;0;0;0;0;1;0;1;0;0;0;1;0;1;0;0;0;28.51
1;1;0;1;0;1;1;1;1;1;0;1;0;1;1;1;0;0;0;1;0;1;0;1;0;0;0;1;0;0;0;1;0;1;0;0;0;0;1;28.5833333333333
1;1;0;0;0;0;1;1;1;1;0;1;1;0;0;1;0;0;0;0;1;1;0;1;0;0;0;1;1;0;0;0;0;1;0;0;1;0;0;29.1733333333333
1;1;0;0;0;0;0;1;1;1;0;1;0;1;1;1;0;0;0;1;0;1;1;0;0;0;0;1;0;0;0;1;0;1;0;0;1;0;0;29.63
1;1;0;0;0;0;0;1;1;1;0;1;0;1;0;1;0;0;0;0;1;1;0;0;1;0;0;1;0;1;0;0;0;1;0;0;1;0;0;28.58
1;0;1;1;1;0;0;1;1;1;0;1;1;0;0;1;0;0;0;0;1;1;0;0;0;1;0;1;1;0;0;0;0;1;1;0;0;0;0;9.09333333333333
1;1;0;0;0;0;0;1;1;1;0;1;1;0;1;1;1;0;0;0;0;1;1;0;0;0;0;1;0;0;0;0;1;1;0;0;1;0;0;10.65
1;1;0;0;0;0;0;1;1;0;1;1;0;1;0;1;0;0;0;0;1;1;0;1;0;0;0;1;1;0;0;0;0;1;0;0;1;0;0;29.6766666666667
1;0;1;0;0;0;0;1;1;0;1;1;0;1;0;1;0;0;0;0;1;1;1;0;0;0;0;1;1;0;0;0;0;1;1;0;0;0;0;29.12
1;0;1;1;1;0;0;1;1;1;0;1;1;0;0;1;0;0;0;0;1;1;0;0;0;1;0;1;0;1;0;0;0;1;0;0;1;0;0;6.06
1;1;0;1;1;0;0;1;1;1;0;1;0;1;0;1;0;0;0;0;1;1;0;0;0;1;0;1;0;1;0;0;0;1;0;0;0;1;0;30.7533333333333
1;1;0;1;0;1;1;1;1;0;1;1;1;0;0;1;0;0;0;0;1;1;0;0;0;1;0;1;0;1;0;0;0;1;0;0;1;0;0;28.53
1;0;1;1;1;0;1;1;1;0;1;1;0;1;0;1;0;0;0;1;0;1;0;1;0;0;0;1;0;0;0;1;0;1;0;0;0;0;1;30.73
1;1;0;0;0;0;0;1;1;1;0;1;1;0;0;1;0;0;0;0;1;1;0;0;1;0;0;1;0;1;0;0;0;1;1;0;0;0;0;11.1033333333333
1;1;0;1;1;0;0;1;1;0;1;1;1;0;0;1;0;0;0;1;0;1;0;1;0;0;0;1;0;0;0;1;0;1;0;0;0;0;1;30.3433333333333
1;0;1;1;1;0;0;1;1;1;0;1;1;0;1;1;0;0;0;1;0;1;0;1;0;0;0;1;0;0;0;1;0;1;1;0;0;0;0;9.07
1;1;0;0;0;0;0;1;1;0;1;1;1;0;0;1;0;0;0;0;1;1;0;0;1;0;0;1;0;1;0;0;0;1;0;0;0;1;0;28.64
1;0;1;1;1;0;0;1;1;0;1;1;1;0;0;1;0;0;0;1;0;1;0;1;0;0;0;1;0;0;0;1;0;1;0;0;1;0;0;30.8933333333333
1;1;0;0;0;0;1;1;1;0;1;1;1;0;1;1;0;0;0;1;0;1;0;1;0;0;0;1;0;0;0;1;0;1;0;0;0;0;1;30.1833333333333
1;1;0;1;0;1;0;1;1;1;0;1;1;0;1;1;0;0;0;0;1;1;0;0;0;1;0;1;0;1;0;0;0;1;0;0;1;0;0;10.5533333333333
1;0;1;1;0;1;1;1;1;1;0;1;0;1;0;1;0;0;0;0;1;1;0;0;1;0;0;1;1;0;0;0;0;1;1;0;0;0;0;28.5733333333333
1;0;1;0;0;0;0;1;1;1;0;1;0;1;1;1;0;0;0;0;1;1;1;0;0;0;0;1;1;0;0;0;0;1;1;0;0;0;0;28.5066666666667
1;0;1;1;0;1;1;1;1;0;1;1;0;1;1;1;0;0;0;1;0;1;0;1;0;0;0;1;0;0;0;1;0;1;0;0;1;0;0;28.67
1;1;0;0;0;0;0;1;1;0;1;1;1;0;1;1;0;0;0;0;1;1;0;0;1;0;0;1;0;1;0;0;0;1;1;0;0;0;0;28.6266666666667
1;1;0;1;1;0;1;1;1;1;0;1;1;0;0;1;0;0;0;1;0;1;0;1;0;0;0;1;0;0;0;1;0;1;0;0;0;1;0;31.1033333333333
1;0;1;0;0;0;1;1;1;0;1;1;1;0;0;1;0;0;0;0;1;1;0;1;0;0;0;1;1;0;0;0;0;1;0;0;1;0;0;29.13
1;1;0;0;0;0;1;1;1;0;1;1;0;1;1;1;0;0;0;1;0;1;0;1;0;0;0;1;0;0;0;1;0;1;0;0;0;0;1;29.13
1;1;0;1;1;0;1;1;1;0;1;1;1;0;1;1;0;0;0;0;1;1;0;0;0;1;0;1;0;1;0;0;0;1;0;0;1;0;0;30.75
1;1;0;0;0;0;0;1;1;0;1;1;0;1;0;1;1;0;0;0;0;1;0;0;0;1;0;1;1;0;0;0;0;1;0;0;1;0;0;28.5266666666667
1;0;1;1;1;0;0;1;1;0;1;1;0;1;0;1;0;0;0;1;0;1;0;1;0;0;0;1;0;0;0;1;0;1;0;1;0;0;0;30.6766666666667
1;1;0;0;0;0;1;1;1;0;1;1;1;0;0;1;0;0;0;0;1;1;0;0;0;1;0;1;0;1;0;0;0;1;0;0;0;0;1;29.1133333333333
1;0;1;0;0;0;1;1;1;0;1;1;0;1;0;1;0;0;0;0;1;1;0;1;0;0;0;1;0;1;0;0;0;1;0;0;1;0;0;30.2666666666667
1;1;0;1;1;0;0;1;1;1;0;1;1;0;0;1;0;0;0;0;1;1;0;0;1;0;0;1;0;1;0;0;0;1;0;0;1;0;0;14.38
1;0;1;0;0;0;0;1;1;0;1;1;1;0;1;1;0;0;0;1;0;1;0;0;0;1;0;1;0;0;0;1;0;1;0;0;1;0;0;29.6833333333333
1;1;0;0;0;0;0;1;1;1;0;1;1;0;0;1;1;0;0;0;0;1;0;0;0;1;0;1;0;0;0;0;1;1;0;0;1;0;0;10.65
1;1;0;0;0;0;0;1;1;0;1;1;0;1;1;1;0;0;0;0;1;1;0;0;0;1;0;1;0;1;0;0;0;1;0;0;0;1;0;28.59
1;1;0;0;0;0;0;1;1;1;0;1;0;1;1;1;0;0;0;0;1;1;0;0;1;0;0;1;0;0;0;0;1;1;0;0;1;0;0;29.0766666666667
1;1;0;1;0;1;0;1;1;0;1;1;1;0;1;1;0;0;0;1;0;1;0;1;0;0;0;1;0;0;0;1;0;1;0;1;0;0;0;28.6733333333333
1;0;1;0;0;0;0;1;1;0;1;1;0;1;1;1;0;0;0;0;1;1;0;1;0;0;0;1;1;0;0;0;0;1;0;0;1;0;0;29.68
1;0;1;0;0;0;0;1;1;0;1;1;1;0;1;1;0;0;0;0;1;1;0;0;1;0;0;1;0;0;1;0;0;1;0;0;1;0;0;28.9833333333333
1;0;1;0;0;0;1;1;1;1;0;1;1;0;1;1;0;0;0;0;1;1;0;0;1;0;0;1;1;0;0;0;0;1;1;0;0;0;0;25.2966666666667
1;0;1;0;0;0;0;1;1;0;1;1;0;1;0;1;0;0;0;0;1;1;0;1;0;0;0;1;0;1;0;0;0;1;0;1;0;0;0;29.06
1;1;0;1;1;0;0;1;1;1;0;1;1;0;0;1;0;0;0;0;1;1;1;0;0;0;0;1;1;0;0;0;0;1;1;0;0;0;0;18.2033333333333
1;0;1;1;1;0;0;1;1;0;1;1;0;1;0;1;0;0;0;0;1;1;0;0;0;1;0;1;1;0;0;0;0;1;1;0;0;0;0;30.5833333333333
1;0;1;0;0;0;0;1;1;0;1;1;1;0;0;1;0;0;0;1;0;1;0;0;1;0;0;1;0;0;0;1;0;1;1;0;0;0;0;28.23
1;1;0;0;0;0;0;1;1;1;0;1;0;1;1;1;0;0;0;0;1;1;1;0;0;0;0;1;0;1;0;0;0;1;0;0;1;0;0;29.0633333333333
1;0;1;0;0;0;0;1;1;0;1;1;1;0;0;1;0;0;1;0;0;1;0;0;1;0;0;1;1;0;0;0;0;1;0;0;1;0;0;28.5233333333333
1;1;0;0;0;0;0;1;1;0;1;1;1;0;0;1;0;0;0;0;1;1;0;0;1;0;0;1;0;1;0;0;0;1;0;1;0;0;0;29.6566666666667
1;0;1;1;0;1;1;1;1;0;1;1;1;0;0;1;0;0;0;0;1;1;1;0;0;0;0;1;1;0;0;0;0;1;0;1;0;0;0;28.47
1;1;0;1;0;1;0;1;1;1;0;1;0;1;1;1;0;0;0;0;1;1;0;0;1;0;0;1;0;1;0;0;0;1;0;0;0;1;0;29.38
1;0;1;0;0;0;1;1;1;1;0;1;1;0;1;1;0;0;0;1;0;1;0;1;0;0;0;1;0;0;0;1;0;1;0;1;0;0;0;25.8466666666667
1;0;1;0;0;0;0;1;1;0;1;1;0;1;0;1;1;0;0;0;0;1;1;0;0;0;0;1;0;0;0;0;1;1;0;0;1;0;0;29.1766666666667
1;1;0;1;1;0;0;1;1;1;0;1;1;0;1;1;0;0;0;1;0;1;0;0;1;0;0;1;0;0;0;1;0;1;0;0;1;0;0;14.41
1;1;0;0;0;0;0;1;1;1;0;1;0;1;0;1;0;0;0;0;1;1;0;1;0;0;0;1;0;1;0;0;0;1;0;1;0;0;0;28.2933333333333
1;0;1;1;0;1;1;1;1;1;0;1;1;0;0;1;0;0;0;1;0;1;0;1;0;0;0;1;0;0;0;1;0;1;0;0;0;0;1;23.96
1;0;1;1;1;0;1;1;1;0;1;1;0;1;0;1;0;0;0;0;1;1;0;0;1;0;0;1;0;1;0;0;0;1;0;0;1;0;0;30.6833333333333
1;0;1;0;0;0;1;1;1;0;1;1;1;0;1;1;0;0;0;0;1;1;1;0;0;0;0;1;0;1;0;0;0;1;0;0;1;0;0;29.07
1;0;1;1;0;1;0;1;1;0;1;1;0;1;0;1;0;0;0;0;1;1;1;0;0;0;0;1;1;0;0;0;0;1;1;0;0;0;0;28.3266666666667
1;1;0;0;0;0;0;1;1;0;1;1;0;1;1;1;0;0;0;1;0;1;0;0;1;0;0;1;0;0;0;1;0;1;0;0;1;0;0;28.8466666666667
1;1;0;1;1;0;1;1;1;1;0;1;0;1;0;1;0;0;0;1;0;1;0;1;0;0;0;1;0;0;0;1;0;1;0;0;0;1;0;30.7333333333333
1;1;0;1;1;0;0;1;1;1;0;1;0;1;1;1;0;0;0;0;1;1;0;0;1;0;0;1;0;1;0;0;0;1;0;0;0;1;0;30.9266666666667
1;1;0;0;0;0;1;1;1;0;1;1;1;0;1;1;0;0;0;1;0;1;0;1;0;0;0;1;0;0;0;1;0;1;0;0;1;0;0;29.64
1;1;0;1;1;0;1;1;1;0;1;1;1;0;0;1;0;0;0;1;0;1;0;1;0;0;0;1;0;0;0;1;0;1;0;0;1;0;0;30.9866666666667
1;1;0;0;0;0;0;1;1;0;1;1;0;1;0;1;0;0;0;0;1;1;0;1;0;0;0;1;1;0;0;0;0;1;1;0;0;0;0;28.52
1;0;1;1;1;0;1;1;1;1;0;1;0;1;1;1;0;0;0;1;0;1;0;1;0;0;0;1;0;0;0;1;0;1;1;0;0;0;0;30.7666666666667
1;1;0;0;0;0;1;1;1;1;0;1;0;1;0;1;0;0;0;1;0;1;0;1;0;0;0;1;0;0;0;1;0;1;0;0;0;1;0;29.2433333333333
1;1;0;0;0;0;0;1;1;0;1;1;0;1;1;1;0;0;0;0;1;1;1;0;0;0;0;1;0;1;0;0;0;1;1;0;0;0;0;29.0966666666667
1;1;0;0;0;0;0;1;1;0;1;1;1;0;0;1;1;0;0;0;0;1;0;0;0;0;1;1;1;0;0;0;0;1;0;0;1;0;0;29.6266666666667
1;0;1;1;0;1;1;1;1;0;1;1;1;0;1;1;0;0;0;0;1;1;0;0;0;1;0;1;1;0;0;0;0;1;1;0;0;0;0;29.6066666666667
1;0;1;0;0;0;0;1;1;1;0;1;1;0;0;1;1;0;0;0;0;1;1;0;0;0;0;1;0;0;0;0;1;1;0;0;1;0;0;4.49
1;1;0;0;0;0;1;1;1;1;0;1;0;1;1;1;0;0;0;0;1;1;0;0;1;0;0;1;0;1;0;0;0;1;0;0;0;0;1;28.5933333333333
1;1;0;0;0;0;0;1;1;0;1;1;0;1;0;1;0;0;0;1;0;1;0;0;0;1;0;1;0;0;0;1;0;1;0;0;1;0;0;29.1533333333333
1;0;1;0;0;0;0;1;1;1;0;1;1;0;0;1;0;0;0;0;1;1;0;0;0;0;1;1;0;0;0;0;1;1;0;0;1;0;0;4.56
1;0;1;0;0;0;0;1;1;1;0;1;0;1;0;1;0;0;0;1;0;1;0;1;0;0;0;1;0;0;0;1;0;1;0;0;0;1;0;29.0133333333333
1;0;1;1;0;1;0;1;1;1;0;1;1;0;1;1;0;0;0;0;1;1;1;0;0;0;0;1;1;0;0;0;0;1;0;1;0;0;0;5.75666666666667
1;1;0;1;0;1;1;1;1;0;1;1;0;1;1;1;0;0;0;1;0;1;0;1;0;0;0;1;0;0;0;1;0;1;0;0;0;0;1;29.06
1;0;1;0;0;0;1;1;1;1;0;1;1;0;0;1;0;0;0;1;0;1;0;1;0;0;0;1;0;0;0;1;0;1;1;0;0;0;0;25.5266666666667
1;1;0;0;0;0;0;1;1;1;0;1;0;1;0;1;0;0;0;0;1;1;0;0;0;1;0;1;1;0;0;0;0;1;0;0;1;0;0;28.6866666666667
1;1;0;1;1;0;0;1;1;0;1;1;1;0;1;1;0;0;0;0;1;1;1;0;0;0;0;1;1;0;0;0;0;1;0;0;0;0;1;30.37
1;1;0;0;0;0;0;1;1;1;0;1;1;0;1;1;1;0;0;0;0;1;0;0;1;0;0;1;1;0;0;0;0;1;0;0;1;0;0;10.58
1;1;0;1;1;0;0;1;1;0;1;1;0;1;0;1;0;0;0;0;1;1;1;0;0;0;0;1;1;0;0;0;0;1;0;0;1;0;0;30.7433333333333
1;0;1;0;0;0;1;1;1;0;1;1;1;0;0;1;0;0;0;1;0;1;0;1;0;0;0;1;0;0;0;1;0;1;0;0;0;0;1;29.06
1;1;0;1;1;0;0;1;1;0;1;1;1;0;1;1;0;0;0;1;0;1;0;1;0;0;0;1;0;0;0;1;0;1;0;0;1;0;0;30.8766666666667
1;1;0;0;0;0;0;1;1;0;1;1;1;0;1;1;0;0;1;0;0;1;0;0;1;0;0;1;1;0;0;0;0;1;0;0;1;0;0;28.5733333333333
1;1;0;1;0;1;0;1;1;1;0;1;0;1;1;1;0;0;0;0;1;1;1;0;0;0;0;1;1;0;0;0;0;1;1;0;0;0;0;29.17
1;0;1;0;0;0;1;1;1;1;0;1;1;0;1;1;0;0;0;1;0;1;0;1;0;0;0;1;0;0;0;1;0;1;0;0;1;0;0;25.9966666666667
1;0;1;0;0;0;0;1;1;0;1;1;0;1;0;1;0;0;0;0;1;1;0;1;0;0;0;1;0;0;0;0;1;1;0;0;1;0;0;28.2033333333333
1;0;1;0;0;0;0;1;1;1;0;1;1;0;0;1;0;0;0;0;1;1;0;0;1;0;0;1;1;0;0;0;0;1;0;0;1;0;0;4.5
1;1;0;1;1;0;0;1;1;0;1;1;1;0;0;1;0;0;0;0;1;1;0;0;1;0;0;1;0;0;0;0;1;1;0;0;1;0;0;30.9
1;1;0;0;0;0;0;1;1;1;0;1;0;1;0;1;0;0;0;1;0;1;0;0;0;1;0;1;0;0;0;1;0;1;0;0;1;0;0;28.62
1;0;1;0;0;0;0;1;1;0;1;1;0;1;0;1;0;0;0;0;1;1;0;0;1;0;0;1;0;1;0;0;0;1;0;0;1;0;0;28.5466666666667
1;1;0;1;1;0;1;1;1;0;1;1;0;1;1;1;0;0;0;1;0;1;0;1;0;0;0;1;0;0;0;1;0;1;0;0;0;1;0;30.8066666666667
1;1;0;1;0;1;1;1;1;0;1;1;0;1;0;1;0;0;0;0;1;1;1;0;0;0;0;1;1;0;0;0;0;1;1;0;0;0;0;29.0666666666667
1;0;1;1;0;1;0;1;1;0;1;1;0;1;1;1;0;0;0;1;0;1;0;1;0;0;0;1;0;0;0;1;0;1;0;0;0;0;1;28.9833333333333
1;1;0;0;0;0;0;1;1;0;1;1;1;0;1;1;0;0;1;0;0;1;1;0;0;0;0;1;1;0;0;0;0;1;0;0;1;0;0;28.6733333333333
1;1;0;0;0;0;1;1;1;0;1;1;0;1;1;1;0;0;0;0;1;1;0;0;0;1;0;1;0;1;0;0;0;1;0;0;0;1;0;28.4933333333333
1;1;0;0;0;0;1;1;1;1;0;1;0;1;1;1;0;0;0;1;0;1;0;1;0;0;0;1;0;0;0;1;0;1;0;0;0;0;1;28.47
1;1;0;1;1;0;0;1;1;0;1;1;0;1;0;1;0;0;0;1;0;1;1;0;0;0;0;1;0;0;0;1;0;1;0;0;1;0;0;30.7033333333333
1;0;1;1;0;1;0;1;1;1;0;1;1;0;1;1;0;0;0;1;0;1;0;1;0;0;0;1;0;0;0;1;0;1;0;0;1;0;0;4.50333333333333
1;1;0;0;0;0;0;1;1;0;1;1;0;1;0;1;0;0;0;0;1;1;0;0;1;0;0;1;0;1;0;0;0;1;0;0;0;1;0;29.6833333333333
1;1;0;1;0;1;0;1;1;1;0;1;1;0;0;1;0;0;0;0;1;1;0;0;1;0;0;1;0;1;0;0;0;1;0;0;1;0;0;10.5866666666667
1;0;1;0;0;0;1;1;1;0;1;1;0;1;1;1;0;0;0;0;1;1;0;1;0;0;0;1;0;1;0;0;0;1;0;0;1;0;0;29.7333333333333
1;0;1;0;0;0;0;1;1;0;1;1;0;1;0;1;0;0;0;0;1;1;0;0;0;1;0;1;0;1;0;0;0;1;0;0;0;1;0;29.73
1;0;1;1;1;0;0;1;1;0;1;1;1;0;0;1;1;0;0;0;0;1;0;0;1;0;0;1;1;0;0;0;0;1;0;0;1;0;0;30.8833333333333
1;0;1;1;0;1;0;1;1;0;1;1;0;1;1;1;0;0;0;1;0;1;0;1;0;0;0;1;0;0;0;1;0;1;0;1;0;0;0;29.6566666666667
1;0;1;0;0;0;0;1;1;1;0;1;0;1;1;1;1;0;0;0;0;1;0;0;0;0;1;1;1;0;0;0;0;1;0;0;1;0;0;29.1366666666667
1;0;1;0;0;0;1;1;1;1;0;1;0;1;1;1;0;0;0;0;1;1;0;1;0;0;0;1;0;1;0;0;0;1;0;0;1;0;0;28.54
1;1;0;0;0;0;1;1;1;0;1;1;1;0;0;1;0;0;0;0;1;1;1;0;0;0;0;1;0;1;0;0;0;1;0;0;0;1;0;28.9833333333333
1;0;1;1;0;1;0;1;1;0;1;1;1;0;0;1;0;0;0;0;1;1;0;0;0;1;0;1;0;1;0;0;0;1;0;0;0;1;0;29.17
1;0;1;1;0;1;0;1;1;0;1;1;1;0;0;1;0;0;0;0;1;1;0;0;0;1;0;1;0;1;0;0;0;1;0;0;1;0;0;28.1466666666667
1;0;1;0;0;0;0;1;1;1;0;1;0;1;1;1;1;0;0;0;0;1;1;0;0;0;0;1;0;0;0;0;1;1;0;0;1;0;0;28.4866666666667
1;0;1;0;0;0;0;1;1;0;1;1;1;0;0;1;0;0;0;0;1;1;0;1;0;0;0;1;0;1;0;0;0;1;0;0;1;0;0;29.7633333333333
1;0;1;0;0;0;1;1;1;0;1;1;0;1;1;1;0;0;0;1;0;1;0;1;0;0;0;1;0;0;0;1;0;1;0;0;0;0;1;29.2366666666667
1;1;0;0;0;0;1;1;1;1;0;1;1;0;1;1;0;0;0;0;1;1;1;0;0;0;0;1;0;1;0;0;0;1;0;0;0;0;1;29.3133333333333
1;1;0;0;0;0;0;1;1;1;0;1;0;1;0;1;0;0;0;1;0;1;0;0;1;0;0;1;0;0;0;1;0;1;0;0;1;0;0;29.7
1;1;0;1;1;0;1;1;1;0;1;1;0;1;0;1;0;0;0;0;1;1;0;0;1;0;0;1;1;0;0;0;0;1;1;0;0;0;0;30.4866666666667
1;1;0;0;0;0;0;1;1;1;0;1;1;0;1;1;0;0;0;0;1;1;0;0;0;1;0;1;1;0;0;0;0;1;0;1;0;0;0;11.4166666666667
1;0;1;1;0;1;1;1;1;1;0;1;1;0;0;1;0;0;0;1;0;1;0;1;0;0;0;1;0;0;0;1;0;1;0;1;0;0;0;25.17
1;0;1;1;0;1;0;1;1;1;0;1;1;0;0;1;0;0;0;0;1;1;1;0;0;0;0;1;1;0;0;0;0;1;0;1;0;0;0;5.70333333333333
1;0;1;1;0;1;0;1;1;1;0;1;0;1;1;1;0;0;0;0;1;1;0;0;1;0;0;1;0;1;0;0;0;1;0;0;0;1;0;29.1433333333333
1;0;1;0;0;0;0;1;1;0;1;1;0;1;0;1;0;0;0;1;0;1;0;0;0;1;0;1;0;0;0;1;0;1;0;0;1;0;0;28.92
1;0;1;1;0;1;1;1;1;0;1;1;0;1;0;1;0;0;0;0;1;1;0;0;0;1;0;1;0;1;0;0;0;1;0;0;1;0;0;28.6366666666667
1;1;0;0;0;0;0;1;1;1;0;1;1;0;1;1;0;0;0;1;0;1;0;0;1;0;0;1;0;0;0;1;0;1;0;0;1;0;0;10.5566666666667
1;1;0;0;0;0;1;1;1;1;0;1;1;0;1;1;0;0;0;1;0;1;0;1;0;0;0;1;0;0;0;1;0;1;1;0;0;0;0;28.81
1;0;1;0;0;0;1;1;1;0;1;1;1;0;0;1;0;0;0;0;1;1;1;0;0;0;0;1;1;0;0;0;0;1;1;0;0;0;0;29.71
1;1;0;1;1;0;0;1;1;0;1;1;1;0;0;1;0;0;0;0;1;1;1;0;0;0;0;1;1;0;0;0;0;1;0;1;0;0;0;30.7
1;0;1;1;1;0;1;1;1;1;0;1;1;0;1;1;0;0;0;0;1;1;0;0;1;0;0;1;0;1;0;0;0;1;0;0;0;1;0;28.2533333333333
1;1;0;0;0;0;0;1;1;0;1;1;0;1;0;1;0;0;0;0;1;1;0;0;0;1;0;1;1;0;0;0;0;1;1;0;0;0;0;29.13
1;0;1;1;1;0;0;1;1;0;1;1;0;1;1;1;0;0;0;1;0;1;1;0;0;0;0;1;0;0;0;1;0;1;0;0;1;0;0;31.02
1;0;1;0;0;0;0;1;1;1;0;1;1;0;1;1;1;0;0;0;0;1;0;1;0;0;0;1;1;0;0;0;0;1;0;0;1;0;0;4.5
1;1;0;0;0;0;1;1;1;1;0;1;0;1;0;1;0;0;0;0;1;1;1;0;0;0;0;1;0;1;0;0;0;1;0;0;0;0;1;29.0133333333333
1;0;1;1;0;1;0;1;1;0;1;1;1;0;1;1;0;0;0;0;1;1;0;0;1;0;0;1;0;1;0;0;0;1;0;0;1;0;0;28.4733333333333
1;0;1;1;1;0;1;1;1;1;0;1;0;1;0;1;0;0;0;1;0;1;0;1;0;0;0;1;0;0;0;1;0;1;0;1;0;0;0;30.9333333333333
1;0;1;1;1;0;0;1;1;0;1;1;1;0;0;1;0;0;0;0;1;1;0;0;1;0;0;1;0;1;0;0;0;1;0;0;0;1;0;31.0233333333333
1;1;0;0;0;0;1;1;1;1;0;1;1;0;0;1;0;0;0;0;1;1;0;0;1;0;0;1;0;1;0;0;0;1;0;0;1;0;0;28.5766666666667
1;0;1;1;1;0;0;1;1;0;1;1;1;0;0;1;0;0;0;1;0;1;0;1;0;0;0;1;0;0;0;1;0;1;0;1;0;0;0;30.5566666666667
1;1;0;0;0;0;0;1;1;0;1;1;1;0;0;1;0;1;0;0;0;1;0;0;1;0;0;1;0;0;0;0;1;1;0;0;1;0;0;28.67
1;1;0;1;0;1;0;1;1;1;0;1;0;1;0;1;0;0;0;1;0;1;0;1;0;0;0;1;0;0;0;1;0;1;0;1;0;0;0;28.47
1;1;0;0;0;0;1;1;1;0;1;1;0;1;1;1;0;0;0;0;1;1;0;0;0;1;0;1;0;1;0;0;0;1;0;0;0;0;1;29.7566666666667
1;1;0;0;0;0;1;1;1;0;1;1;1;0;0;1;0;0;0;0;1;1;0;0;0;1;0;1;1;0;0;0;0;1;1;0;0;0;0;29.4233333333333
1;1;0;1;0;1;0;1;1;0;1;1;0;1;1;1;0;0;0;0;1;1;0;0;1;0;0;1;0;1;0;0;0;1;0;0;1;0;0;28.49
1;0;1;1;1;0;0;1;1;0;1;1;1;0;1;1;0;0;0;0;1;1;1;0;0;0;0;1;1;0;0;0;0;1;0;0;0;0;1;30.5566666666667
1;0;1;0;0;0;0;1;1;1;0;1;1;0;1;1;0;0;0;1;0;1;0;0;0;0;1;1;0;0;0;1;0;1;0;0;1;0;0;4.56666666666667
1;1;0;0;0;0;1;1;1;0;1;1;0;1;1;1;0;0;0;1;0;1;0;1;0;0;0;1;0;0;0;1;0;1;1;0;0;0;0;29.2066666666667
1;0;1;0;0;0;0;1;1;0;1;1;1;0;0;1;0;0;0;0;1;1;0;0;0;1;0;1;1;0;0;0;0;1;0;1;0;0;0;30.1333333333333
1;0;1;1;1;0;0;1;1;0;1;1;0;1;0;1;0;0;0;0;1;1;0;0;0;1;0;1;0;1;0;0;0;1;0;0;0;1;0;31.0133333333333
1;1;0;0;0;0;0;1;1;0;1;1;1;0;0;1;0;0;0;0;1;1;0;0;0;1;0;1;0;1;0;0;0;1;1;0;0;0;0;28.76
1;1;0;1;1;0;1;1;1;0;1;1;0;1;0;1;0;0;0;1;0;1;0;1;0;0;0;1;0;0;0;1;0;1;0;0;0;0;1;30.6233333333333
1;1;0;0;0;0;0;1;1;0;1;1;1;0;1;1;0;0;0;0;1;1;0;0;0;1;0;1;1;0;0;0;0;1;0;0;1;0;0;29.77
1;1;0;0;0;0;0;1;1;0;1;1;0;1;0;1;0;0;0;0;1;1;0;0;1;0;0;1;0;1;0;0;0;1;1;0;0;0;0;30.2266666666667
1;1;0;0;0;0;1;1;1;0;1;1;0;1;0;1;0;0;0;0;1;1;0;1;0;0;0;1;1;0;0;0;0;1;0;0;1;0;0;29.07
1;0;1;1;0;1;1;1;1;0;1;1;0;1;0;1;0;0;0;1;0;1;0;1;0;0;0;1;0;0;0;1;0;1;0;0;0;0;1;28.33
1;0;1;1;1;0;0;1;1;0;1;1;0;1;1;1;0;0;0;1;0;1;0;0;1;0;0;1;0;0;0;1;0;1;0;0;1;0;0;30.7866666666667
1;0;1;1;0;1;0;1;1;0;1;1;1;0;0;1;0;0;0;0;1;1;0;0;1;0;0;1;0;1;0;0;0;1;0;0;1;0;0;28.5933333333333
1;0;1;1;0;1;0;1;1;1;0;1;0;1;0;1;0;0;0;0;1;1;0;0;0;1;0;1;0;1;0;0;0;1;0;0;0;1;0;28.5566666666667
1;1;0;0;0;0;0;1;1;0;1;1;0;1;0;1;1;0;0;0;0;1;0;0;0;0;1;1;1;0;0;0;0;1;0;0;1;0;0;28.5366666666667
1;1;0;1;1;0;0;1;1;0;1;1;0;1;0;1;0;0;0;0;1;1;1;0;0;0;0;1;1;0;0;0;0;1;0;1;0;0;0;30.8133333333333
1;1;0;0;0;0;1;1;1;1;0;1;1;0;1;1;0;0;0;0;1;1;1;0;0;0;0;1;1;0;0;0;0;1;1;0;0;0;0;29.0433333333333
1;1;0;0;0;0;0;1;1;0;1;1;1;0;0;1;0;1;0;0;0;1;1;0;0;0;0;1;1;0;0;0;0;1;0;0;1;0;0;29.32
1;0;1;1;1;0;1;1;1;1;0;1;0;1;0;1;0;0;0;1;0;1;0;1;0;0;0;1;0;0;0;1;0;1;0;0;0;0;1;30.75
1;0;1;1;0;1;0;1;1;1;0;1;0;1;1;1;0;0;0;0;1;1;0;0;0;1;0;1;0;1;0;0;0;1;0;0;1;0;0;29.67
1;1;0;1;0;1;0;1;1;1;0;1;1;0;0;1;0;0;0;0;1;1;0;0;0;1;0;1;0;1;0;0;0;1;0;0;1;0;0;10.49
1;0;1;1;1;0;0;1;1;1;0;1;0;1;1;1;0;0;0;1;0;1;0;1;0;0;0;1;0;0;0;1;0;1;0;1;0;0;0;30.78
1;0;1;1;0;1;0;1;1;0;1;1;0;1;1;1;0;0;0;0;1;1;0;0;0;1;0;1;0;1;0;0;0;1;0;0;1;0;0;28.62
1;0;1;1;1;0;1;1;1;1;0;1;1;0;1;1;0;0;0;1;0;1;0;1;0;0;0;1;0;0;0;1;0;1;0;1;0;0;0;28.45
1;0;1;0;0;0;0;1;1;1;0;1;0;1;1;1;0;0;0;0;1;1;0;1;0;0;0;1;0;0;0;0;1;1;0;0;1;0;0;28.4833333333333
1;1;0;0;0;0;0;1;1;0;1;1;0;1;1;1;0;0;0;0;1;1;0;0;0;1;0;1;0;1;0;0;0;1;0;0;1;0;0;28.7966666666667
1;0;1;0;0;0;0;1;1;0;1;1;0;1;0;1;0;0;0;0;1;1;0;0;0;1;0;1;0;1;0;0;0;1;1;0;0;0;0;28.4566666666667
1;0;1;1;0;1;1;1;1;1;0;1;0;1;1;1;0;0;0;0;1;1;1;0;0;0;0;1;1;0;0;0;0;1;0;1;0;0;0;29.1066666666667
1;0;1;1;1;0;1;1;1;1;0;1;1;0;1;1;0;0;0;1;0;1;0;1;0;0;0;1;0;0;0;1;0;1;0;0;0;0;1;28.4933333333333
1;1;0;1;1;0;0;1;1;1;0;1;1;0;0;1;0;0;0;1;0;1;0;1;0;0;0;1;0;0;0;1;0;1;1;0;0;0;0;18.24
1;1;0;0;0;0;0;1;1;0;1;1;0;1;0;1;0;0;0;0;1;1;1;0;0;0;0;1;0;1;0;0;0;1;0;1;0;0;0;28.4433333333333
1;1;0;1;1;0;0;1;1;1;0;1;0;1;1;1;0;0;0;0;1;1;0;0;1;0;0;1;1;0;0;0;0;1;1;0;0;0;0;30.8266666666667
1;1;0;0;0;0;0;1;1;0;1;1;0;1;1;1;1;0;0;0;0;1;0;0;1;0;0;1;1;0;0;0;0;1;0;0;1;0;0;28.5766666666667
1;1;0;0;0;0;0;1;1;1;0;1;1;0;0;1;0;0;0;0;1;1;0;0;1;0;0;1;1;0;0;0;0;1;0;0;1;0;0;10.5733333333333
1;0;1;1;1;0;0;1;1;1;0;1;0;1;0;1;0;0;0;0;1;1;0;0;0;1;0;1;0;1;0;0;0;1;0;0;1;0;0;30.6833333333333
1;0;1;0;0;0;0;1;1;1;0;1;1;0;1;1;0;0;0;1;0;1;1;0;0;0;0;1;0;0;0;1;0;1;0;0;1;0;0;4.60333333333333
1;1;0;0;0;0;0;1;1;0;1;1;0;1;0;1;1;0;0;0;0;1;1;0;0;0;0;1;1;0;0;0;0;1;0;0;1;0;0;28.7766666666667
1;0;1;1;1;0;0;1;1;1;0;1;0;1;1;1;0;0;0;0;1;1;0;0;1;0;0;1;1;0;0;0;0;1;1;0;0;0;0;30.7566666666667
1;0;1;0;0;0;0;1;1;1;0;1;0;1;1;1;1;0;0;0;0;1;0;0;1;0;0;1;1;0;0;0;0;1;0;0;1;0;0;28.4566666666667
1;1;0;1;1;0;1;1;1;0;1;1;0;1;1;1;0;0;0;0;1;1;0;0;1;0;0;1;0;1;0;0;0;1;0;0;0;0;1;30.83
1;1;0;1;1;0;1;1;1;1;0;1;0;1;1;1;0;0;0;0;1;1;0;0;1;0;0;1;0;1;0;0;0;1;0;0;1;0;0;30.5733333333333
1;1;0;0;0;0;0;1;1;0;1;1;1;0;1;1;0;0;0;1;0;1;0;1;0;0;0;1;0;1;0;0;0;1;0;0;1;0;0;29.08
1;1;0;1;1;0;0;1;1;1;0;1;1;0;0;1;0;0;0;0;1;1;1;0;0;0;0;1;1;0;0;0;0;1;0;1;0;0;0;15.32
1;0;1;0;0;0;0;1;1;1;0;1;1;0;1;1;0;0;0;0;1;1;0;0;0;0;1;1;1;0;0;0;0;1;0;0;1;0;0;4.35
1;1;0;1;0;1;1;1;1;0;1;1;1;0;1;1;0;0;0;0;1;1;0;0;1;0;0;1;0;1;0;0;0;1;0;0;0;1;0;28.5666666666667
1;1;0;1;1;0;0;1;1;0;1;1;1;0;1;1;0;0;0;0;1;1;0;0;1;0;0;1;0;1;0;0;0;1;0;0;1;0;0;31.0866666666667
1;0;1;0;0;0;0;1;1;0;1;1;1;0;0;1;1;0;0;0;0;1;0;1;0;0;0;1;0;0;0;0;1;1;0;0;1;0;0;29.0566666666667
1;1;0;0;0;0;1;1;1;0;1;1;0;1;0;1;0;0;0;0;1;1;0;0;1;0;0;1;0;1;0;0;0;1;0;0;1;0;0;28.6266666666667
1;1;0;0;0;0;0;1;1;0;1;1;1;0;0;1;0;0;0;0;1;1;0;1;0;0;0;1;1;0;0;0;0;1;0;0;1;0;0;29.0666666666667
1;1;0;1;1;0;1;1;1;0;1;1;0;1;1;1;0;0;0;0;1;1;0;0;0;1;0;1;0;1;0;0;0;1;0;0;1;0;0;30.8033333333333
1;1;0;1;1;0;0;1;1;0;1;1;0;1;0;1;0;0;0;1;0;1;0;1;0;0;0;1;0;0;0;1;0;1;0;0;0;1;0;30.8466666666667
1;0;1;0;0;0;0;1;1;1;0;1;0;1;1;1;0;0;0;1;0;1;0;0;0;1;0;1;0;0;0;1;0;1;0;0;1;0;0;28.6733333333333
1;0;1;0;0;0;1;1;1;1;0;1;1;0;0;1;0;0;0;0;1;1;0;0;0;1;0;1;1;0;0;0;0;1;1;0;0;0;0;24.22
1;0;1;1;1;0;1;1;1;0;1;1;1;0;0;1;0;0;0;1;0;1;0;1;0;0;0;1;0;0;0;1;0;1;1;0;0;0;0;30.95
1;1;0;0;0;0;0;1;1;0;1;1;1;0;0;1;0;0;1;0;0;1;0;0;1;0;0;1;1;0;0;0;0;1;0;0;1;0;0;29.4733333333333
1;0;1;0;0;0;0;1;1;1;0;1;0;1;1;1;0;0;0;0;1;1;0;0;0;1;0;1;0;1;0;0;0;1;0;0;1;0;0;28.5766666666667
1;0;1;0;0;0;0;1;1;1;0;1;1;0;1;1;0;0;0;0;1;1;1;0;0;0;0;1;1;0;0;0;0;1;0;0;1;0;0;4.50666666666667
1;0;1;1;0;1;1;1;1;1;0;1;0;1;0;1;0;0;0;1;0;1;0;1;0;0;0;1;0;0;0;1;0;1;0;0;0;0;1;28.5866666666667
1;1;0;0;0;0;0;1;1;0;1;1;1;0;0;1;0;0;0;0;1;1;1;0;0;0;0;1;0;0;0;0;1;1;0;0;1;0;0;29.77
1;0;1;0;0;0;0;1;1;0;1;1;0;1;0;1;0;0;0;0;1;1;1;0;0;0;0;1;0;1;0;0;0;1;0;1;0;0;0;29.73
1;0;1;0;0;0;0;1;1;1;0;1;0;1;0;1;1;0;0;0;0;1;1;0;0;0;0;1;1;0;0;0;0;1;0;0;1;0;0;28.67
1;0;1;0;0;0;1;1;1;1;0;1;0;1;1;1;0;0;0;1;0;1;0;1;0;0;0;1;1;0;0;0;0;1;0;0;1;0;0;29.6033333333333
1;0;1;1;0;1;0;1;1;1;0;1;1;0;0;1;0;0;0;1;0;1;0;1;0;0;0;1;0;0;0;1;0;1;0;0;0;0;1;7.11
1;1;0;1;1;0;0;1;1;0;1;1;0;1;1;1;0;0;0;0;1;1;1;0;0;0;0;1;1;0;0;0;0;1;0;0;1;0;0;30.81
1;1;0;1;0;1;1;1;1;1;0;1;0;1;1;1;0;0;0;0;1;1;0;0;1;0;0;1;0;1;0;0;0;1;0;0;1;0;0;28.5666666666667
1;1;0;0;0;0;1;1;1;1;0;1;0;1;1;1;0;0;0;1;0;1;0;1;0;0;0;1;1;0;0;0;0;1;0;0;1;0;0;29.62
1;1;0;1;1;0;0;1;1;0;1;1;0;1;1;1;0;0;0;0;1;1;1;0;0;0;0;1;1;0;0;0;0;1;0;0;0;0;1;30.9933333333333
1;1;0;1;1;0;0;1;1;0;1;1;0;1;0;1;0;0;0;1;0;1;0;0;0;0;1;1;0;0;0;1;0;1;0;0;1;0;0;30.8133333333333
1;0;1;0;0;0;1;1;1;1;0;1;1;0;0;1;0;0;0;0;1;1;0;0;1;0;0;1;1;0;0;0;0;1;1;0;0;0;0;24.6966666666667
1;1;0;1;1;0;0;1;1;1;0;1;0;1;0;1;0;0;0;0;1;1;0;0;1;0;0;1;0;1;0;0;0;1;0;0;0;1;0;30.7166666666667
1;0;1;0;0;0;0;1;1;0;1;1;1;0;1;1;0;0;0;0;1;1;0;0;0;1;0;1;0;1;0;0;0;1;0;0;0;1;0;29.6533333333333
1;0;1;1;1;0;1;1;1;0;1;1;1;0;0;1;0;0;0;0;1;1;0;0;1;0;0;1;1;0;0;0;0;1;1;0;0;0;0;30.97
1;1;0;0;0;0;1;1;1;1;0;1;1;0;0;1;0;0;0;0;1;1;1;0;0;0;0;1;1;0;0;0;0;1;1;0;0;0;0;29.04
1;1;0;1;1;0;1;1;1;1;0;1;1;0;1;1;0;0;0;1;0;1;0;1;0;0;0;1;0;0;0;1;0;1;0;0;0;1;0;31.0166666666667
1;1;0;0;0;0;1;1;1;0;1;1;1;0;0;1;0;0;0;0;1;1;1;0;0;0;0;1;1;0;0;0;0;1;1;0;0;0;0;28.5666666666667
1;0;1;1;1;0;1;1;1;1;0;1;1;0;1;1;0;0;0;0;1;1;0;0;1;0;0;1;1;0;0;0;0;1;1;0;0;0;0;28.4066666666667
1;0;1;0;0;0;0;1;1;1;0;1;0;1;0;1;0;0;0;1;0;1;0;0;0;1;0;1;0;0;0;1;0;1;0;0;1;0;0;28.96
1;0;1;1;1;0;0;1;1;0;1;1;1;0;1;1;0;0;0;0;1;1;1;0;0;0;0;1;1;0;0;0;0;1;0;0;1;0;0;30.7533333333333
1;1;0;0;0;0;1;1;1;1;0;1;0;1;1;1;0;0;0;0;1;1;0;1;0;0;0;1;1;0;0;0;0;1;0;0;1;0;0;28.4866666666667
1;1;0;1;0;1;1;1;1;1;0;1;0;1;0;1;0;0;0;0;1;1;0;0;0;1;0;1;0;1;0;0;0;1;0;0;0;1;0;28.64
1;1;0;1;1;0;0;1;1;0;1;1;1;0;0;1;0;0;0;0;1;1;0;0;1;0;0;1;0;1;0;0;0;1;0;0;1;0;0;30.9333333333333
1;0;1;1;1;0;0;1;1;1;0;1;0;1;0;1;0;0;0;0;1;1;1;0;0;0;0;1;1;0;0;0;0;1;1;0;0;0;0;30.7633333333333
1;1;0;1;1;0;0;1;1;0;1;1;0;1;1;1;0;0;0;1;0;1;0;0;1;0;0;1;0;0;0;1;0;1;0;0;1;0;0;30.76
1;1;0;1;1;0;0;1;1;0;1;1;0;1;0;1;0;0;0;0;1;1;0;0;1;0;0;1;1;0;0;0;0;1;1;0;0;0;0;30.6633333333333
1;0;1;1;1;0;1;1;1;0;1;1;1;0;0;1;0;0;0;0;1;1;1;0;0;0;0;1;1;0;0;0;0;1;0;1;0;0;0;31.19
1;0;1;0;0;0;0;1;1;1;0;1;1;0;1;1;0;0;0;0;1;1;0;0;1;0;0;1;1;0;0;0;0;1;0;0;1;0;0;4.5
1;1;0;0;0;0;1;1;1;1;0;1;1;0;1;1;0;0;0;0;1;1;0;0;0;1;0;1;0;1;0;0;0;1;0;0;0;1;0;29.2066666666667
1;1;0;1;1;0;0;1;1;1;0;1;0;1;0;1;0;0;0;1;0;1;0;1;0;0;0;1;0;0;0;1;0;1;0;0;0;0;1;30.9066666666667
1;0;1;0;0;0;1;1;1;1;0;1;1;0;0;1;0;0;0;0;1;1;0;0;1;0;0;1;0;1;0;0;0;1;0;0;0;1;0;26.78
1;1;0;1;0;1;1;1;1;1;0;1;1;0;0;1;0;0;0;0;1;1;0;0;0;1;0;1;0;1;0;0;0;1;0;0;0;1;0;29.1633333333333
1;0;1;1;1;0;0;1;1;0;1;1;0;1;0;1;0;0;0;0;1;1;1;0;0;0;0;1;1;0;0;0;0;1;1;0;0;0;0;30.8666666666667
1;1;0;1;1;0;0;1;1;1;0;1;0;1;1;1;0;0;0;1;0;1;0;1;0;0;0;1;0;0;0;1;0;1;1;0;0;0;0;30.8933333333333
1;0;1;0;0;0;1;1;1;0;1;1;0;1;0;1;0;0;0;1;0;1;0;1;0;0;0;1;0;1;0;0;0;1;0;0;1;0;0;29.1866666666667
1;0;1;0;0;0;0;1;1;1;0;1;0;1;0;1;0;0;0;0;1;1;0;0;1;0;0;1;0;1;0;0;0;1;0;0;1;0;0;28.4333333333333
1;0;1;1;1;0;1;1;1;0;1;1;1;0;1;1;0;0;0;1;0;1;0;1;0;0;0;1;0;0;0;1;0;1;0;0;0;1;0;30.7366666666667
1;0;1;1;1;0;0;1;1;0;1;1;1;0;1;1;1;0;0;0;0;1;1;0;0;0;0;1;1;0;0;0;0;1;0;0;1;0;0;30.92
1;1;0;1;1;0;0;1;1;1;0;1;1;0;1;1;0;0;0;0;1;1;0;0;1;0;0;1;0;1;0;0;0;1;0;0;1;0;0;14.4266666666667
1;1;0;1;0;1;0;1;1;1;0;1;0;1;1;1;0;0;0;0;1;1;0;0;0;1;0;1;0;1;0;0;0;1;0;0;0;1;0;28.6266666666667
1;0;1;0;0;0;0;1;1;0;1;1;1;0;1;1;0;0;0;1;0;1;0;1;0;0;0;1;0;0;0;1;0;1;0;0;0;0;1;29.1333333333333
1;0;1;1;1;0;1;1;1;0;1;1;1;0;1;1;0;0;0;1;0;1;0;1;0;0;0;1;0;0;0;1;0;1;1;0;0;0;0;30.99
1;1;0;0;0;0;0;1;1;1;0;1;0;1;0;1;0;0;0;1;0;1;1;0;0;0;0;1;0;0;0;1;0;1;0;0;1;0;0;29.2233333333333
1;1;0;1;1;0;0;1;1;1;0;1;1;0;1;1;0;0;0;0;1;1;0;0;0;1;0;1;1;0;0;0;0;1;1;0;0;0;0;18.17
1;0;1;0;0;0;0;1;1;1;0;1;0;1;1;1;0;0;0;1;0;1;0;0;0;0;1;1;0;0;0;1;0;1;0;0;1;0;0;29.0866666666667
1;1;0;0;0;0;1;1;1;0;1;1;0;1;1;1;0;0;0;0;1;1;1;0;0;0;0;1;0;1;0;0;0;1;0;0;1;0;0;29.1466666666667
1;1;0;1;1;0;0;1;1;0;1;1;1;0;1;1;1;0;0;0;0;1;0;0;1;0;0;1;0;0;0;0;1;1;0;0;1;0;0;30.9466666666667
1;0;1;1;1;0;1;1;1;1;0;1;1;0;1;1;0;0;0;0;1;1;1;0;0;0;0;1;1;0;0;0;0;1;0;1;0;0;0;28.2833333333333
1;0;1;0;0;0;1;1;1;0;1;1;1;0;1;1;0;0;0;1;0;1;0;1;0;0;0;1;0;0;0;1;0;1;1;0;0;0;0;28.4766666666667
1;1;0;1;0;1;1;1;1;0;1;1;0;1;0;1;0;0;0;0;1;1;0;0;0;1;0;1;1;0;0;0;0;1;1;0;0;0;0;28.2433333333333
1;0;1;1;0;1;0;1;1;0;1;1;0;1;0;1;0;0;0;1;0;1;0;1;0;0;0;1;0;0;0;1;0;1;0;0;0;0;1;28.5866666666667
1;0;1;0;0;0;1;1;1;1;0;1;0;1;1;1;0;0;0;0;1;1;1;0;0;0;0;1;1;0;0;0;0;1;1;0;0;0;0;28.5166666666667
1;0;1;1;0;1;1;1;1;1;0;1;0;1;1;1;0;0;0;1;0;1;0;1;0;0;0;1;0;0;0;1;0;1;0;0;1;0;0;28.6066666666667
1;1;0;0;0;0;0;1;1;0;1;1;1;0;0;1;0;0;0;0;1;1;0;1;0;0;0;1;0;1;0;0;0;1;0;1;0;0;0;29.1666666666667
1;0;1;0;0;0;0;1;1;0;1;1;1;0;0;1;1;0;0;0;0;1;0;0;0;1;0;1;0;0;0;0;1;1;0;0;1;0;0;29.7333333333333
1;1;0;1;0;1;1;1;1;1;0;1;0;1;0;1;0;0;0;0;1;1;0;0;1;0;0;1;1;0;0;0;0;1;1;0;0;0;0;29.3033333333333
1;1;0;1;1;0;1;1;1;0;1;1;0;1;1;1;0;0;0;1;0;1;0;1;0;0;0;1;0;0;0;1;0;1;0;0;1;0;0;30.6266666666667
1;1;0;1;1;0;0;1;1;0;1;1;1;0;1;1;0;0;0;0;1;1;1;0;0;0;0;1;1;0;0;0;0;1;0;0;1;0;0;30.7966666666667
1;1;0;0;0;0;0;1;1;0;1;1;0;1;0;1;0;0;0;0;1;1;0;0;1;0;0;1;0;0;0;1;0;1;0;0;1;0;0;28.58
1;1;0;0;0;0;0;1;1;0;1;1;0;1;1;1;0;0;0;0;1;1;0;1;0;0;0;1;0;0;0;0;1;1;0;0;1;0;0;28.4766666666667
1;1;0;1;0;1;0;1;1;1;0;1;0;1;1;1;0;0;0;1;0;1;0;1;0;0;0;1;0;0;0;1;0;1;0;0;1;0;0;28.6433333333333
1;0;1;0;0;0;0;1;1;1;0;1;0;1;1;1;0;0;0;0;1;1;1;0;0;0;0;1;0;0;0;0;1;1;0;0;1;0;0;29.0866666666667
1;1;0;0;0;0;0;1;1;1;0;1;1;0;0;1;0;0;0;0;1;1;0;1;0;0;0;1;0;1;0;0;0;1;0;1;0;0;0;11.45
1;0;1;0;0;0;0;1;1;0;1;1;1;0;1;1;0;0;0;0;1;1;0;0;1;0;0;1;1;0;0;0;0;1;0;0;1;0;0;28.36
1;1;0;1;1;0;0;1;1;1;0;1;1;0;0;1;0;0;0;1;0;1;0;0;1;0;0;1;0;0;0;1;0;1;0;0;1;0;0;14.3966666666667
1;1;0;1;1;0;0;1;1;0;1;1;1;0;1;1;0;0;0;0;1;1;0;0;1;0;0;1;0;1;0;0;0;1;0;0;0;1;0;30.6966666666667
1;0;1;0;0;0;0;1;1;0;1;1;1;0;1;1;0;0;0;0;1;1;0;0;1;0;0;1;0;1;0;0;0;1;1;0;0;0;0;28.95
1;0;1;0;0;0;0;1;1;1;0;1;1;0;0;1;0;0;0;1;0;1;0;0;1;0;0;1;0;0;0;1;0;1;0;0;1;0;0;4.38
1;1;0;0;0;0;0;1;1;0;1;1;1;0;0;1;1;0;0;0;0;1;0;0;1;0;0;1;0;0;0;0;1;1;0;0;1;0;0;28.58
1;0;1;0;0;0;0;1;1;0;1;1;1;0;0;1;0;0;0;1;0;1;0;0;0;1;0;1;0;0;0;1;0;1;0;0;1;0;0;29.71
1;1;0;1;0;1;1;1;1;0;1;1;0;1;1;1;0;0;0;0;1;1;0;0;1;0;0;1;0;1;0;0;0;1;0;0;0;0;1;28.56
1;0;1;0;0;0;0;1;1;0;1;1;0;1;1;1;0;0;0;0;1;1;1;0;0;0;0;1;1;0;0;0;0;1;0;1;0;0;0;28.6166666666667
1;0;1;1;1;0;0;1;1;1;0;1;1;0;1;1;0;0;0;1;0;1;0;1;0;0;0;1;0;0;0;1;0;1;0;0;0;1;0;7.98
1;0;1;1;1;0;0;1;1;1;0;1;1;0;1;1;0;0;0;0;1;1;0;0;0;1;0;1;0;1;0;0;0;1;0;0;1;0;0;6.05
1;1;0;1;1;0;0;1;1;0;1;1;0;1;1;1;0;0;0;1;0;1;0;1;0;0;0;1;0;0;0;1;0;1;1;0;0;0;0;30.6966666666667
1;1;0;0;0;0;1;1;1;1;0;1;0;1;1;1;0;0;0;0;1;1;0;0;0;1;0;1;0;1;0;0;0;1;0;0;0;1;0;29.0766666666667
1;0;1;0;0;0;0;1;1;1;0;1;1;0;0;1;0;0;0;0;1;1;0;0;1;0;0;1;0;1;0;0;0;1;0;0;0;1;0;6.76666666666667
1;1;0;1;0;1;0;1;1;1;0;1;1;0;1;1;0;0;0;0;1;1;1;0;0;0;0;1;1;0;0;0;0;1;0;1;0;0;0;11.3866666666667
1;1;0;1;1;0;0;1;1;0;1;1;1;0;0;1;0;0;0;0;1;1;0;0;0;1;0;1;1;0;0;0;0;1;1;0;0;0;0;31.11
1;1;0;0;0;0;0;1;1;0;1;1;0;1;1;1;0;0;0;1;0;1;0;1;0;0;0;1;0;0;0;1;0;1;1;0;0;0;0;29.1766666666667
1;1;0;1;0;1;1;1;1;1;0;1;0;1;1;1;0;0;0;1;0;1;0;1;0;0;0;1;0;0;0;1;0;1;0;0;1;0;0;28.6333333333333
1;0;1;1;0;1;1;1;1;0;1;1;1;0;1;1;0;0;0;0;1;1;0;0;0;1;0;1;0;1;0;0;0;1;0;0;0;1;0;29.23
1;1;0;0;0;0;0;1;1;0;1;1;0;1;1;1;0;0;0;0;1;1;0;0;1;0;0;1;0;1;0;0;0;1;1;0;0;0;0;28.57
1;0;1;0;0;0;0;1;1;0;1;1;1;0;0;1;0;1;0;0;0;1;1;0;0;0;0;1;0;0;1;0;0;1;0;0;1;0;0;28.6033333333333
1;1;0;1;0;1;1;1;1;1;0;1;0;1;1;1;0;0;0;0;1;1;1;0;0;0;0;1;1;0;0;0;0;1;0;1;0;0;0;28.6233333333333
1;0;1;0;0;0;0;1;1;1;0;1;0;1;0;1;0;0;0;0;1;1;0;0;1;0;0;1;0;0;0;0;1;1;0;0;1;0;0;29.7733333333333
1;0;1;0;0;0;1;1;1;1;0;1;0;1;0;1;0;0;0;1;0;1;0;1;0;0;0;1;1;0;0;0;0;1;0;0;1;0;0;29.0233333333333
1;1;0;1;0;1;0;1;1;1;0;1;0;1;0;1;0;0;0;1;0;1;0;1;0;0;0;1;0;0;0;1;0;1;0;0;0;0;1;29.17
1;0;1;0;0;0;0;1;1;0;1;1;1;0;1;1;0;0;0;0;1;1;0;0;1;0;0;1;0;0;0;0;1;1;0;0;1;0;0;29.7666666666667
1;0;1;1;0;1;1;1;1;1;0;1;0;1;0;1;0;0;0;0;1;1;0;0;0;1;0;1;1;0;0;0;0;1;1;0;0;0;0;28.5166666666667
1;1;0;1;0;1;0;1;1;1;0;1;0;1;0;1;0;0;0;0;1;1;1;0;0;0;0;1;1;0;0;0;0;1;0;1;0;0;0;28.5833333333333
1;1;0;1;1;0;1;1;1;0;1;1;0;1;0;1;0;0;0;0;1;1;0;0;0;1;0;1;1;0;0;0;0;1;1;0;0;0;0;30.5
1;0;1;0;0;0;0;1;1;0;1;1;0;1;1;1;1;0;0;0;0;1;1;0;0;0;0;1;1;0;0;0;0;1;0;0;1;0;0;29.19
1;1;0;1;1;0;1;1;1;0;1;1;0;1;0;1;0;0;0;0;1;1;1;0;0;0;0;1;0;1;0;0;0;1;0;0;0;0;1;30.7766666666667
1;0;1;1;1;0;0;1;1;1;0;1;1;0;1;1;0;0;0;1;0;1;0;1;0;0;0;1;0;0;0;1;0;1;0;0;1;0;0;6.02333333333333
1;1;0;0;0;0;1;1;1;1;0;1;1;0;1;1;0;0;0;1;0;1;0;1;0;0;0;1;0;0;0;1;0;1;0;0;0;0;1;29.12
1;0;1;1;1;0;0;1;1;0;1;1;1;0;0;1;0;0;0;0;1;1;1;0;0;0;0;1;1;0;0;0;0;1;1;0;0;0;0;30.9333333333333
1;1;0;1;0;1;0;1;1;0;1;1;1;0;0;1;0;0;0;0;1;1;1;0;0;0;0;1;1;0;0;0;0;1;0;1;0;0;0;29.6566666666667
1;1;0;0;0;0;1;1;1;0;1;1;1;0;0;1;0;0;0;0;1;1;0;0;1;0;0;1;0;1;0;0;0;1;0;0;0;1;0;29.07
1;1;0;0;0;0;0;1;1;0;1;1;0;1;1;1;0;0;0;0;1;1;1;0;0;0;0;1;0;0;0;0;1;1;0;0;1;0;0;29.71
1;1;0;0;0;0;1;1;1;1;0;1;0;1;0;1;0;0;0;0;1;1;0;0;0;1;0;1;0;1;0;0;0;1;0;0;0;0;1;29.0133333333333
1;1;0;0;0;0;0;1;1;0;1;1;1;0;1;1;0;0;0;0;1;1;0;1;0;0;0;1;0;0;0;0;1;1;0;0;1;0;0;29.22
1;0;1;1;1;0;0;1;1;0;1;1;1;0;1;1;0;0;0;1;0;1;0;0;0;1;0;1;0;0;0;1;0;1;0;0;1;0;0;30.9
1;0;1;0;0;0;0;1;1;1;0;1;0;1;0;1;0;0;0;1;0;1;0;1;0;0;0;1;0;0;0;1;0;1;0;0;0;0;1;29.03
1;1;0;0;0;0;0;1;1;1;0;1;0;1;0;1;0;0;0;0;1;1;0;0;1;0;0;1;1;0;0;0;0;1;1;0;0;0;0;28.58
1;0;1;1;0;1;0;1;1;1;0;1;0;1;0;1;0;0;0;0;1;1;0;0;1;0;0;1;0;1;0;0;0;1;0;0;1;0;0;28.7466666666667
1;1;0;1;0;1;1;1;1;1;0;1;0;1;0;1;0;0;0;0;1;1;1;0;0;0;0;1;1;0;0;0;0;1;0;1;0;0;0;29.12
1;0;1;1;0;1;0;1;1;1;0;1;1;0;1;1;0;0;0;0;1;1;0;0;0;1;0;1;0;1;0;0;0;1;0;0;1;0;0;4.66333333333333
1;1;0;0;0;0;1;1;1;1;0;1;0;1;1;1;0;0;0;0;1;1;0;0;0;1;0;1;1;0;0;0;0;1;1;0;0;0;0;28.4733333333333
1;0;1;0;0;0;0;1;1;1;0;1;1;0;0;1;0;0;0;0;1;1;0;1;0;0;0;1;1;0;0;0;0;1;0;1;0;0;0;5.79
1;1;0;0;0;0;0;1;1;1;0;1;0;1;0;1;1;0;0;0;0;1;1;0;0;0;0;1;0;0;0;0;1;1;0;0;1;0;0;29.9966666666667
1;0;1;0;0;0;1;1;1;0;1;1;1;0;1;1;0;0;0;1;0;1;0;1;0;0;0;1;0;0;0;1;0;1;0;0;1;0;0;28.6166666666667
1;1;0;1;0;1;1;1;1;0;1;1;0;1;0;1;0;0;0;1;0;1;0;1;0;0;0;1;0;0;0;1;0;1;1;0;0;0;0;28.8933333333333
1;1;0;0;0;0;1;1;1;0;1;1;1;0;1;1;0;0;0;1;0;1;0;1;0;0;0;1;1;0;0;0;0;1;0;0;1;0;0;29.1966666666667
1;1;0;1;0;1;0;1;1;0;1;1;1;0;0;1;0;0;0;0;1;1;1;0;0;0;0;1;1;0;0;0;0;1;1;0;0;0;0;29.2166666666667
1;0;1;0;0;0;0;1;1;0;1;1;1;0;1;1;1;0;0;0;0;1;0;0;0;0;1;1;0;0;0;0;1;1;0;0;1;0;0;29.7233333333333
1;1;0;0;0;0;1;1;1;0;1;1;1;0;1;1;0;0;0;0;1;1;0;0;0;1;0;1;0;1;0;0;0;1;0;0;1;0;0;28.5966666666667
1;0;1;1;1;0;0;1;1;0;1;1;0;1;1;1;0;0;0;1;0;1;0;1;0;0;0;1;0;0;0;1;0;1;1;0;0;0;0;30.8366666666667
1;1;0;1;1;0;0;1;1;0;1;1;1;0;0;1;1;0;0;0;0;1;1;0;0;0;0;1;0;0;0;0;1;1;0;0;1;0;0;30.7933333333333
1;1;0;1;1;0;1;1;1;0;1;1;0;1;1;1;0;0;0;0;1;1;1;0;0;0;0;1;1;0;0;0;0;1;0;1;0;0;0;30.5833333333333
1;0;1;1;0;1;0;1;1;0;1;1;0;1;0;1;0;0;0;1;0;1;0;1;0;0;0;1;0;0;0;1;0;1;0;0;1;0;0;28.6366666666667
1;0;1;1;1;0;0;1;1;0;1;1;1;0;1;1;0;0;0;0;1;1;0;0;1;0;0;1;1;0;0;0;0;1;0;0;1;0;0;30.4666666666667
1;1;0;0;0;0;0;1;1;0;1;1;1;0;1;1;0;1;0;0;0;1;1;0;0;0;0;1;0;0;1;0;0;1;0;0;1;0;0;29.12
1;0;1;1;1;0;0;1;1;0;1;1;1;0;1;1;0;0;0;0;1;1;1;0;0;0;0;1;1;0;0;0;0;1;1;0;0;0;0;31.0933333333333
1;1;0;1;1;0;0;1;1;1;0;1;1;0;0;1;0;0;0;1;0;1;0;0;0;0;1;1;0;0;0;1;0;1;0;0;1;0;0;14.3966666666667
1;0;1;0;0;0;0;1;1;1;0;1;1;0;0;1;1;0;0;0;0;1;0;0;0;1;0;1;0;0;0;0;1;1;0;0;1;0;0;4.60666666666667
1;1;0;0;0;0;0;1;1;1;0;1;1;0;1;1;0;0;0;0;1;1;1;0;0;0;0;1;0;1;0;0;0;1;0;1;0;0;0;11.37
1;1;0;1;1;0;1;1;1;1;0;1;1;0;0;1;0;0;0;0;1;1;1;0;0;0;0;1;1;0;0;0;0;1;1;0;0;0;0;31.12
1;1;0;0;0;0;0;1;1;0;1;1;0;1;0;1;0;0;0;0;1;1;0;0;0;1;0;1;0;1;0;0;0;1;0;1;0;0;0;28.6033333333333
1;0;1;0;0;0;1;1;1;1;0;1;0;1;0;1;0;0;0;1;0;1;0;1;0;0;0;1;0;0;0;1;0;1;1;0;0;0;0;29.6533333333333
1;0;1;1;1;0;0;1;1;0;1;1;1;0;0;1;0;0;0;1;0;1;0;1;0;0;0;1;0;0;0;1;0;1;0;0;0;0;1;30.9566666666667
1;1;0;0;0;0;0;1;1;0;1;1;1;0;1;1;0;0;0;0;1;1;1;0;0;0;0;1;1;0;0;0;0;1;1;0;0;0;0;28.56
1;0;1;1;0;1;0;1;1;1;0;1;1;0;0;1;0;0;0;1;0;1;0;1;0;0;0;1;0;0;0;1;0;1;1;0;0;0;0;18.5133333333333
1;1;0;1;0;1;0;1;1;0;1;1;0;1;0;1;0;0;0;1;0;1;0;1;0;0;0;1;0;0;0;1;0;1;0;0;0;1;0;28.4333333333333
1;1;0;0;0;0;0;1;1;0;1;1;1;0;1;1;0;0;0;0;1;1;1;0;0;0;0;1;0;1;0;0;0;1;0;1;0;0;0;28.9033333333333
1;0;1;0;0;0;0;1;1;1;0;1;1;0;0;1;0;0;0;0;1;1;0;0;0;1;0;1;0;1;0;0;0;1;0;0;1;0;0;4.52333333333333
1;1;0;0;0;0;1;1;1;1;0;1;0;1;0;1;0;0;0;0;1;1;0;0;1;0;0;1;0;1;0;0;0;1;0;0;0;0;1;29.11
1;1;0;0;0;0;1;1;1;1;0;1;1;0;0;1;0;0;0;0;1;1;0;0;0;1;0;1;0;1;0;0;0;1;0;0;0;1;0;28.5833333333333
1;0;1;0;0;0;1;1;1;0;1;1;1;0;0;1;0;0;0;0;1;1;0;0;1;0;0;1;1;0;0;0;0;1;1;0;0;0;0;28.54
1;1;0;0;0;0;0;1;1;0;1;1;1;0;0;1;0;0;0;0;1;1;0;0;0;1;0;1;0;1;0;0;0;1;0;0;1;0;0;28.6566666666667
1;1;0;0;0;0;0;1;1;0;1;1;0;1;1;1;0;0;0;0;1;1;0;0;1;0;0;1;0;0;0;0;1;1;0;0;1;0;0;29.5933333333333
1;1;0;0;0;0;0;1;1;0;1;1;0;1;0;1;0;0;0;0;1;1;0;0;1;0;0;1;1;0;0;0;0;1;1;0;0;0;0;28.6266666666667
1;1;0;0;0;0;0;1;1;0;1;1;1;0;0;1;0;0;0;0;1;1;1;0;0;0;0;1;1;0;0;0;0;1;0;0;1;0;0;28.43
1;1;0;1;0;1;1;1;1;0;1;1;1;0;1;1;0;0;0;0;1;1;0;0;1;0;0;1;0;1;0;0;0;1;0;0;0;0;1;29.1833333333333
1;1;0;1;1;0;1;1;1;1;0;1;0;1;0;1;0;0;0;0;1;1;0;0;1;0;0;1;0;1;0;0;0;1;0;0;1;0;0;30.8266666666667
1;1;0;0;0;0;1;1;1;1;0;1;1;0;1;1;0;0;0;0;1;1;0;0;1;0;0;1;1;0;0;0;0;1;1;0;0;0;0;28.63
1;0;1;1;0;1;1;1;1;1;0;1;0;1;0;1;0;0;0;1;0;1;0;1;0;0;0;1;0;0;0;1;0;1;0;1;0;0;0;28.5533333333333
1;1;0;1;1;0;0;1;1;1;0;1;1;0;1;1;0;0;0;1;0;1;0;1;0;0;0;1;0;0;0;1;0;1;0;0;1;0;0;14.4033333333333
1;0;1;0;0;0;1;1;1;0;1;1;0;1;1;1;0;0;0;1;0;1;0;1;0;0;0;1;0;0;0;1;0;1;1;0;0;0;0;28.8633333333333
1;1;0;0;0;0;0;1;1;0;1;1;1;0;0;1;0;0;0;1;0;1;0;0;1;0;0;1;0;0;0;1;0;1;1;0;0;0;0;28.8766666666667
1;0;1;0;0;0;0;1;1;0;1;1;1;0;1;1;0;0;0;0;1;1;1;0;0;0;0;1;1;0;0;0;0;1;1;0;0;0;0;28.4233333333333
1;1;0;0;0;0;1;1;1;1;0;1;0;1;1;1;0;0;0;0;1;1;1;0;0;0;0;1;0;1;0;0;0;1;0;0;0;0;1;28.5566666666667
1;1;0;1;0;1;1;1;1;0;1;1;1;0;0;1;0;0;0;1;0;1;0;1;0;0;0;1;0;0;0;1;0;1;1;0;0;0;0;28.71
1;0;1;1;0;1;1;1;1;1;0;1;0;1;0;1;0;0;0;0;1;1;0;0;1;0;0;1;0;1;0;0;0;1;0;0;0;1;0;28.7433333333333
1;0;1;0;0;0;0;1;1;0;1;1;1;0;0;1;0;0;0;0;1;1;0;0;1;0;0;1;0;1;0;0;0;1;0;0;1;0;0;29.12
1;1;0;0;0;0;1;1;1;1;0;1;1;0;0;1;0;0;0;1;0;1;0;1;0;0;0;1;0;0;0;1;0;1;1;0;0;0;0;28.3066666666667
1;1;0;0;0;0;0;1;1;0;1;1;1;0;1;1;0;1;0;0;0;1;1;0;0;0;0;1;1;0;0;0;0;1;0;0;1;0;0;29.0466666666667
1;1;0;1;0;1;1;1;1;1;0;1;1;0;1;1;0;0;0;0;1;1;1;0;0;0;0;1;1;0;0;0;0;1;0;1;0;0;0;28.6166666666667
1;0;1;1;0;1;0;1;1;0;1;1;1;0;0;1;0;0;0;1;0;1;0;1;0;0;0;1;0;0;0;1;0;1;1;0;0;0;0;28.5866666666667
1;1;0;0;0;0;0;1;1;0;1;1;1;0;1;1;0;1;0;0;0;1;0;0;1;0;0;1;0;0;1;0;0;1;0;0;1;0;0;29.68
1;0;1;0;0;0;0;1;1;0;1;1;1;0;0;1;0;0;0;0;1;1;1;0;0;0;0;1;1;0;0;0;0;1;0;0;1;0;0;28.5966666666667
1;0;1;0;0;0;0;1;1;1;0;1;1;0;0;1;0;0;0;0;1;1;0;0;1;0;0;1;0;0;0;0;1;1;0;0;1;0;0;4.63
1;0;1;0;0;0;1;1;1;0;1;1;0;1;0;1;0;0;0;1;0;1;0;1;0;0;0;1;0;0;0;1;0;1;0;0;0;1;0;29.7566666666667
1;1;0;1;1;0;1;1;1;0;1;1;1;0;1;1;0;0;0;1;0;1;0;1;0;0;0;1;0;0;0;1;0;1;0;0;1;0;0;30.9766666666667
1;1;0;0;0;0;0;1;1;0;1;1;1;0;0;1;0;0;0;0;1;1;0;0;0;1;0;1;1;0;0;0;0;1;1;0;0;0;0;29.7733333333333
1;1;0;0;0;0;0;1;1;1;0;1;1;0;0;1;0;0;0;0;1;1;0;0;0;0;1;1;1;0;0;0;0;1;0;0;1;0;0;10.71
1;1;0;0;0;0;0;1;1;0;1;1;0;1;0;1;0;0;0;0;1;1;1;0;0;0;0;1;0;0;0;0;1;1;0;0;1;0;0;29.7366666666667
1;0;1;0;0;0;1;1;1;1;0;1;0;1;1;1;0;0;0;1;0;1;0;1;0;0;0;1;0;0;0;1;0;1;0;0;1;0;0;29.12
1;0;1;0;0;0;0;1;1;0;1;1;1;0;0;1;0;0;0;0;1;1;0;0;1;0;0;1;1;0;0;0;0;1;1;0;0;0;0;29.22
1;0;1;0;0;0;0;1;1;0;1;1;1;0;1;1;0;1;0;0;0;1;0;0;1;0;0;1;0;1;0;0;0;1;0;0;1;0;0;28.3766666666667
1;0;1;0;0;0;0;1;1;0;1;1;1;0;0;1;0;0;0;0;1;1;0;0;1;0;0;1;0;1;0;0;0;1;1;0;0;0;0;29.1366666666667
1;0;1;0;0;0;0;1;1;1;0;1;1;0;0;1;0;0;0;1;0;1;0;1;0;0;0;1;0;0;0;1;0;1;0;0;0;1;0;6.82333333333333
1;0;1;1;1;0;1;1;1;1;0;1;1;0;0;1;0;0;0;0;1;1;0;0;0;1;0;1;0;1;0;0;0;1;0;0;0;1;0;28.37
1;1;0;1;0;1;1;1;1;0;1;1;0;1;1;1;0;0;0;0;1;1;0;0;0;1;0;1;0;1;0;0;0;1;0;0;0;1;0;28.6933333333333
1;1;0;0;0;0;1;1;1;0;1;1;0;1;1;1;0;0;0;1;0;1;0;1;0;0;0;1;0;0;0;1;0;1;0;0;0;1;0;28.3433333333333
1;1;0;1;1;0;0;1;1;0;1;1;1;0;0;1;0;0;0;1;0;1;0;0;0;1;0;1;0;0;0;1;0;1;0;0;1;0;0;30.6466666666667
1;1;0;0;0;0;1;1;1;1;0;1;1;0;1;1;0;0;0;0;1;1;1;0;0;0;0;1;1;0;0;0;0;1;0;1;0;0;0;28.5233333333333
1;0;1;1;1;0;1;1;1;0;1;1;1;0;0;1;0;0;0;0;1;1;0;0;0;1;0;1;1;0;0;0;0;1;1;0;0;0;0;30.8666666666667
1;1;0;1;0;1;0;1;1;1;0;1;1;0;0;1;0;0;0;1;0;1;0;1;0;0;0;1;0;0;0;1;0;1;0;0;0;0;1;14.4666666666667
1;1;0;1;0;1;0;1;1;1;0;1;1;0;0;1;1;0;0;0;0;1;1;0;0;0;0;1;1;0;0;0;0;1;1;0;0;0;0;11.09
1;1;0;1;0;1;0;1;1;0;1;1;1;0;0;1;0;0;0;1;0;1;0;1;0;0;0;1;0;0;0;1;0;1;0;0;1;0;0;28.7166666666667
1;1;0;1;0;1;0;1;1;0;1;1;1;0;1;1;0;0;0;0;1;1;0;0;1;0;0;1;0;1;0;0;0;1;0;0;1;0;0;29.0666666666667
1;1;0;0;0;0;1;1;1;1;0;1;1;0;1;1;0;0;0;0;1;1;0;0;0;1;0;1;0;1;0;0;0;1;0;0;0;0;1;28.97
1;1;0;0;0;0;1;1;1;0;1;1;0;1;1;1;0;0;0;0;1;1;1;0;0;0;0;1;1;0;0;0;0;1;0;1;0;0;0;28.6366666666667
1;1;0;0;0;0;1;1;1;0;1;1;0;1;0;1;0;0;0;0;1;1;0;0;1;0;0;1;0;1;0;0;0;1;0;0;0;0;1;29.0666666666667
1;1;0;0;0;0;0;1;1;0;1;1;1;0;1;1;0;0;0;1;0;1;0;0;1;0;0;1;0;0;0;1;0;1;0;0;1;0;0;28.5233333333333
1;1;0;0;0;0;0;1;1;1;0;1;1;0;1;1;0;0;0;0;1;1;1;0;0;0;0;1;0;0;0;0;1;1;0;0;1;0;0;10.74
1;0;1;0;0;0;1;1;1;0;1;1;0;1;1;1;0;0;0;0;1;1;1;0;0;0;0;1;1;0;0;0;0;1;0;1;0;0;0;29.0033333333333
1;1;0;1;0;1;0;1;1;0;1;1;0;1;1;1;0;0;0;0;1;1;1;0;0;0;0;1;1;0;0;0;0;1;1;0;0;0;0;29
1;0;1;1;0;1;1;1;1;0;1;1;1;0;0;1;0;0;0;1;0;1;0;1;0;0;0;1;0;0;0;1;0;1;0;1;0;0;0;28.6066666666667
1;0;1;0;0;0;0;1;1;0;1;1;1;0;0;1;0;0;0;0;1;1;0;0;0;1;0;1;0;1;0;0;0;1;1;0;0;0;0;28.5566666666667
1;1;0;1;1;0;0;1;1;1;0;1;1;0;1;1;0;0;0;0;1;1;0;0;1;0;0;1;0;1;0;0;0;1;0;0;0;1;0;14.9166666666667
1;0;1;0;0;0;0;1;1;0;1;1;1;0;0;1;1;0;0;0;0;1;0;0;0;1;0;1;1;0;0;0;0;1;0;0;1;0;0;30.2733333333333
1;1;0;1;1;0;1;1;1;0;1;1;0;1;1;1;0;0;0;0;1;1;1;0;0;0;0;1;0;1;0;0;0;1;0;0;0;1;0;30.9033333333333
1;1;0;1;0;1;1;1;1;0;1;1;0;1;0;1;0;0;0;0;1;1;0;0;1;0;0;1;0;1;0;0;0;1;0;0;0;0;1;29.7066666666667
1;1;0;1;0;1;0;1;1;0;1;1;1;0;1;1;0;0;0;1;0;1;0;1;0;0;0;1;0;0;0;1;0;1;0;0;1;0;0;29.2233333333333
1;1;0;1;1;0;1;1;1;1;0;1;1;0;1;1;0;0;0;0;1;1;1;0;0;0;0;1;0;1;0;0;0;1;0;0;0;1;0;31.0466666666667
1;0;1;0;0;0;0;1;1;0;1;1;0;1;1;1;0;0;0;0;1;1;0;1;0;0;0;1;1;0;0;0;0;1;0;1;0;0;0;29.17
1;0;1;1;1;0;1;1;1;0;1;1;0;1;1;1;0;0;0;0;1;1;0;0;0;1;0;1;0;1;0;0;0;1;0;0;0;1;0;30.6633333333333
1;1;0;0;0;0;1;1;1;1;0;1;0;1;1;1;0;0;0;0;1;1;0;1;0;0;0;1;0;1;0;0;0;1;0;0;1;0;0;28.54
1;0;1;0;0;0;0;1;1;1;0;1;0;1;0;1;0;0;0;0;1;1;0;0;1;0;0;1;0;1;0;0;0;1;0;0;0;1;0;29.06
1;0;1;1;1;0;0;1;1;0;1;1;0;1;1;1;0;0;0;1;0;1;0;1;0;0;0;1;0;0;0;1;0;1;0;0;1;0;0;30.6933333333333
1;1;0;1;0;1;0;1;1;0;1;1;0;1;1;1;0;0;0;1;0;1;0;1;0;0;0;1;0;0;0;1;0;1;0;0;0;0;1;29.2
1;0;1;1;0;1;0;1;1;1;0;1;0;1;1;1;0;0;0;1;0;1;0;1;0;0;0;1;0;0;0;1;0;1;0;1;0;0;0;28.53
1;1;0;0;0;0;0;1;1;0;1;1;0;1;0;1;0;0;0;0;1;1;0;1;0;0;0;1;0;0;0;0;1;1;0;0;1;0;0;28.5266666666667
1;0;1;0;0;0;1;1;1;0;1;1;1;0;1;1;0;0;0;1;0;1;0;1;0;0;0;1;0;0;0;1;0;1;0;0;0;0;1;28.6066666666667
1;1;0;1;0;1;1;1;1;0;1;1;0;1;1;1;0;0;0;0;1;1;1;0;0;0;0;1;1;0;0;0;0;1;0;1;0;0;0;28.6933333333333
1;0;1;1;0;1;1;1;1;0;1;1;0;1;1;1;0;0;0;0;1;1;0;0;1;0;0;1;0;1;0;0;0;1;0;0;1;0;0;29.0733333333333
1;1;0;1;1;0;1;1;1;0;1;1;1;0;1;1;0;0;0;0;1;1;0;0;1;0;0;1;0;1;0;0;0;1;0;0;0;1;0;30.98
1;0;1;1;1;0;1;1;1;0;1;1;1;0;0;1;0;0;0;0;1;1;0;0;0;1;0;1;0;1;0;0;0;1;0;0;0;1;0;30.7666666666667
1;1;0;0;0;0;1;1;1;0;1;1;1;0;0;1;0;0;0;0;1;1;1;0;0;0;0;1;0;1;0;0;0;1;0;0;0;0;1;28.8466666666667
1;0;1;0;0;0;0;1;1;0;1;1;0;1;0;1;0;0;0;1;0;1;0;0;0;0;1;1;0;0;0;1;0;1;0;0;1;0;0;29.13
1;1;0;1;1;0;0;1;1;1;0;1;0;1;0;1;0;0;0;0;1;1;1;0;0;0;0;1;1;0;0;0;0;1;0;1;0;0;0;30.9033333333333
1;0;1;1;0;1;0;1;1;1;0;1;0;1;1;1;0;0;0;0;1;1;1;0;0;0;0;1;1;0;0;0;0;1;1;0;0;0;0;28.5433333333333
1;0;1;1;0;1;1;1;1;0;1;1;0;1;1;1;0;0;0;0;1;1;0;0;0;1;0;1;0;1;0;0;0;1;0;0;0;1;0;28.4966666666667
1;1;0;1;0;1;0;1;1;0;1;1;0;1;0;1;0;0;0;0;1;1;0;0;0;1;0;1;0;1;0;0;0;1;0;0;1;0;0;28.5366666666667
1;0;1;0;0;0;0;1;1;1;0;1;1;0;1;1;0;0;0;0;1;1;0;0;0;1;0;1;0;1;0;0;0;1;0;0;1;0;0;4.55666666666667
1;0;1;1;1;0;0;1;1;0;1;1;1;0;0;1;0;0;0;0;1;1;1;0;0;0;0;1;1;0;0;0;0;1;0;0;0;0;1;30.51
1;1;0;0;0;0;0;1;1;0;1;1;0;1;0;1;0;0;0;1;0;1;0;0;0;0;1;1;0;0;0;1;0;1;0;0;1;0;0;28.9166666666667
1;1;0;0;0;0;0;1;1;0;1;1;1;0;0;1;1;0;0;0;0;1;0;0;0;1;0;1;0;0;0;0;1;1;0;0;1;0;0;28.6466666666667
1;0;1;1;0;1;1;1;1;0;1;1;1;0;0;1;0;0;0;0;1;1;0;0;1;0;0;1;0;1;0;0;0;1;0;0;0;1;0;28.6333333333333
1;1;0;0;0;0;0;1;1;1;0;1;0;1;0;1;1;0;0;0;0;1;0;0;0;1;0;1;0;0;0;0;1;1;0;0;1;0;0;29.2666666666667
1;0;1;0;0;0;0;1;1;0;1;1;1;0;1;1;0;0;0;1;0;1;0;0;0;0;1;1;0;0;0;1;0;1;0;0;1;0;0;29.7466666666667
1;0;1;0;0;0;0;1;1;1;0;1;0;1;0;1;0;0;0;1;0;1;0;1;0;0;0;1;0;0;0;1;0;1;0;0;1;0;0;28.6466666666667
1;1;0;1;1;0;1;1;1;1;0;1;1;0;1;1;0;0;0;0;1;1;0;0;0;1;0;1;1;0;0;0;0;1;1;0;0;0;0;31.15
1;1;0;0;0;0;0;1;1;0;1;1;0;1;1;1;1;0;0;0;0;1;0;0;0;1;0;1;1;0;0;0;0;1;0;0;1;0;0;29.0933333333333
1;0;1;0;0;0;0;1;1;1;0;1;1;0;0;1;0;0;0;1;0;1;0;1;0;0;0;1;0;0;0;1;0;1;0;1;0;0;0;5.96333333333333
1;1;0;0;0;0;0;1;1;0;1;1;1;0;1;1;1;0;0;0;0;1;1;0;0;0;0;1;0;0;0;0;1;1;0;0;1;0;0;28.68
1;1;0;1;1;0;0;1;1;0;1;1;1;0;0;1;0;0;0;0;1;1;1;0;0;0;0;1;1;0;0;0;0;1;0;0;1;0;0;30.7333333333333
1;0;1;0;0;0;0;1;1;0;1;1;1;0;1;1;0;1;0;0;0;1;1;0;0;0;0;1;0;0;0;0;1;1;0;0;1;0;0;29.15
1;0;1;0;0;0;0;1;1;0;1;1;1;0;1;1;0;0;0;1;0;1;0;0;1;0;0;1;0;0;0;1;0;1;1;0;0;0;0;28.6833333333333
1;1;0;1;0;1;1;1;1;0;1;1;0;1;1;1;0;0;0;0;1;1;0;0;0;1;0;1;0;1;0;0;0;1;0;0;1;0;0;28.4833333333333
1;0;1;0;0;0;0;1;1;0;1;1;0;1;0;1;0;0;0;0;1;1;0;0;0;1;0;1;1;0;0;0;0;1;0;0;1;0;0;28.7066666666667
1;0;1;0;0;0;0;1;1;1;0;1;1;0;0;1;1;0;0;0;0;1;0;1;0;0;0;1;0;0;0;0;1;1;0;0;1;0;0;4.36666666666667
1;0;1;0;0;0;0;1;1;1;0;1;0;1;0;1;1;0;0;0;0;1;0;1;0;0;0;1;0;0;0;0;1;1;0;0;1;0;0;28.6033333333333
1;0;1;0;0;0;0;1;1;0;1;1;1;0;0;1;1;0;0;0;0;1;0;0;1;0;0;1;0;0;0;0;1;1;0;0;1;0;0;28.9766666666667
1;1;0;0;0;0;1;1;1;0;1;1;0;1;1;1;0;0;0;0;1;1;0;0;0;1;0;1;0;1;0;0;0;1;0;0;1;0;0;29.0066666666667
1;1;0;0;0;0;0;1;1;1;0;1;0;1;0;1;0;0;0;1;0;1;0;1;0;0;0;1;0;0;0;1;0;1;0;1;0;0;0;29.2933333333333
1;1;0;0;0;0;0;1;1;1;0;1;1;0;0;1;1;0;0;0;0;1;0;0;0;1;0;1;1;0;0;0;0;1;0;0;1;0;0;10.5766666666667
1;1;0;0;0;0;0;1;1;1;0;1;1;0;1;1;0;0;0;1;0;1;0;0;0;1;0;1;0;0;0;1;0;1;0;0;1;0;0;10.5433333333333
1;0;1;0;0;0;0;1;1;1;0;1;0;1;1;1;0;0;0;0;1;1;0;0;0;1;0;1;0;1;0;0;0;1;0;1;0;0;0;29.0866666666667
1;0;1;0;0;0;0;1;1;0;1;1;0;1;1;1;0;0;0;0;1;1;0;1;0;0;0;1;0;1;0;0;0;1;0;0;1;0;0;28.56
1;0;1;0;0;0;0;1;1;1;0;1;1;0;1;1;0;0;0;0;1;1;0;1;0;0;0;1;0;1;0;0;0;1;0;0;1;0;0;4.51
1;1;0;0;0;0;1;1;1;0;1;1;1;0;1;1;0;0;0;1;0;1;0;1;0;0;0;1;0;1;0;0;0;1;0;0;1;0;0;29.0933333333333
1;1;0;0;0;0;1;1;1;0;1;1;0;1;1;1;0;0;0;0;1;1;0;0;1;0;0;1;0;1;0;0;0;1;0;0;0;0;1;28.6866666666667
1;0;1;0;0;0;0;1;1;0;1;1;1;0;0;1;0;1;0;0;0;1;1;0;0;0;0;1;0;1;0;0;0;1;0;0;1;0;0;29.6166666666667
1;1;0;0;0;0;0;1;1;1;0;1;0;1;1;1;0;0;0;0;1;1;1;0;0;0;0;1;1;0;0;0;0;1;0;1;0;0;0;29.1066666666667
1;1;0;0;0;0;1;1;1;0;1;1;0;1;0;1;0;0;0;0;1;1;1;0;0;0;0;1;1;0;0;0;0;1;1;0;0;0;0;29.1566666666667
1;0;1;1;1;0;0;1;1;0;1;1;1;0;0;1;0;0;0;0;1;1;1;0;0;0;0;1;1;0;0;0;0;1;0;0;1;0;0;30.4566666666667
1;1;0;0;0;0;0;1;1;0;1;1;1;0;1;1;0;0;0;1;0;1;0;0;0;1;0;1;0;0;0;1;0;1;0;0;1;0;0;29.1933333333333
1;0;1;0;0;0;1;1;1;1;0;1;0;1;0;1;0;0;0;1;0;1;0;1;0;0;0;1;0;1;0;0;0;1;0;0;1;0;0;29.7433333333333
1;1;0;1;0;1;1;1;1;1;0;1;0;1;1;1;0;0;0;0;1;1;0;0;0;1;0;1;0;1;0;0;0;1;0;0;0;1;0;29.3966666666667
1;0;1;0;0;0;0;1;1;0;1;1;1;0;0;1;0;0;0;0;1;1;0;0;0;1;0;1;1;0;0;0;0;1;0;0;1;0;0;28.9333333333333
1;1;0;0;0;0;1;1;1;0;1;1;0;1;1;1;0;0;0;0;1;1;1;0;0;0;0;1;1;0;0;0;0;1;0;0;1;0;0;29.62
1;1;0;0;0;0;0;1;1;1;0;1;1;0;1;1;0;0;0;1;0;1;0;0;0;0;1;1;0;0;0;1;0;1;0;0;1;0;0;10.6466666666667
1;1;0;0;0;0;0;1;1;0;1;1;1;0;0;1;0;0;0;0;1;1;0;0;1;0;0;1;1;0;0;0;0;1;0;1;0;0;0;29.08
1;0;1;0;0;0;0;1;1;1;0;1;0;1;1;1;0;0;0;0;1;1;0;0;0;0;1;1;0;0;0;0;1;1;0;0;1;0;0;29.0266666666667
1;0;1;1;1;0;0;1;1;0;1;1;1;0;1;1;0;0;0;1;0;1;0;1;0;0;0;1;0;0;0;1;0;1;0;0;1;0;0;30.8333333333333
1;1;0;0;0;0;0;1;1;0;1;1;1;0;0;1;0;0;0;0;1;1;1;0;0;0;0;1;1;0;0;0;0;1;0;0;0;0;1;29.1633333333333
1;0;1;1;0;1;0;1;1;0;1;1;1;0;1;1;0;0;0;0;1;1;0;0;1;0;0;1;0;1;0;0;0;1;0;0;0;1;0;29.0033333333333
1;1;0;0;0;0;0;1;1;0;1;1;1;0;1;1;0;0;0;0;1;1;0;0;1;0;0;1;0;1;0;0;0;1;0;1;0;0;0;29.2
1;1;0;0;0;0;0;1;1;1;0;1;1;0;1;1;0;0;0;0;1;1;0;1;0;0;0;1;0;0;0;0;1;1;0;0;1;0;0;10.6566666666667
1;1;0;0;0;0;0;1;1;0;1;1;0;1;1;1;0;0;0;0;1;1;0;0;0;1;0;1;1;0;0;0;0;1;0;0;1;0;0;29.08
1;0;1;1;1;0;0;1;1;1;0;1;0;1;1;1;0;0;0;1;0;1;0;1;0;0;0;1;0;0;0;1;0;1;0;0;0;0;1;30.74
1;1;0;0;0;0;1;1;1;1;0;1;0;1;1;1;0;0;0;0;1;1;1;0;0;0;0;1;0;1;0;0;0;1;0;0;1;0;0;28.5866666666667
1;0;1;1;1;0;0;1;1;1;0;1;0;1;1;1;0;0;0;0;1;1;0;0;1;0;0;1;0;1;0;0;0;1;0;0;0;1;0;30.76
1;1;0;0;0;0;0;1;1;1;0;1;1;0;1;1;1;0;0;0;0;1;1;0;0;0;0;1;1;0;0;0;0;1;0;0;1;0;0;10.64
1;0;1;0;0;0;0;1;1;1;0;1;0;1;0;1;0;0;0;0;1;1;1;0;0;0;0;1;0;0;0;0;1;1;0;0;1;0;0;28.5233333333333
1;1;0;0;0;0;0;1;1;0;1;1;0;1;1;1;0;0;0;0;1;1;0;0;0;1;0;1;0;1;0;0;0;1;1;0;0;0;0;29.5666666666667
1;1;0;0;0;0;1;1;1;1;0;1;1;0;1;1;0;0;0;1;0;1;0;1;0;0;0;1;0;0;0;1;0;1;0;1;0;0;0;29.1266666666667
1;0;1;1;1;0;1;1;1;1;0;1;1;0;0;1;0;0;0;1;0;1;0;1;0;0;0;1;0;0;0;1;0;1;0;1;0;0;0;28.3033333333333
1;0;1;0;0;0;0;1;1;1;0;1;1;0;0;1;1;0;0;0;0;1;0;0;0;0;1;1;1;0;0;0;0;1;0;0;1;0;0;4.45
1;0;1;0;0;0;0;1;1;0;1;1;1;0;0;1;0;0;0;1;0;1;0;1;0;0;0;1;0;0;0;1;0;1;1;0;0;0;0;29.1566666666667
1;0;1;1;1;0;0;1;1;1;0;1;1;0;0;1;0;0;0;1;0;1;0;1;0;0;0;1;0;0;0;1;0;1;0;0;0;1;0;8.01
1;0;1;0;0;0;0;1;1;0;1;1;1;0;1;1;1;0;0;0;0;1;0;1;0;0;0;1;1;0;0;0;0;1;0;0;1;0;0;28.3433333333333
1;0;1;0;0;0;0;1;1;0;1;1;1;0;1;1;0;0;1;0;0;1;1;0;0;0;0;1;1;0;0;0;0;1;0;0;1;0;0;29.6033333333333
1;1;0;1;1;0;1;1;1;1;0;1;0;1;1;1;0;0;0;0;1;1;1;0;0;0;0;1;0;1;0;0;0;1;0;0;0;1;0;30.6466666666667
1;1;0;1;1;0;0;1;1;1;0;1;1;0;0;1;1;0;0;0;0;1;1;0;0;0;0;1;1;0;0;0;0;1;1;0;0;0;0;18.2333333333333
1;1;0;1;1;0;1;1;1;0;1;1;1;0;1;1;0;0;0;1;0;1;0;1;0;0;0;1;0;0;0;1;0;1;0;0;0;0;1;30.7666666666667
1;0;1;1;0;1;0;1;1;1;0;1;0;1;0;1;0;0;0;1;0;1;0;1;0;0;0;1;0;0;0;1;0;1;0;0;0;0;1;28.65
1;0;1;0;0;0;0;1;1;0;1;1;0;1;1;1;0;0;0;0;1;1;1;0;0;0;0;1;0;0;0;0;1;1;0;0;1;0;0;29.6266666666667
1;1;0;1;1;0;1;1;1;0;1;1;0;1;1;1;0;0;0;0;1;1;0;0;0;1;0;1;0;1;0;0;0;1;0;0;0;0;1;30.83
1;0;1;1;1;0;1;1;1;0;1;1;1;0;1;1;0;0;0;0;1;1;0;0;1;0;0;1;0;1;0;0;0;1;0;0;0;1;0;30.9966666666667
1;1;0;0;0;0;0;1;1;1;0;1;0;1;0;1;1;0;0;0;0;1;0;0;0;1;0;1;1;0;0;0;0;1;0;0;1;0;0;29.7566666666667
1;0;1;1;1;0;1;1;1;1;0;1;1;0;1;1;0;0;0;0;1;1;0;0;1;0;0;1;0;1;0;0;0;1;0;0;1;0;0;28.3366666666667
1;0;1;0;0;0;0;1;1;1;0;1;0;1;0;1;1;0;0;0;0;1;0;0;0;1;0;1;1;0;0;0;0;1;0;0;1;0;0;29.5133333333333
1;0;1;0;0;0;0;1;1;0;1;1;1;0;0;1;0;0;0;0;1;1;0;0;0;1;0;1;1;0;0;0;0;1;1;0;0;0;0;28.66
1;0;1;1;0;1;1;1;1;1;0;1;1;0;1;1;0;0;0;0;1;1;1;0;0;0;0;1;1;0;0;0;0;1;0;1;0;0;0;24.1866666666667
1;0;1;1;0;1;0;1;1;0;1;1;1;0;1;1;0;0;0;1;0;1;0;1;0;0;0;1;0;0;0;1;0;1;0;0;1;0;0;28.5633333333333
1;0;1;1;1;0;1;1;1;0;1;1;0;1;1;1;0;0;0;1;0;1;0;1;0;0;0;1;0;0;0;1;0;1;0;0;0;1;0;30.4833333333333
