DisableExplicitGC;UseAdaptiveGCBoundary;UseAdaptiveSizeDecayMajorGCCost;UseAdaptiveSizePolicy;UseAdaptiveSizePolicyFootprintGoal;MaxTenuringThreshold;MaxTenuringThreshold_5;MaxTenuringThreshold_10;MaxTenuringThreshold_15;MinSurvivorRatio;MinSurvivorRatio_1;MinSurvivorRatio_4;MinSurvivorRatio_7;MinSurvivorRatio_10;NewRatio;NewRatio_1;NewRatio_2;NewRatio_4;NewRatio_8;NewRatio_16;NewRatio_32;SurvivorRatio;SurvivorRatio_1;SurvivorRatio_6;SurvivorRatio_11;SurvivorRatio_16;SurvivorRatio_21;SurvivorRatio_26;SurvivorRatio_31;TenuredGenerationSizeSupplement;TenuredGenerationSizeSupplement_50;TenuredGenerationSizeSupplement_70;TenuredGenerationSizeSupplement_90;TenuredGenerationSizeSupplementDecay;TenuredGenerationSizeSupplementDecay_2;TenuredGenerationSizeSupplementDecay_4;TenuredGenerationSizeSupplementDecay_8;TenuredGenerationSizeSupplementDecay_16;Performance
0;0;0;0;0;1;1;0;0;1;1;0;0;0;1;1;0;0;0;0;0;1;1;0;0;0;0;0;0;1;1;0;0;1;1;0;0;0;34.583
0;0;0;0;0;1;0;1;0;1;1;0;0;0;1;1;0;0;0;0;0;1;1;0;0;0;0;0;0;1;1;0;0;1;1;0;0;0;32.2889666666667
0;0;0;0;0;1;0;0;1;1;1;0;0;0;1;1;0;0;0;0;0;1;1;0;0;0;0;0;0;1;1;0;0;1;1;0;0;0;33.3850333333333
0;0;0;0;0;1;1;0;0;1;0;1;0;0;1;1;0;0;0;0;0;1;1;0;0;0;0;0;0;1;1;0;0;1;1;0;0;0;33.2339
0;0;0;0;0;1;0;1;0;1;0;1;0;0;1;1;0;0;0;0;0;1;1;0;0;0;0;0;0;1;1;0;0;1;1;0;0;0;33.5913666666667
0;0;0;0;0;1;0;0;1;1;0;1;0;0;1;1;0;0;0;0;0;1;1;0;0;0;0;0;0;1;1;0;0;1;1;0;0;0;35.0987
0;0;0;0;0;1;1;0;0;1;0;0;1;0;1;1;0;0;0;0;0;1;1;0;0;0;0;0;0;1;1;0;0;1;1;0;0;0;34.7474
0;0;0;0;0;1;0;1;0;1;0;0;1;0;1;1;0;0;0;0;0;1;1;0;0;0;0;0;0;1;1;0;0;1;1;0;0;0;32.2172333333333
0;0;0;0;0;1;0;0;1;1;0;0;1;0;1;1;0;0;0;0;0;1;1;0;0;0;0;0;0;1;1;0;0;1;1;0;0;0;33.0765333333333
0;0;0;0;0;1;1;0;0;1;0;0;0;1;1;1;0;0;0;0;0;1;1;0;0;0;0;0;0;1;1;0;0;1;1;0;0;0;33.4679
0;0;0;0;0;1;0;1;0;1;0;0;0;1;1;1;0;0;0;0;0;1;1;0;0;0;0;0;0;1;1;0;0;1;1;0;0;0;33.5495
0;0;0;0;0;1;0;0;1;1;0;0;0;1;1;1;0;0;0;0;0;1;1;0;0;0;0;0;0;1;1;0;0;1;1;0;0;0;32.8269
0;0;0;0;0;1;1;0;0;1;1;0;0;0;1;0;1;0;0;0;0;1;1;0;0;0;0;0;0;1;1;0;0;1;1;0;0;0;34.0521333333333
0;0;0;0;0;1;0;1;0;1;1;0;0;0;1;0;1;0;0;0;0;1;1;0;0;0;0;0;0;1;1;0;0;1;1;0;0;0;35.4604
0;0;0;0;0;1;0;0;1;1;1;0;0;0;1;0;1;0;0;0;0;1;1;0;0;0;0;0;0;1;1;0;0;1;1;0;0;0;33.3595333333333
0;0;0;0;0;1;1;0;0;1;0;1;0;0;1;0;1;0;0;0;0;1;1;0;0;0;0;0;0;1;1;0;0;1;1;0;0;0;33.475
0;0;0;0;0;1;0;1;0;1;0;1;0;0;1;0;1;0;0;0;0;1;1;0;0;0;0;0;0;1;1;0;0;1;1;0;0;0;36.2271333333333
0;0;0;0;0;1;0;0;1;1;0;1;0;0;1;0;1;0;0;0;0;1;1;0;0;0;0;0;0;1;1;0;0;1;1;0;0;0;34.1123
0;0;0;0;0;1;1;0;0;1;0;0;1;0;1;0;1;0;0;0;0;1;1;0;0;0;0;0;0;1;1;0;0;1;1;0;0;0;32.5271666666667
0;0;0;0;0;1;0;1;0;1;0;0;1;0;1;0;1;0;0;0;0;1;1;0;0;0;0;0;0;1;1;0;0;1;1;0;0;0;33.5896
0;0;0;0;0;1;0;0;1;1;0;0;1;0;1;0;1;0;0;0;0;1;1;0;0;0;0;0;0;1;1;0;0;1;1;0;0;0;34.2958
0;0;0;0;0;1;1;0;0;1;0;0;0;1;1;0;1;0;0;0;0;1;1;0;0;0;0;0;0;1;1;0;0;1;1;0;0;0;34.1724
0;0;0;0;0;1;0;1;0;1;0;0;0;1;1;0;1;0;0;0;0;1;1;0;0;0;0;0;0;1;1;0;0;1;1;0;0;0;34.9553666666667
0;0;0;0;0;1;0;0;1;1;0;0;0;1;1;0;1;0;0;0;0;1;1;0;0;0;0;0;0;1;1;0;0;1;1;0;0;0;33.8231333333333
0;0;0;0;0;1;0;1;0;1;1;0;0;0;1;0;0;1;0;0;0;1;1;0;0;0;0;0;0;1;1;0;0;1;1;0;0;0;43.1763
0;0;0;0;0;1;0;1;0;1;0;1;0;0;1;0;0;1;0;0;0;1;1;0;0;0;0;0;0;1;1;0;0;1;1;0;0;0;39.9754666666667
0;0;0;0;0;1;0;1;0;1;0;0;1;0;1;0;0;1;0;0;0;1;1;0;0;0;0;0;0;1;1;0;0;1;1;0;0;0;41.2716666666667
0;0;0;0;0;1;1;0;0;1;0;0;0;1;1;0;0;1;0;0;0;1;1;0;0;0;0;0;0;1;1;0;0;1;1;0;0;0;41.0796333333333
0;0;0;0;0;1;0;1;0;1;0;0;0;1;1;0;0;1;0;0;0;1;1;0;0;0;0;0;0;1;1;0;0;1;1;0;0;0;39.9814666666667
0;0;0;0;0;1;0;0;1;1;0;0;0;1;1;0;0;1;0;0;0;1;1;0;0;0;0;0;0;1;1;0;0;1;1;0;0;0;41.1364
0;0;0;0;0;1;1;0;0;1;1;0;0;0;1;0;0;0;1;0;0;1;1;0;0;0;0;0;0;1;1;0;0;1;1;0;0;0;47.6747
0;0;0;0;0;1;0;1;0;1;1;0;0;0;1;0;0;0;1;0;0;1;1;0;0;0;0;0;0;1;1;0;0;1;1;0;0;0;46.4326666666667
0;0;0;0;0;1;0;0;1;1;1;0;0;0;1;0;0;0;1;0;0;1;1;0;0;0;0;0;0;1;1;0;0;1;1;0;0;0;46.4531666666667
0;0;0;0;0;1;0;1;0;1;0;1;0;0;1;0;0;0;1;0;0;1;1;0;0;0;0;0;0;1;1;0;0;1;1;0;0;0;45.2115666666667
0;0;0;0;0;1;0;1;0;1;0;0;1;0;1;0;0;0;1;0;0;1;1;0;0;0;0;0;0;1;1;0;0;1;1;0;0;0;46.4201333333333
0;0;0;0;0;1;0;0;1;1;0;0;1;0;1;0;0;0;1;0;0;1;1;0;0;0;0;0;0;1;1;0;0;1;1;0;0;0;45.6469666666667
0;0;0;0;0;1;0;1;0;1;0;0;0;1;1;0;0;0;1;0;0;1;1;0;0;0;0;0;0;1;1;0;0;1;1;0;0;0;47.1141666666667
0;0;0;0;0;1;1;0;0;1;1;0;0;0;1;0;0;0;0;1;0;1;1;0;0;0;0;0;0;1;1;0;0;1;1;0;0;0;54.2976666666667
0;0;0;0;0;1;0;1;0;1;0;1;0;0;1;0;0;0;0;1;0;1;1;0;0;0;0;0;0;1;1;0;0;1;1;0;0;0;50.8654666666667
0;0;0;0;0;1;1;0;0;1;0;0;1;0;1;0;0;0;0;1;0;1;1;0;0;0;0;0;0;1;1;0;0;1;1;0;0;0;52.9928666666667
0;0;0;0;0;1;0;1;0;1;0;0;0;1;1;0;0;0;0;1;0;1;1;0;0;0;0;0;0;1;1;0;0;1;1;0;0;0;52.5585
0;0;0;0;0;1;0;0;1;1;0;0;0;1;1;0;0;0;0;1;0;1;1;0;0;0;0;0;0;1;1;0;0;1;1;0;0;0;54.91
0;0;0;0;0;1;1;0;0;1;1;0;0;0;1;0;0;0;0;0;1;1;1;0;0;0;0;0;0;1;1;0;0;1;1;0;0;0;57.7165666666667
0;0;0;0;0;1;0;1;0;1;1;0;0;0;1;0;0;0;0;0;1;1;1;0;0;0;0;0;0;1;1;0;0;1;1;0;0;0;58.4111
0;0;0;0;0;1;0;1;0;1;0;1;0;0;1;0;0;0;0;0;1;1;1;0;0;0;0;0;0;1;1;0;0;1;1;0;0;0;57.414
0;0;0;0;0;1;0;1;0;1;0;0;0;1;1;0;0;0;0;0;1;1;1;0;0;0;0;0;0;1;1;0;0;1;1;0;0;0;62.4474333333333
0;0;0;0;0;1;1;0;0;1;1;0;0;0;1;1;0;0;0;0;0;1;0;1;0;0;0;0;0;1;1;0;0;1;1;0;0;0;24.6980333333333
0;0;0;0;0;1;0;1;0;1;1;0;0;0;1;1;0;0;0;0;0;1;0;1;0;0;0;0;0;1;1;0;0;1;1;0;0;0;25.2574333333333
0;0;0;0;0;1;0;1;0;1;0;0;1;0;1;1;0;0;0;0;0;1;0;1;0;0;0;0;0;1;1;0;0;1;1;0;0;0;24.8012333333333
0;0;0;0;0;1;0;1;0;1;0;0;0;1;1;0;1;0;0;0;0;1;0;1;0;0;0;0;0;1;1;0;0;1;1;0;0;0;32.01424
0;0;0;0;0;1;0;1;0;1;1;0;0;0;1;0;0;1;0;0;0;1;0;1;0;0;0;0;0;1;1;0;0;1;1;0;0;0;34.4835333333333
0;0;0;0;0;1;0;1;0;1;0;1;0;0;1;0;0;1;0;0;0;1;0;1;0;0;0;0;0;1;1;0;0;1;1;0;0;0;28.0737666666667
0;0;0;0;0;1;0;1;0;1;0;0;1;0;1;0;0;1;0;0;0;1;0;1;0;0;0;0;0;1;1;0;0;1;1;0;0;0;32.271
0;0;0;0;0;1;1;0;0;1;0;0;0;1;1;0;0;1;0;0;0;1;0;1;0;0;0;0;0;1;1;0;0;1;1;0;0;0;29.2392666666667
0;0;0;0;0;1;0;1;0;1;0;0;0;1;1;0;0;1;0;0;0;1;0;1;0;0;0;0;0;1;1;0;0;1;1;0;0;0;35.1581666666667
0;0;0;0;0;1;0;0;1;1;0;0;0;1;1;0;0;1;0;0;0;1;0;1;0;0;0;0;0;1;1;0;0;1;1;0;0;0;33.63844
0;0;0;0;0;1;0;1;0;1;1;0;0;0;1;1;0;0;0;0;0;1;0;0;1;0;0;0;0;1;1;0;0;1;1;0;0;0;21.2271333333333
0;0;0;0;0;1;0;0;1;1;0;0;0;1;1;1;0;0;0;0;0;1;0;0;1;0;0;0;0;1;1;0;0;1;1;0;0;0;21.3436666666667
0;0;0;0;0;1;0;1;0;1;1;0;0;0;1;0;0;1;0;0;0;1;0;0;1;0;0;0;0;1;1;0;0;1;1;0;0;0;36.0682
0;0;0;0;0;1;0;1;0;1;0;1;0;0;1;0;0;1;0;0;0;1;0;0;1;0;0;0;0;1;1;0;0;1;1;0;0;0;37.2536
0;0;0;0;0;1;1;0;0;1;0;0;0;1;1;0;0;1;0;0;0;1;0;0;1;0;0;0;0;1;1;0;0;1;1;0;0;0;34.6966
0;0;0;0;0;1;0;1;0;1;0;0;0;1;1;0;0;1;0;0;0;1;0;0;1;0;0;0;0;1;1;0;0;1;1;0;0;0;38.553
0;0;0;0;0;1;0;0;1;1;0;0;0;1;1;0;0;1;0;0;0;1;0;0;1;0;0;0;0;1;1;0;0;1;1;0;0;0;36.9791333333333
0;0;0;0;0;1;1;0;0;1;1;0;0;0;1;1;0;0;0;0;0;1;0;0;0;1;0;0;0;1;1;0;0;1;1;0;0;0;20.1430666666667
0;0;0;0;0;1;0;1;0;1;1;0;0;0;1;1;0;0;0;0;0;1;0;0;0;1;0;0;0;1;1;0;0;1;1;0;0;0;20.1912666666667
0;0;0;0;0;1;1;0;0;1;0;0;0;1;1;1;0;0;0;0;0;1;0;0;0;1;0;0;0;1;1;0;0;1;1;0;0;0;19.9759666666667
0;0;0;0;0;1;0;1;0;1;0;0;0;1;1;0;1;0;0;0;0;1;0;0;0;1;0;0;0;1;1;0;0;1;1;0;0;0;29.7174
0;0;0;0;0;1;0;1;0;1;1;0;0;0;1;0;0;1;0;0;0;1;0;0;0;1;0;0;0;1;1;0;0;1;1;0;0;0;35.86044
0;0;0;0;0;1;0;1;0;1;0;1;0;0;1;0;0;1;0;0;0;1;0;0;0;1;0;0;0;1;1;0;0;1;1;0;0;0;38.76048
0;0;0;0;0;1;1;0;0;1;0;0;0;1;1;0;0;1;0;0;0;1;0;0;0;1;0;0;0;1;1;0;0;1;1;0;0;0;31.8232666666667
0;0;0;0;0;1;0;1;0;1;0;0;0;1;1;0;0;1;0;0;0;1;0;0;0;1;0;0;0;1;1;0;0;1;1;0;0;0;36.3964333333333
0;0;0;0;0;1;0;0;1;1;0;0;0;1;1;0;0;1;0;0;0;1;0;0;0;1;0;0;0;1;1;0;0;1;1;0;0;0;37.4468
0;0;0;0;0;1;1;0;0;1;1;0;0;0;1;1;0;0;0;0;0;1;0;0;0;0;1;0;0;1;1;0;0;1;1;0;0;0;20.4552333333333
0;0;0;0;0;1;0;0;1;1;0;0;1;0;1;1;0;0;0;0;0;1;0;0;0;0;1;0;0;1;1;0;0;1;1;0;0;0;21.9680666666667
0;0;0;0;0;1;1;0;0;1;0;0;0;1;1;0;1;0;0;0;0;1;0;0;0;0;1;0;0;1;1;0;0;1;1;0;0;0;30.735
0;0;0;0;0;1;0;1;0;1;0;0;0;1;1;0;1;0;0;0;0;1;0;0;0;0;1;0;0;1;1;0;0;1;1;0;0;0;31.1729666666667
0;0;0;0;0;1;0;1;0;1;1;0;0;0;1;0;0;1;0;0;0;1;0;0;0;0;1;0;0;1;1;0;0;1;1;0;0;0;35.9064
0;0;0;0;0;1;0;1;0;1;0;0;1;0;1;0;0;1;0;0;0;1;0;0;0;0;1;0;0;1;1;0;0;1;1;0;0;0;36.8809666666667
0;0;0;0;0;1;0;1;0;1;0;0;0;1;1;0;0;1;0;0;0;1;0;0;0;0;1;0;0;1;1;0;0;1;1;0;0;0;37.7207666666667
0;0;0;0;0;1;1;0;0;1;1;0;0;0;1;1;0;0;0;0;0;1;0;0;0;0;0;1;0;1;1;0;0;1;1;0;0;0;23.9834333333333
0;0;0;0;0;1;0;1;0;1;0;0;0;1;1;0;1;0;0;0;0;1;0;0;0;0;0;1;0;1;1;0;0;1;1;0;0;0;31.6770333333333
0;0;0;0;0;1;0;1;0;1;1;0;0;0;1;0;0;1;0;0;0;1;0;0;0;0;0;1;0;1;1;0;0;1;1;0;0;0;30.3543333333333
0;0;0;0;0;1;0;0;1;1;1;0;0;0;1;0;0;1;0;0;0;1;0;0;0;0;0;1;0;1;1;0;0;1;1;0;0;0;30.8544
0;0;0;0;0;1;0;1;0;1;0;1;0;0;1;0;0;1;0;0;0;1;0;0;0;0;0;1;0;1;1;0;0;1;1;0;0;0;35.6844666666667
0;0;0;0;0;1;0;1;0;1;0;0;1;0;1;0;0;1;0;0;0;1;0;0;0;0;0;1;0;1;1;0;0;1;1;0;0;0;33.3097333333333
0;0;0;0;0;1;1;0;0;1;0;0;0;1;1;0;0;1;0;0;0;1;0;0;0;0;0;1;0;1;1;0;0;1;1;0;0;0;33.8236
0;0;0;0;0;1;0;1;0;1;0;0;0;1;1;0;0;1;0;0;0;1;0;0;0;0;0;1;0;1;1;0;0;1;1;0;0;0;39.6163333333333
0;0;0;0;0;1;0;0;1;1;0;0;0;1;1;0;0;1;0;0;0;1;0;0;0;0;0;1;0;1;1;0;0;1;1;0;0;0;32.7694
0;0;0;0;0;1;0;1;0;1;0;0;0;1;1;1;0;0;0;0;0;1;0;0;0;0;0;0;1;1;1;0;0;1;1;0;0;0;26.0121666666667
0;0;0;0;0;1;0;1;0;1;1;0;0;0;1;0;1;0;0;0;0;1;0;0;0;0;0;0;1;1;1;0;0;1;1;0;0;0;28.0127333333333
0;0;0;0;0;1;1;0;0;1;0;0;0;1;1;0;1;0;0;0;0;1;0;0;0;0;0;0;1;1;1;0;0;1;1;0;0;0;31.902
0;0;0;0;0;1;0;1;0;1;0;0;0;1;1;0;1;0;0;0;0;1;0;0;0;0;0;0;1;1;1;0;0;1;1;0;0;0;29.3870333333333
0;0;0;0;0;1;0;1;0;1;1;0;0;0;1;0;0;1;0;0;0;1;0;0;0;0;0;0;1;1;1;0;0;1;1;0;0;0;32.65652
0;0;0;0;0;1;0;1;0;1;0;0;1;0;1;0;0;1;0;0;0;1;0;0;0;0;0;0;1;1;1;0;0;1;1;0;0;0;32.9824666666667
0;0;0;0;0;1;0;1;0;1;0;0;0;1;1;0;0;1;0;0;0;1;0;0;0;0;0;0;1;1;1;0;0;1;1;0;0;0;33.51854
0;0;0;0;0;1;0;0;1;1;0;0;0;1;1;0;0;1;0;0;0;1;0;0;0;0;0;0;1;1;1;0;0;1;1;0;0;0;33.7656333333333
0;0;0;0;0;1;1;0;0;1;1;0;0;0;1;1;0;0;0;0;0;1;1;0;0;0;0;0;0;1;0;1;0;1;1;0;0;0;34.5747
0;0;0;0;0;1;1;0;0;1;1;0;0;0;1;0;1;0;0;0;0;1;1;0;0;0;0;0;0;1;0;1;0;1;1;0;0;0;35.9645333333333
0;0;0;0;0;1;0;1;0;1;1;0;0;0;1;0;1;0;0;0;0;1;1;0;0;0;0;0;0;1;0;1;0;1;1;0;0;0;36.6486666666667
0;0;0;0;0;1;1;0;0;1;0;0;0;1;1;0;1;0;0;0;0;1;1;0;0;0;0;0;0;1;0;1;0;1;1;0;0;0;32.9923
0;0;0;0;0;1;0;1;0;1;0;0;0;1;1;0;1;0;0;0;0;1;1;0;0;0;0;0;0;1;0;1;0;1;1;0;0;0;36.6128
0;0;0;0;0;1;0;1;0;1;1;0;0;0;1;0;0;1;0;0;0;1;1;0;0;0;0;0;0;1;0;1;0;1;1;0;0;0;40.4639666666667
0;0;0;0;0;1;0;1;0;1;0;1;0;0;1;0;0;1;0;0;0;1;1;0;0;0;0;0;0;1;0;1;0;1;1;0;0;0;42.5760333333333
0;0;0;0;0;1;0;1;0;1;0;0;0;1;1;0;0;1;0;0;0;1;1;0;0;0;0;0;0;1;0;1;0;1;1;0;0;0;41.4359333333333
0;0;0;0;0;1;0;0;1;1;0;0;0;1;1;0;0;1;0;0;0;1;1;0;0;0;0;0;0;1;0;1;0;1;1;0;0;0;41.2324333333333
0;0;0;0;0;1;0;1;0;1;0;0;0;1;1;0;0;0;1;0;0;1;1;0;0;0;0;0;0;1;0;1;0;1;1;0;0;0;46.3419333333333
0;0;0;0;0;1;0;1;0;1;1;0;0;0;1;0;0;1;0;0;0;1;0;1;0;0;0;0;0;1;0;1;0;1;1;0;0;0;33.4031666666667
0;0;0;0;0;1;0;1;0;1;0;0;1;0;1;0;0;1;0;0;0;1;0;1;0;0;0;0;0;1;0;1;0;1;1;0;0;0;29.5976333333333
0;0;0;0;0;1;1;0;0;1;0;0;0;1;1;0;0;1;0;0;0;1;0;1;0;0;0;0;0;1;0;1;0;1;1;0;0;0;27.75754
0;0;0;0;0;1;0;1;0;1;0;0;0;1;1;0;0;1;0;0;0;1;0;1;0;0;0;0;0;1;0;1;0;1;1;0;0;0;32.5348333333333
0;0;0;0;0;1;0;0;1;1;0;0;0;1;1;0;0;1;0;0;0;1;0;1;0;0;0;0;0;1;0;1;0;1;1;0;0;0;30.5746
0;0;0;0;0;1;0;1;0;1;1;0;0;0;1;0;0;1;0;0;0;1;0;0;1;0;0;0;0;1;0;1;0;1;1;0;0;0;35.6700333333333
0;0;0;0;0;1;1;0;0;1;0;0;0;1;1;0;0;1;0;0;0;1;0;0;1;0;0;0;0;1;0;1;0;1;1;0;0;0;33.9427666666667
0;0;0;0;0;1;0;1;0;1;0;0;0;1;1;0;0;1;0;0;0;1;0;0;1;0;0;0;0;1;0;1;0;1;1;0;0;0;37.2854333333333
0;0;0;0;0;1;0;0;1;1;0;0;0;1;1;0;0;1;0;0;0;1;0;0;1;0;0;0;0;1;0;1;0;1;1;0;0;0;35.8991
0;0;0;0;0;1;0;1;0;1;1;0;0;0;1;0;0;1;0;0;0;1;0;0;0;1;0;0;0;1;0;1;0;1;1;0;0;0;40.2393666666667
0;0;0;0;0;1;1;0;0;1;0;0;0;1;1;0;0;1;0;0;0;1;0;0;0;1;0;0;0;1;0;1;0;1;1;0;0;0;30.9275
0;0;0;0;0;1;0;1;0;1;0;0;0;1;1;0;0;1;0;0;0;1;0;0;0;1;0;0;0;1;0;1;0;1;1;0;0;0;34.6550666666667
0;0;0;0;0;1;0;1;0;1;1;0;0;0;1;0;0;1;0;0;0;1;0;0;0;0;1;0;0;1;0;1;0;1;1;0;0;0;34.5942
0;0;0;0;0;1;1;0;0;1;0;0;0;1;1;0;0;1;0;0;0;1;0;0;0;0;1;0;0;1;0;1;0;1;1;0;0;0;35.9373666666667
0;0;0;0;0;1;0;1;0;1;0;0;0;1;1;0;0;1;0;0;0;1;0;0;0;0;1;0;0;1;0;1;0;1;1;0;0;0;34.1118
0;0;0;0;0;1;0;0;1;1;0;0;0;1;1;0;0;1;0;0;0;1;0;0;0;0;1;0;0;1;0;1;0;1;1;0;0;0;31.7239666666667
0;0;0;0;0;1;1;0;0;1;1;0;0;0;1;0;0;1;0;0;0;1;0;0;0;0;0;1;0;1;0;1;0;1;1;0;0;0;32.2449333333333
0;0;0;0;0;1;0;1;0;1;1;0;0;0;1;0;0;1;0;0;0;1;0;0;0;0;0;1;0;1;0;1;0;1;1;0;0;0;33.7399
0;0;0;0;0;1;0;0;1;1;1;0;0;0;1;0;0;1;0;0;0;1;0;0;0;0;0;1;0;1;0;1;0;1;1;0;0;0;34.9597
0;0;0;0;0;1;0;1;0;1;0;1;0;0;1;0;0;1;0;0;0;1;0;0;0;0;0;1;0;1;0;1;0;1;1;0;0;0;35.73734
0;0;0;0;0;1;0;1;0;1;0;0;1;0;1;0;0;1;0;0;0;1;0;0;0;0;0;1;0;1;0;1;0;1;1;0;0;0;33.4367
0;0;0;0;0;1;1;0;0;1;0;0;0;1;1;0;0;1;0;0;0;1;0;0;0;0;0;1;0;1;0;1;0;1;1;0;0;0;30.84964
0;0;0;0;0;1;0;1;0;1;0;0;0;1;1;0;0;1;0;0;0;1;0;0;0;0;0;1;0;1;0;1;0;1;1;0;0;0;34.15726
0;0;0;0;0;1;0;0;1;1;0;0;0;1;1;0;0;1;0;0;0;1;0;0;0;0;0;1;0;1;0;1;0;1;1;0;0;0;34.7016
0;0;0;0;0;1;0;1;0;1;0;0;0;1;1;0;1;0;0;0;0;1;0;0;0;0;0;0;1;1;0;1;0;1;1;0;0;0;29.7131666666667
0;0;0;0;0;1;0;1;0;1;1;0;0;0;1;0;0;1;0;0;0;1;0;0;0;0;0;0;1;1;0;1;0;1;1;0;0;0;36.0355
0;0;0;0;0;1;1;0;0;1;0;0;0;1;1;0;0;1;0;0;0;1;0;0;0;0;0;0;1;1;0;1;0;1;1;0;0;0;32.7280333333333
0;0;0;0;0;1;0;1;0;1;0;0;0;1;1;0;0;1;0;0;0;1;0;0;0;0;0;0;1;1;0;1;0;1;1;0;0;0;31.1199666666667
0;0;0;0;0;1;1;0;0;1;1;0;0;0;1;1;0;0;0;0;0;1;1;0;0;0;0;0;0;1;0;0;1;1;1;0;0;0;33.3550666666667
0;0;0;0;0;1;0;1;0;1;0;0;0;1;1;1;0;0;0;0;0;1;1;0;0;0;0;0;0;1;0;0;1;1;1;0;0;0;32.764
0;0;0;0;0;1;0;1;0;1;1;0;0;0;1;0;1;0;0;0;0;1;1;0;0;0;0;0;0;1;0;0;1;1;1;0;0;0;33.3928666666667
0;0;0;0;0;1;0;1;0;1;0;0;0;1;1;0;1;0;0;0;0;1;1;0;0;0;0;0;0;1;0;0;1;1;1;0;0;0;33.3391
0;0;0;0;0;1;0;1;0;1;1;0;0;0;1;0;0;1;0;0;0;1;1;0;0;0;0;0;0;1;0;0;1;1;1;0;0;0;40.6725333333333
0;0;0;0;0;1;0;1;0;1;0;0;0;1;1;0;0;1;0;0;0;1;1;0;0;0;0;0;0;1;0;0;1;1;1;0;0;0;41.3195333333333
0;0;0;0;0;1;0;0;1;1;0;0;0;1;1;0;0;1;0;0;0;1;1;0;0;0;0;0;0;1;0;0;1;1;1;0;0;0;41.7336333333333
0;0;0;0;0;1;0;1;0;1;1;0;0;0;1;0;0;1;0;0;0;1;0;1;0;0;0;0;0;1;0;0;1;1;1;0;0;0;32.10508
0;0;0;0;0;1;1;0;0;1;0;0;0;1;1;0;0;1;0;0;0;1;0;1;0;0;0;0;0;1;0;0;1;1;1;0;0;0;30.74008
0;0;0;0;0;1;0;1;0;1;0;0;0;1;1;0;0;1;0;0;0;1;0;1;0;0;0;0;0;1;0;0;1;1;1;0;0;0;28.8046666666667
0;0;0;0;0;1;0;0;1;1;0;0;0;1;1;0;0;1;0;0;0;1;0;1;0;0;0;0;0;1;0;0;1;1;1;0;0;0;34.1164666666667
0;0;0;0;0;1;0;1;0;1;1;0;0;0;1;0;0;1;0;0;0;1;0;0;1;0;0;0;0;1;0;0;1;1;1;0;0;0;35.6894333333333
0;0;0;0;0;1;0;1;0;1;0;0;0;1;1;0;0;1;0;0;0;1;0;0;1;0;0;0;0;1;0;0;1;1;1;0;0;0;35.4346333333333
0;0;0;0;0;1;0;0;1;1;0;0;0;1;1;0;0;1;0;0;0;1;0;0;1;0;0;0;0;1;0;0;1;1;1;0;0;0;36.6454666666667
0;0;0;0;0;1;0;1;0;1;0;0;0;1;1;0;0;1;0;0;0;1;0;0;0;1;0;0;0;1;0;0;1;1;1;0;0;0;35.0696666666667
0;0;0;0;0;1;0;0;1;1;0;0;0;1;1;0;0;1;0;0;0;1;0;0;0;1;0;0;0;1;0;0;1;1;1;0;0;0;37.1122666666667
0;0;0;0;0;1;0;1;0;1;0;0;0;1;1;0;0;1;0;0;0;1;0;0;0;0;1;0;0;1;0;0;1;1;1;0;0;0;34.6787
0;0;0;0;0;1;1;0;0;1;1;0;0;0;1;0;0;1;0;0;0;1;0;0;0;0;0;1;0;1;0;0;1;1;1;0;0;0;34.6763333333333
0;0;0;0;0;1;0;1;0;1;1;0;0;0;1;0;0;1;0;0;0;1;0;0;0;0;0;1;0;1;0;0;1;1;1;0;0;0;29.38078
0;0;0;0;0;1;0;0;1;1;1;0;0;0;1;0;0;1;0;0;0;1;0;0;0;0;0;1;0;1;0;0;1;1;1;0;0;0;35.77516
0;0;0;0;0;1;0;1;0;1;0;1;0;0;1;0;0;1;0;0;0;1;0;0;0;0;0;1;0;1;0;0;1;1;1;0;0;0;30.08816
0;0;0;0;0;1;0;1;0;1;0;0;1;0;1;0;0;1;0;0;0;1;0;0;0;0;0;1;0;1;0;0;1;1;1;0;0;0;37.09926
0;0;0;0;0;1;1;0;0;1;0;0;0;1;1;0;0;1;0;0;0;1;0;0;0;0;0;1;0;1;0;0;1;1;1;0;0;0;30.99596
0;0;0;0;0;1;0;1;0;1;0;0;0;1;1;0;0;1;0;0;0;1;0;0;0;0;0;1;0;1;0;0;1;1;1;0;0;0;33.10948
0;0;0;0;0;1;0;0;1;1;0;0;0;1;1;0;0;1;0;0;0;1;0;0;0;0;0;1;0;1;0;0;1;1;1;0;0;0;34.8412333333333
0;0;0;0;0;1;0;1;0;1;0;0;0;1;1;0;0;1;0;0;0;1;0;0;0;0;0;0;1;1;0;0;1;1;1;0;0;0;32.82776
0;0;0;0;0;1;1;0;0;1;1;0;0;0;1;1;0;0;0;0;0;1;1;0;0;0;0;0;0;1;1;0;0;1;0;1;0;0;33.5423
0;0;0;0;0;1;0;1;0;1;0;1;0;0;1;1;0;0;0;0;0;1;1;0;0;0;0;0;0;1;1;0;0;1;0;1;0;0;33.9841666666667
0;0;0;0;0;1;1;0;0;1;0;0;1;0;1;1;0;0;0;0;0;1;1;0;0;0;0;0;0;1;1;0;0;1;0;1;0;0;34.4256333333333
0;0;0;0;0;1;0;1;0;1;0;0;1;0;1;1;0;0;0;0;0;1;1;0;0;0;0;0;0;1;1;0;0;1;0;1;0;0;33.5722
0;0;0;0;0;1;0;0;1;1;0;0;1;0;1;1;0;0;0;0;0;1;1;0;0;0;0;0;0;1;1;0;0;1;0;1;0;0;33.3073333333333
0;0;0;0;0;1;0;1;0;1;0;0;0;1;1;1;0;0;0;0;0;1;1;0;0;0;0;0;0;1;1;0;0;1;0;1;0;0;34.0709333333333
0;0;0;0;0;1;1;0;0;1;0;0;0;1;1;0;1;0;0;0;0;1;1;0;0;0;0;0;0;1;1;0;0;1;0;1;0;0;34.2390666666667
0;0;0;0;0;1;0;1;0;1;0;0;0;1;1;0;1;0;0;0;0;1;1;0;0;0;0;0;0;1;1;0;0;1;0;1;0;0;32.9022333333333
0;0;0;0;0;1;0;1;0;1;0;0;0;1;1;0;0;1;0;0;0;1;1;0;0;0;0;0;0;1;1;0;0;1;0;1;0;0;42.5334333333333
0;0;0;0;0;1;0;1;0;1;0;0;1;0;1;0;0;0;0;0;1;1;1;0;0;0;0;0;0;1;1;0;0;1;0;1;0;0;57.9715666666667
0;0;0;0;0;1;0;1;0;1;0;1;0;0;1;1;0;0;0;0;0;1;0;0;0;0;0;0;1;1;1;0;0;1;0;1;0;0;26.52862
0;0;0;0;0;1;1;0;0;1;0;0;0;1;1;0;1;0;0;0;0;1;0;0;0;0;0;0;1;1;1;0;0;1;0;1;0;0;28.8708666666667
0;0;0;0;0;1;0;1;0;1;0;0;0;1;1;0;1;0;0;0;0;1;0;0;0;0;0;0;1;1;1;0;0;1;0;1;0;0;33.31108
0;0;0;0;0;1;1;0;0;1;0;0;1;0;1;1;0;0;0;0;0;1;1;0;0;0;0;0;0;1;0;1;0;1;0;1;0;0;32.6547
0;0;0;0;0;1;0;1;0;1;0;0;1;0;1;1;0;0;0;0;0;1;1;0;0;0;0;0;0;1;0;1;0;1;0;1;0;0;33.3534666666667
0;0;0;0;0;1;0;0;1;1;0;0;1;0;1;1;0;0;0;0;0;1;1;0;0;0;0;0;0;1;0;1;0;1;0;1;0;0;34.7737333333333
0;0;0;0;0;1;1;0;0;1;0;0;0;1;1;0;1;0;0;0;0;1;1;0;0;0;0;0;0;1;0;1;0;1;0;1;0;0;33.4028
0;0;0;0;0;1;0;1;0;1;0;0;0;1;1;0;1;0;0;0;0;1;1;0;0;0;0;0;0;1;0;1;0;1;0;1;0;0;34.2357333333333
0;0;0;0;0;1;1;0;0;1;0;0;1;0;1;0;0;0;0;0;1;1;1;0;0;0;0;0;0;1;0;1;0;1;0;1;0;0;58.3495666666667
0;0;0;0;0;1;0;1;0;1;0;0;1;0;1;0;0;0;0;0;1;1;1;0;0;0;0;0;0;1;0;1;0;1;0;1;0;0;58.1696
0;0;0;0;0;1;0;0;1;1;0;0;1;0;1;0;0;0;0;0;1;1;1;0;0;0;0;0;0;1;0;1;0;1;0;1;0;0;58.1603666666667
0;0;0;0;0;1;0;1;0;1;0;1;0;0;1;1;0;0;0;0;0;1;1;0;0;0;0;0;0;1;0;0;1;1;0;1;0;0;34.5663
0;0;0;0;0;1;0;1;0;1;0;0;1;0;1;1;0;0;0;0;0;1;1;0;0;0;0;0;0;1;0;0;1;1;0;1;0;0;32.0628333333333
0;0;0;0;0;1;0;1;0;1;0;0;1;0;1;0;0;0;0;0;1;1;1;0;0;0;0;0;0;1;0;0;1;1;0;1;0;0;56.7486666666667
0;0;0;0;0;1;1;0;0;1;1;0;0;0;1;1;0;0;0;0;0;1;0;0;1;0;0;0;0;1;0;0;1;1;0;1;0;0;21.5244333333333
0;0;0;0;0;1;1;0;0;1;1;0;0;0;1;1;0;0;0;0;0;1;1;0;0;0;0;0;0;1;1;0;0;1;0;0;1;0;33.0963
0;0;0;0;0;1;0;1;0;1;1;0;0;0;1;1;0;0;0;0;0;1;1;0;0;0;0;0;0;1;1;0;0;1;0;0;1;0;33.4325333333333
0;0;0;0;0;1;1;0;0;1;0;1;0;0;1;1;0;0;0;0;0;1;1;0;0;0;0;0;0;1;1;0;0;1;0;0;1;0;33.7919666666667
0;0;0;0;0;1;0;1;0;1;0;1;0;0;1;1;0;0;0;0;0;1;1;0;0;0;0;0;0;1;1;0;0;1;0;0;1;0;32.5961
0;0;0;0;0;1;1;0;0;1;0;0;1;0;1;1;0;0;0;0;0;1;1;0;0;0;0;0;0;1;1;0;0;1;0;0;1;0;33.3333333333333
0;0;0;0;0;1;0;1;0;1;0;0;1;0;1;1;0;0;0;0;0;1;1;0;0;0;0;0;0;1;1;0;0;1;0;0;1;0;34.0189
0;0;0;0;0;1;0;0;1;1;0;0;1;0;1;1;0;0;0;0;0;1;1;0;0;0;0;0;0;1;1;0;0;1;0;0;1;0;33.7366666666667
0;0;0;0;0;1;0;1;0;1;0;0;0;1;1;1;0;0;0;0;0;1;1;0;0;0;0;0;0;1;1;0;0;1;0;0;1;0;33.9048333333333
0;0;0;0;0;1;0;1;0;1;0;0;0;1;1;0;1;0;0;0;0;1;1;0;0;0;0;0;0;1;1;0;0;1;0;0;1;0;33.9117666666667
0;0;0;0;0;1;0;1;0;1;1;0;0;0;1;0;0;1;0;0;0;1;1;0;0;0;0;0;0;1;1;0;0;1;0;0;1;0;41.8672666666667
0;0;0;0;0;1;0;1;0;1;0;0;0;1;1;0;0;1;0;0;0;1;1;0;0;0;0;0;0;1;1;0;0;1;0;0;1;0;41.0297333333333
0;0;0;0;0;1;0;1;0;1;0;0;1;0;1;0;0;0;0;1;0;1;1;0;0;0;0;0;0;1;1;0;0;1;0;0;1;0;54.1950333333333
0;0;0;0;0;1;0;1;0;1;0;1;0;0;1;0;0;0;0;0;1;1;1;0;0;0;0;0;0;1;1;0;0;1;0;0;1;0;60.3788666666667
0;0;0;0;0;1;0;1;0;1;0;0;1;0;1;0;0;0;0;0;1;1;1;0;0;0;0;0;0;1;1;0;0;1;0;0;1;0;61.1171
0;0;0;0;0;1;0;1;0;1;0;0;1;0;1;1;0;0;0;0;0;1;0;0;0;0;1;0;0;1;1;0;0;1;0;0;1;0;20.5586666666667
0;0;0;0;0;1;0;1;0;1;1;0;0;0;1;1;0;0;0;0;0;1;0;0;0;0;0;0;1;1;1;0;0;1;0;0;1;0;25.8425666666667
0;0;0;0;0;1;0;1;0;1;0;1;0;0;1;0;1;0;0;0;0;1;0;0;0;0;0;0;1;1;1;0;0;1;0;0;1;0;31.5374
0;0;0;0;0;1;1;0;0;1;1;0;0;0;1;1;0;0;0;0;0;1;1;0;0;0;0;0;0;1;0;1;0;1;0;0;1;0;33.6691
0;0;0;0;0;1;0;1;0;1;0;1;0;0;1;1;0;0;0;0;0;1;1;0;0;0;0;0;0;1;0;1;0;1;0;0;1;0;32.5420333333333
0;0;0;0;0;1;0;0;1;1;0;1;0;0;1;1;0;0;0;0;0;1;1;0;0;0;0;0;0;1;0;1;0;1;0;0;1;0;33.8242
0;0;0;0;0;1;1;0;0;1;0;0;1;0;1;1;0;0;0;0;0;1;1;0;0;0;0;0;0;1;0;1;0;1;0;0;1;0;33.6119666666667
0;0;0;0;0;1;0;1;0;1;0;0;1;0;1;1;0;0;0;0;0;1;1;0;0;0;0;0;0;1;0;1;0;1;0;0;1;0;34.1300666666667
0;0;0;0;0;1;0;0;1;1;0;0;1;0;1;1;0;0;0;0;0;1;1;0;0;0;0;0;0;1;0;1;0;1;0;0;1;0;33.3891666666667
0;0;0;0;0;1;1;0;0;1;0;0;1;0;1;0;0;0;0;0;1;1;1;0;0;0;0;0;0;1;0;1;0;1;0;0;1;0;58.2333666666667
0;0;0;0;0;1;0;1;0;1;0;0;1;0;1;0;0;0;0;0;1;1;1;0;0;0;0;0;0;1;0;1;0;1;0;0;1;0;61.2698
0;0;0;0;0;1;0;0;1;1;0;0;1;0;1;0;0;0;0;0;1;1;1;0;0;0;0;0;0;1;0;1;0;1;0;0;1;0;58.4465
0;0;0;0;0;1;0;1;0;1;0;1;0;0;1;1;0;0;0;0;0;1;1;0;0;0;0;0;0;1;0;0;1;1;0;0;1;0;33.4495333333333
0;0;0;0;0;1;1;0;0;1;0;0;1;0;1;1;0;0;0;0;0;1;1;0;0;0;0;0;0;1;0;0;1;1;0;0;1;0;32.4520333333333
0;0;0;0;0;1;0;1;0;1;0;0;1;0;1;1;0;0;0;0;0;1;1;0;0;0;0;0;0;1;0;0;1;1;0;0;1;0;31.5155333333333
0;0;0;0;0;1;0;1;0;1;0;0;0;1;1;0;0;1;0;0;0;1;1;0;0;0;0;0;0;1;0;0;1;1;0;0;1;0;41.8861
0;0;0;0;0;1;0;1;0;1;0;0;1;0;1;0;0;0;0;0;1;1;1;0;0;0;0;0;0;1;0;0;1;1;0;0;1;0;59.4469
0;0;0;0;0;1;1;0;0;1;1;0;0;0;1;1;0;0;0;0;0;1;1;0;0;0;0;0;0;1;1;0;0;1;0;0;0;1;33.9548
0;0;0;0;0;1;0;1;0;1;1;0;0;0;1;1;0;0;0;0;0;1;1;0;0;0;0;0;0;1;1;0;0;1;0;0;0;1;33.1016
0;0;0;0;0;1;1;0;0;1;0;1;0;0;1;1;0;0;0;0;0;1;1;0;0;0;0;0;0;1;1;0;0;1;0;0;0;1;34.4682
0;0;0;0;0;1;0;1;0;1;0;1;0;0;1;1;0;0;0;0;0;1;1;0;0;0;0;0;0;1;1;0;0;1;0;0;0;1;33.4359333333333
0;0;0;0;0;1;1;0;0;1;0;0;1;0;1;1;0;0;0;0;0;1;1;0;0;0;0;0;0;1;1;0;0;1;0;0;0;1;32.5641666666667
0;0;0;0;0;1;0;1;0;1;0;0;1;0;1;1;0;0;0;0;0;1;1;0;0;0;0;0;0;1;1;0;0;1;0;0;0;1;33.5819
0;0;0;0;0;1;0;0;1;1;0;0;1;0;1;1;0;0;0;0;0;1;1;0;0;0;0;0;0;1;1;0;0;1;0;0;0;1;33.7164
0;0;0;0;0;1;0;1;0;1;0;0;0;1;1;0;1;0;0;0;0;1;1;0;0;0;0;0;0;1;1;0;0;1;0;0;0;1;33.4311666666667
0;0;0;0;0;1;0;1;0;1;0;0;1;0;1;0;0;0;0;1;0;1;1;0;0;0;0;0;0;1;1;0;0;1;0;0;0;1;55.6862333333333
0;0;0;0;0;1;0;1;0;1;0;0;1;0;1;0;0;0;0;0;1;1;1;0;0;0;0;0;0;1;1;0;0;1;0;0;0;1;57.6795333333333
0;0;0;0;0;1;0;1;0;1;0;0;1;0;1;1;0;0;0;0;0;1;0;0;0;0;1;0;0;1;1;0;0;1;0;0;0;1;22.1609
0;0;0;0;0;1;0;1;0;1;0;0;0;1;1;0;1;0;0;0;0;1;0;0;0;0;0;0;1;1;1;0;0;1;0;0;0;1;35.0940666666667
0;0;0;0;0;1;1;0;0;1;0;0;1;0;1;1;0;0;0;0;0;1;1;0;0;0;0;0;0;1;0;1;0;1;0;0;0;1;34.0879666666667
0;0;0;0;0;1;0;1;0;1;0;0;1;0;1;1;0;0;0;0;0;1;1;0;0;0;0;0;0;1;0;1;0;1;0;0;0;1;33.6390333333333
0;0;0;0;0;1;0;0;1;1;0;0;1;0;1;1;0;0;0;0;0;1;1;0;0;0;0;0;0;1;0;1;0;1;0;0;0;1;33.0386666666667
0;0;0;0;0;1;1;0;0;1;0;0;1;0;1;0;0;0;0;0;1;1;1;0;0;0;0;0;0;1;0;1;0;1;0;0;0;1;58.001
0;0;0;0;0;1;0;1;0;1;0;0;1;0;1;0;0;0;0;0;1;1;1;0;0;0;0;0;0;1;0;1;0;1;0;0;0;1;58.1603333333333
0;0;0;0;0;1;0;0;1;1;0;0;1;0;1;0;0;0;0;0;1;1;1;0;0;0;0;0;0;1;0;1;0;1;0;0;0;1;58.6183333333333
0;0;0;0;0;1;0;1;0;1;0;0;1;0;1;1;0;0;0;0;0;1;0;0;0;0;1;0;0;1;0;1;0;1;0;0;0;1;22.8782333333333
0;0;0;0;0;1;0;1;0;1;0;0;0;1;1;0;0;1;0;0;0;1;0;0;0;0;0;1;0;1;0;1;0;1;0;0;0;1;32.8673333333333
0;0;0;0;0;1;0;0;1;1;1;0;0;0;1;1;0;0;0;0;0;1;1;0;0;0;0;0;0;1;0;0;1;1;0;0;0;1;33.9976
0;0;0;0;0;1;0;1;0;1;0;0;1;0;1;1;0;0;0;0;0;1;1;0;0;0;0;0;0;1;0;0;1;1;0;0;0;1;32.38196
0;0;0;0;0;1;0;1;0;1;0;0;1;0;1;0;0;0;0;0;1;1;1;0;0;0;0;0;0;1;0;0;1;1;0;0;0;1;58.6943666666667
0;0;0;0;0;1;0;1;0;1;0;1;0;0;1;1;0;0;0;0;0;1;0;0;0;0;0;1;0;1;0;0;1;1;0;0;0;1;24.3363
0;0;0;0;0;1;0;1;0;1;0;1;0;0;1;1;0;0;0;0;0;1;0;0;0;0;0;0;1;1;0;0;1;1;0;0;0;1;26.3853
0;0;0;0;0;1;0;1;0;1;0;0;0;1;1;1;0;0;0;0;0;1;0;0;0;0;0;0;1;1;0;0;1;1;0;0;0;1;24.6941666666667
0;0;0;1;0;1;1;0;0;1;1;0;0;0;1;1;0;0;0;0;0;1;1;0;0;0;0;0;0;1;1;0;0;1;1;0;0;0;31.8801333333333
0;0;0;1;0;1;0;1;0;1;1;0;0;0;1;1;0;0;0;0;0;1;1;0;0;0;0;0;0;1;1;0;0;1;1;0;0;0;31.9799
0;0;0;1;0;1;0;0;1;1;1;0;0;0;1;1;0;0;0;0;0;1;1;0;0;0;0;0;0;1;1;0;0;1;1;0;0;0;34.1027666666667
0;0;0;1;0;1;1;0;0;1;0;1;0;0;1;1;0;0;0;0;0;1;1;0;0;0;0;0;0;1;1;0;0;1;1;0;0;0;32.7721666666667
0;0;0;1;0;1;0;1;0;1;0;1;0;0;1;1;0;0;0;0;0;1;1;0;0;0;0;0;0;1;1;0;0;1;1;0;0;0;32.3313333333333
0;0;0;1;0;1;0;0;1;1;0;1;0;0;1;1;0;0;0;0;0;1;1;0;0;0;0;0;0;1;1;0;0;1;1;0;0;0;33.4877333333333
0;0;0;1;0;1;1;0;0;1;0;0;1;0;1;1;0;0;0;0;0;1;1;0;0;0;0;0;0;1;1;0;0;1;1;0;0;0;32.0020333333333
0;0;0;1;0;1;0;1;0;1;0;0;1;0;1;1;0;0;0;0;0;1;1;0;0;0;0;0;0;1;1;0;0;1;1;0;0;0;32.0526666666667
0;0;0;1;0;1;0;0;1;1;0;0;1;0;1;1;0;0;0;0;0;1;1;0;0;0;0;0;0;1;1;0;0;1;1;0;0;0;31.6810666666667
0;0;0;1;0;1;1;0;0;1;0;0;0;1;1;1;0;0;0;0;0;1;1;0;0;0;0;0;0;1;1;0;0;1;1;0;0;0;32.7607333333333
0;0;0;1;0;1;0;1;0;1;0;0;0;1;1;1;0;0;0;0;0;1;1;0;0;0;0;0;0;1;1;0;0;1;1;0;0;0;32.0094
0;0;0;1;0;1;0;0;1;1;0;0;0;1;1;1;0;0;0;0;0;1;1;0;0;0;0;0;0;1;1;0;0;1;1;0;0;0;32.87
0;0;0;1;0;1;1;0;0;1;1;0;0;0;1;0;1;0;0;0;0;1;1;0;0;0;0;0;0;1;1;0;0;1;1;0;0;0;40.1
0;0;0;1;0;1;0;1;0;1;1;0;0;0;1;0;1;0;0;0;0;1;1;0;0;0;0;0;0;1;1;0;0;1;1;0;0;0;40.4456666666667
0;0;0;1;0;1;0;0;1;1;1;0;0;0;1;0;1;0;0;0;0;1;1;0;0;0;0;0;0;1;1;0;0;1;1;0;0;0;39.4497
0;0;0;1;0;1;1;0;0;1;0;1;0;0;1;0;1;0;0;0;0;1;1;0;0;0;0;0;0;1;1;0;0;1;1;0;0;0;40.3587333333333
0;0;0;1;0;1;0;1;0;1;0;1;0;0;1;0;1;0;0;0;0;1;1;0;0;0;0;0;0;1;1;0;0;1;1;0;0;0;42.2408666666667
0;0;0;1;0;1;1;0;0;1;0;0;1;0;1;0;1;0;0;0;0;1;1;0;0;0;0;0;0;1;1;0;0;1;1;0;0;0;39.8747
0;0;0;1;0;1;0;1;0;1;0;0;1;0;1;0;1;0;0;0;0;1;1;0;0;0;0;0;0;1;1;0;0;1;1;0;0;0;39.7691333333333
0;0;0;1;0;1;0;0;1;1;0;0;1;0;1;0;1;0;0;0;0;1;1;0;0;0;0;0;0;1;1;0;0;1;1;0;0;0;41.6268333333333
0;0;0;1;0;1;1;0;0;1;0;0;0;1;1;0;1;0;0;0;0;1;1;0;0;0;0;0;0;1;1;0;0;1;1;0;0;0;38.9778
0;0;0;1;0;1;0;1;0;1;0;0;0;1;1;0;1;0;0;0;0;1;1;0;0;0;0;0;0;1;1;0;0;1;1;0;0;0;41.0483
0;0;0;1;0;1;0;0;1;1;0;0;0;1;1;0;1;0;0;0;0;1;1;0;0;0;0;0;0;1;1;0;0;1;1;0;0;0;41.014
0;0;0;1;0;1;0;1;0;1;1;0;0;0;1;0;0;1;0;0;0;1;1;0;0;0;0;0;0;1;1;0;0;1;1;0;0;0;60.7212333333333
0;0;0;1;0;1;0;1;0;1;0;1;0;0;1;0;0;1;0;0;0;1;1;0;0;0;0;0;0;1;1;0;0;1;1;0;0;0;59.9352
0;0;0;1;0;1;0;1;0;1;0;0;1;0;1;0;0;1;0;0;0;1;1;0;0;0;0;0;0;1;1;0;0;1;1;0;0;0;61.7771
0;0;0;1;0;1;1;0;0;1;0;0;0;1;1;0;0;1;0;0;0;1;1;0;0;0;0;0;0;1;1;0;0;1;1;0;0;0;59.9247
0;0;0;1;0;1;0;1;0;1;0;0;0;1;1;0;0;1;0;0;0;1;1;0;0;0;0;0;0;1;1;0;0;1;1;0;0;0;59.7931333333333
0;0;0;1;0;1;0;1;0;1;1;0;0;0;1;0;0;0;1;0;0;1;1;0;0;0;0;0;0;1;1;0;0;1;1;0;0;0;88.9305666666667
0;0;0;1;0;1;0;1;0;1;0;1;0;0;1;0;0;0;1;0;0;1;1;0;0;0;0;0;0;1;1;0;0;1;1;0;0;0;86.405
0;0;0;1;0;1;0;1;0;1;0;0;1;0;1;0;0;0;1;0;0;1;1;0;0;0;0;0;0;1;1;0;0;1;1;0;0;0;87.2471
0;0;0;1;0;1;0;1;0;1;0;0;0;1;1;0;0;0;1;0;0;1;1;0;0;0;0;0;0;1;1;0;0;1;1;0;0;0;87.2449666666666
0;0;0;1;0;1;0;1;0;1;0;1;0;0;1;0;0;0;0;1;0;1;1;0;0;0;0;0;0;1;1;0;0;1;1;0;0;0;251.897266666667
0;0;0;1;0;1;0;1;0;1;0;0;0;1;1;0;0;0;0;1;0;1;1;0;0;0;0;0;0;1;1;0;0;1;1;0;0;0;247.838766666667
0;0;0;1;0;1;0;1;0;1;1;0;0;0;1;0;0;0;0;0;1;1;1;0;0;0;0;0;0;1;1;0;0;1;1;0;0;0;464.318666666667
0;0;0;1;0;1;1;0;0;1;0;0;1;0;1;0;0;0;0;0;1;1;1;0;0;0;0;0;0;1;1;0;0;1;1;0;0;0;453.726333333333
0;0;0;1;0;1;1;0;0;1;0;0;0;1;1;0;0;0;0;0;1;1;1;0;0;0;0;0;0;1;1;0;0;1;1;0;0;0;461.553
0;0;0;1;0;1;0;1;0;1;1;0;0;0;1;0;0;1;0;0;0;1;0;1;0;0;0;0;0;1;1;0;0;1;1;0;0;0;39.8218
0;0;0;1;0;1;0;1;0;1;0;0;1;0;1;0;0;1;0;0;0;1;0;1;0;0;0;0;0;1;1;0;0;1;1;0;0;0;38.49528
0;0;0;1;0;1;0;1;0;1;0;0;0;1;1;0;0;1;0;0;0;1;0;1;0;0;0;0;0;1;1;0;0;1;1;0;0;0;36.50594
0;0;0;1;0;1;0;0;1;1;0;0;0;1;1;0;0;1;0;0;0;1;0;1;0;0;0;0;0;1;1;0;0;1;1;0;0;0;45.72144
0;0;0;1;0;1;0;1;0;1;1;0;0;0;1;0;0;1;0;0;0;1;0;0;1;0;0;0;0;1;1;0;0;1;1;0;0;0;65.2181
0;0;0;1;0;1;0;1;0;1;0;1;0;0;1;0;0;1;0;0;0;1;0;0;1;0;0;0;0;1;1;0;0;1;1;0;0;0;68.1688333333333
0;0;0;1;0;1;0;1;0;1;0;0;0;1;1;0;0;1;0;0;0;1;0;0;1;0;0;0;0;1;1;0;0;1;1;0;0;0;67.3742
0;0;0;1;0;1;0;1;0;1;1;0;0;0;1;0;0;1;0;0;0;1;0;0;0;1;0;0;0;1;1;0;0;1;1;0;0;0;70.8231666666667
0;0;0;1;0;1;0;1;0;1;0;0;0;1;1;0;0;1;0;0;0;1;0;0;0;1;0;0;0;1;1;0;0;1;1;0;0;0;69.1887666666667
0;0;0;1;0;1;0;1;0;1;1;0;0;0;1;0;0;1;0;0;0;1;0;0;0;0;1;0;0;1;1;0;0;1;1;0;0;0;72.5044
0;0;0;1;0;1;0;1;0;1;0;0;0;1;1;0;0;1;0;0;0;1;0;0;0;0;1;0;0;1;1;0;0;1;1;0;0;0;71.8203333333333
0;0;0;1;0;1;0;1;0;1;1;0;0;0;1;0;0;1;0;0;0;1;0;0;0;0;0;1;0;1;1;0;0;1;1;0;0;0;72.6275
0;0;0;1;0;1;0;1;0;1;0;0;1;0;1;0;0;1;0;0;0;1;0;0;0;0;0;1;0;1;1;0;0;1;1;0;0;0;71.8766666666667
0;0;0;1;0;1;1;0;0;1;0;0;0;1;1;0;0;1;0;0;0;1;0;0;0;0;0;1;0;1;1;0;0;1;1;0;0;0;75.9101666666667
0;0;0;1;0;1;0;1;0;1;0;0;0;1;1;0;0;1;0;0;0;1;0;0;0;0;0;1;0;1;1;0;0;1;1;0;0;0;71.6673666666667
0;0;0;1;0;1;0;0;1;1;0;0;0;1;1;0;0;1;0;0;0;1;0;0;0;0;0;1;0;1;1;0;0;1;1;0;0;0;69.0864666666667
0;0;0;1;0;1;1;0;0;1;0;0;0;1;1;0;1;0;0;0;0;1;0;0;0;0;0;0;1;1;1;0;0;1;1;0;0;0;45.8501666666667
0;0;0;1;0;1;0;1;0;1;0;0;0;1;1;0;1;0;0;0;0;1;0;0;0;0;0;0;1;1;1;0;0;1;1;0;0;0;44.0702666666667
0;0;0;1;0;1;0;1;0;1;1;0;0;0;1;0;0;1;0;0;0;1;0;0;0;0;0;0;1;1;1;0;0;1;1;0;0;0;72.1371666666667
0;0;0;1;0;1;0;1;0;1;0;0;1;0;1;0;0;1;0;0;0;1;0;0;0;0;0;0;1;1;1;0;0;1;1;0;0;0;73.1127
0;0;0;1;0;1;0;1;0;1;0;0;0;1;1;0;0;1;0;0;0;1;0;0;0;0;0;0;1;1;1;0;0;1;1;0;0;0;72.8988666666667
0;0;0;1;0;1;1;0;0;1;1;0;0;0;1;0;1;0;0;0;0;1;1;0;0;0;0;0;0;1;0;1;0;1;1;0;0;0;39.3205
0;0;0;1;0;1;0;1;0;1;1;0;0;0;1;0;1;0;0;0;0;1;1;0;0;0;0;0;0;1;0;1;0;1;1;0;0;0;40.1509
0;0;0;1;0;1;1;0;0;1;0;0;0;1;1;0;1;0;0;0;0;1;1;0;0;0;0;0;0;1;0;1;0;1;1;0;0;0;40.5709
0;0;0;1;0;1;0;1;0;1;0;0;0;1;1;0;1;0;0;0;0;1;1;0;0;0;0;0;0;1;0;1;0;1;1;0;0;0;39.7182
0;0;0;1;0;1;0;1;0;1;1;0;0;0;1;0;0;1;0;0;0;1;1;0;0;0;0;0;0;1;0;1;0;1;1;0;0;0;61.0938333333333
0;0;0;1;0;1;0;1;0;1;0;1;0;0;1;0;0;1;0;0;0;1;1;0;0;0;0;0;0;1;0;1;0;1;1;0;0;0;60.3464666666667
0;0;0;1;0;1;0;1;0;1;0;0;0;1;1;0;0;1;0;0;0;1;1;0;0;0;0;0;0;1;0;1;0;1;1;0;0;0;61.5808
0;0;0;1;0;1;0;1;0;1;0;0;1;0;1;0;0;1;0;0;0;1;0;1;0;0;0;0;0;1;0;1;0;1;1;0;0;0;38.98218
0;0;0;1;0;1;0;1;0;1;0;0;0;1;1;0;0;1;0;0;0;1;0;1;0;0;0;0;0;1;0;1;0;1;1;0;0;0;36.88838
0;0;0;1;0;1;0;1;0;1;0;0;0;1;1;0;0;1;0;0;0;1;0;0;1;0;0;0;0;1;0;1;0;1;1;0;0;0;69.8134
0;0;0;1;0;1;0;1;0;1;0;0;0;1;1;0;0;1;0;0;0;1;0;0;0;1;0;0;0;1;0;1;0;1;1;0;0;0;70.1868666666667
0;0;0;1;0;1;0;1;0;1;0;0;0;1;1;0;0;1;0;0;0;1;0;0;0;0;1;0;0;1;0;1;0;1;1;0;0;0;72.3601
0;0;0;1;0;1;0;1;0;1;1;0;0;0;1;0;0;1;0;0;0;1;0;0;0;0;0;1;0;1;0;1;0;1;1;0;0;0;71.95618
0;0;0;1;0;1;0;0;1;1;1;0;0;0;1;0;0;1;0;0;0;1;0;0;0;0;0;1;0;1;0;1;0;1;1;0;0;0;66.46414
0;0;0;1;0;1;0;1;0;1;0;1;0;0;1;0;0;1;0;0;0;1;0;0;0;0;0;1;0;1;0;1;0;1;1;0;0;0;73.5119
0;0;0;1;0;1;0;1;0;1;0;0;1;0;1;0;0;1;0;0;0;1;0;0;0;0;0;1;0;1;0;1;0;1;1;0;0;0;71.47596
0;0;0;1;0;1;1;0;0;1;0;0;0;1;1;0;0;1;0;0;0;1;0;0;0;0;0;1;0;1;0;1;0;1;1;0;0;0;75.63662
0;0;0;1;0;1;0;1;0;1;0;0;0;1;1;0;0;1;0;0;0;1;0;0;0;0;0;1;0;1;0;1;0;1;1;0;0;0;71.61686
0;0;0;1;0;1;0;0;1;1;0;0;0;1;1;0;0;1;0;0;0;1;0;0;0;0;0;1;0;1;0;1;0;1;1;0;0;0;66.76522
0;0;0;1;0;1;0;1;0;1;0;0;0;1;1;0;0;1;0;0;0;1;0;0;0;0;0;0;1;1;0;1;0;1;1;0;0;0;71.43656
0;0;0;1;0;1;0;1;0;1;0;0;0;1;1;1;0;0;0;0;0;1;1;0;0;0;0;0;0;1;0;0;1;1;1;0;0;0;33.208
0;0;0;1;0;1;0;1;0;1;1;0;0;0;1;0;0;1;0;0;0;1;1;0;0;0;0;0;0;1;0;0;1;1;1;0;0;0;61.5073666666667
0;0;0;1;0;1;0;1;0;1;0;0;0;1;1;0;0;1;0;0;0;1;1;0;0;0;0;0;0;1;0;0;1;1;1;0;0;0;61.5319333333333
0;0;0;1;0;1;1;0;0;1;0;0;0;1;1;0;0;1;0;0;0;1;0;1;0;0;0;0;0;1;0;0;1;1;1;0;0;0;34.0008666666667
0;0;0;1;0;1;0;1;0;1;0;0;0;1;1;0;0;1;0;0;0;1;0;1;0;0;0;0;0;1;0;0;1;1;1;0;0;0;43.38766
0;0;0;1;0;1;0;1;0;1;0;0;0;1;1;0;0;1;0;0;0;1;0;0;1;0;0;0;0;1;0;0;1;1;1;0;0;0;71.0436333333333
0;0;0;1;0;1;0;1;0;1;0;0;0;1;1;0;0;1;0;0;0;1;0;0;0;1;0;0;0;1;0;0;1;1;1;0;0;0;69.9313
0;0;0;1;0;1;0;1;0;1;0;0;0;1;1;0;0;1;0;0;0;1;0;0;0;0;1;0;0;1;0;0;1;1;1;0;0;0;71.9537666666667
0;0;0;1;0;1;0;1;0;1;1;0;0;0;1;0;0;1;0;0;0;1;0;0;0;0;0;1;0;1;0;0;1;1;1;0;0;0;71.1654
0;0;0;1;0;1;0;0;1;1;1;0;0;0;1;0;0;1;0;0;0;1;0;0;0;0;0;1;0;1;0;0;1;1;1;0;0;0;68.2523
0;0;0;1;0;1;0;1;0;1;0;1;0;0;1;0;0;1;0;0;0;1;0;0;0;0;0;1;0;1;0;0;1;1;1;0;0;0;72.4363666666667
0;0;0;1;0;1;1;0;0;1;0;0;0;1;1;0;0;1;0;0;0;1;0;0;0;0;0;1;0;1;0;0;1;1;1;0;0;0;76.3772666666667
0;0;0;1;0;1;0;1;0;1;0;0;0;1;1;0;0;1;0;0;0;1;0;0;0;0;0;1;0;1;0;0;1;1;1;0;0;0;72.2862
0;0;0;1;0;1;0;0;1;1;0;0;0;1;1;0;0;1;0;0;0;1;0;0;0;0;0;1;0;1;0;0;1;1;1;0;0;0;67.3849333333333
0;0;0;1;0;1;0;1;0;1;0;0;0;1;1;0;0;1;0;0;0;1;0;0;0;0;0;0;1;1;0;0;1;1;1;0;0;0;70.5714666666667
0;0;0;1;0;1;1;0;0;1;0;0;1;0;1;1;0;0;0;0;0;1;1;0;0;0;0;0;0;1;1;0;0;1;0;1;0;0;32.0287333333333
0;0;0;1;0;1;0;1;0;1;0;0;1;0;1;1;0;0;0;0;0;1;1;0;0;0;0;0;0;1;1;0;0;1;0;1;0;0;32.4165333333333
0;0;0;1;0;1;1;0;0;1;0;0;0;1;1;0;1;0;0;0;0;1;1;0;0;0;0;0;0;1;1;0;0;1;0;1;0;0;40.1875333333333
0;0;0;1;0;1;0;1;0;1;0;0;0;1;1;0;1;0;0;0;0;1;1;0;0;0;0;0;0;1;1;0;0;1;0;1;0;0;41.1877333333333
0;0;0;1;0;1;0;1;0;1;0;0;1;0;1;0;0;0;0;0;1;1;1;0;0;0;0;0;0;1;1;0;0;1;0;1;0;0;468.303066666667
0;0;0;1;0;1;1;0;0;1;0;0;0;1;1;0;1;0;0;0;0;1;0;0;0;0;0;0;1;1;1;0;0;1;0;1;0;0;44.9064666666667
0;0;0;1;0;1;0;1;0;1;0;0;0;1;1;0;1;0;0;0;0;1;0;0;0;0;0;0;1;1;1;0;0;1;0;1;0;0;43.9493333333333
0;0;0;1;0;1;1;0;0;1;0;0;1;0;1;1;0;0;0;0;0;1;1;0;0;0;0;0;0;1;0;1;0;1;0;1;0;0;33.1866666666667
0;0;0;1;0;1;0;1;0;1;0;0;1;0;1;1;0;0;0;0;0;1;1;0;0;0;0;0;0;1;0;1;0;1;0;1;0;0;32.1171
0;0;0;1;0;1;0;0;1;1;0;0;1;0;1;1;0;0;0;0;0;1;1;0;0;0;0;0;0;1;0;1;0;1;0;1;0;0;33.1093
0;0;0;1;0;1;1;0;0;1;0;0;0;1;1;0;1;0;0;0;0;1;1;0;0;0;0;0;0;1;0;1;0;1;0;1;0;0;39.6650666666667
0;0;0;1;0;1;0;1;0;1;0;0;0;1;1;0;1;0;0;0;0;1;1;0;0;0;0;0;0;1;0;1;0;1;0;1;0;0;39.7397333333333
0;0;0;1;0;1;1;0;0;1;0;0;1;0;1;0;0;0;0;0;1;1;1;0;0;0;0;0;0;1;0;1;0;1;0;1;0;0;463.906666666666
0;0;0;1;0;1;0;1;0;1;0;0;1;0;1;0;0;0;0;0;1;1;1;0;0;0;0;0;0;1;0;1;0;1;0;1;0;0;468.128266666666
0;0;0;1;0;1;0;0;1;1;0;0;1;0;1;0;0;0;0;0;1;1;1;0;0;0;0;0;0;1;0;1;0;1;0;1;0;0;470.721933333333
0;0;0;1;0;1;0;1;0;1;0;0;1;0;1;1;0;0;0;0;0;1;1;0;0;0;0;0;0;1;0;0;1;1;0;1;0;0;31.8638666666667
0;0;0;1;0;1;0;1;0;1;0;0;1;0;1;0;0;0;0;0;1;1;1;0;0;0;0;0;0;1;0;0;1;1;0;1;0;0;475.2174
0;0;0;1;0;1;0;1;0;1;0;1;0;0;1;1;0;0;0;0;0;1;1;0;0;0;0;0;0;1;1;0;0;1;0;0;1;0;33.1685666666667
0;0;0;1;0;1;1;0;0;1;0;0;1;0;1;1;0;0;0;0;0;1;1;0;0;0;0;0;0;1;1;0;0;1;0;0;1;0;33.1638666666667
0;0;0;1;0;1;0;1;0;1;0;0;1;0;1;1;0;0;0;0;0;1;1;0;0;0;0;0;0;1;1;0;0;1;0;0;1;0;33.1451666666667
0;0;0;1;0;1;0;0;1;1;0;0;1;0;1;1;0;0;0;0;0;1;1;0;0;0;0;0;0;1;1;0;0;1;0;0;1;0;33.4513333333333
0;0;0;1;0;1;0;1;0;1;0;1;0;0;1;0;0;0;0;0;1;1;1;0;0;0;0;0;0;1;1;0;0;1;0;0;1;0;471.012366666667
0;0;0;1;0;1;0;1;0;1;0;0;1;0;1;0;0;0;0;0;1;1;1;0;0;0;0;0;0;1;1;0;0;1;0;0;1;0;462.392166666667
0;0;0;1;0;1;1;0;0;1;0;0;1;0;1;1;0;0;0;0;0;1;1;0;0;0;0;0;0;1;0;1;0;1;0;0;1;0;31.8820666666667
0;0;0;1;0;1;0;1;0;1;0;0;1;0;1;1;0;0;0;0;0;1;1;0;0;0;0;0;0;1;0;1;0;1;0;0;1;0;31.9940666666667
0;0;0;1;0;1;0;0;1;1;0;0;1;0;1;1;0;0;0;0;0;1;1;0;0;0;0;0;0;1;0;1;0;1;0;0;1;0;31.9454
0;0;0;1;0;1;1;0;0;1;0;0;1;0;1;0;0;0;0;0;1;1;1;0;0;0;0;0;0;1;0;1;0;1;0;0;1;0;465.486533333333
0;0;0;1;0;1;0;1;0;1;0;0;1;0;1;0;0;0;0;0;1;1;1;0;0;0;0;0;0;1;0;1;0;1;0;0;1;0;469.615
0;0;0;1;0;1;0;0;1;1;0;0;1;0;1;0;0;0;0;0;1;1;1;0;0;0;0;0;0;1;0;1;0;1;0;0;1;0;475.410966666667
0;0;0;1;0;1;1;0;0;1;0;0;1;0;1;1;0;0;0;0;0;1;1;0;0;0;0;0;0;1;0;0;1;1;0;0;1;0;31.2123
0;0;0;1;0;1;0;1;0;1;0;0;1;0;1;1;0;0;0;0;0;1;1;0;0;0;0;0;0;1;0;0;1;1;0;0;1;0;32.2298333333333
0;0;0;1;0;1;0;1;0;1;0;0;1;0;1;0;0;0;0;0;1;1;1;0;0;0;0;0;0;1;0;0;1;1;0;0;1;0;461.8418
0;0;0;1;0;1;0;1;0;1;0;1;0;0;1;1;0;0;0;0;0;1;1;0;0;0;0;0;0;1;1;0;0;1;0;0;0;1;32.4879
0;0;0;1;0;1;0;1;0;1;0;0;1;0;1;1;0;0;0;0;0;1;1;0;0;0;0;0;0;1;1;0;0;1;0;0;0;1;31.6157333333333
0;0;0;1;0;1;0;1;0;1;0;0;1;0;1;0;0;0;0;0;1;1;1;0;0;0;0;0;0;1;1;0;0;1;0;0;0;1;468.693566666667
0;0;0;1;0;1;0;1;0;1;0;0;1;0;1;1;0;0;0;0;0;1;0;0;0;0;1;0;0;1;1;0;0;1;0;0;0;1;23.9324333333333
0;0;0;1;0;1;1;0;0;1;0;0;1;0;1;1;0;0;0;0;0;1;1;0;0;0;0;0;0;1;0;1;0;1;0;0;0;1;32.3316333333333
0;0;0;1;0;1;0;1;0;1;0;0;1;0;1;1;0;0;0;0;0;1;1;0;0;0;0;0;0;1;0;1;0;1;0;0;0;1;31.8679333333333
0;0;0;1;0;1;0;0;1;1;0;0;1;0;1;1;0;0;0;0;0;1;1;0;0;0;0;0;0;1;0;1;0;1;0;0;0;1;32.6424333333333
0;0;0;1;0;1;1;0;0;1;0;0;1;0;1;0;0;0;0;0;1;1;1;0;0;0;0;0;0;1;0;1;0;1;0;0;0;1;453.895166666667
0;0;0;1;0;1;0;1;0;1;0;0;1;0;1;0;0;0;0;0;1;1;1;0;0;0;0;0;0;1;0;1;0;1;0;0;0;1;464.919433333333
0;0;0;1;0;1;0;0;1;1;0;0;1;0;1;0;0;0;0;0;1;1;1;0;0;0;0;0;0;1;0;1;0;1;0;0;0;1;482.5183
0;0;0;1;0;1;0;1;0;1;0;0;1;0;1;1;0;0;0;0;0;1;1;0;0;0;0;0;0;1;0;0;1;1;0;0;0;1;32.0268333333333
0;0;0;1;0;1;0;1;0;1;0;0;1;0;1;0;0;0;0;0;1;1;1;0;0;0;0;0;0;1;0;0;1;1;0;0;0;1;478.652966666667
0;0;1;0;0;1;1;0;0;1;1;0;0;0;1;1;0;0;0;0;0;1;1;0;0;0;0;0;0;1;1;0;0;1;1;0;0;0;33.5788666666667
0;0;1;0;0;1;0;1;0;1;1;0;0;0;1;1;0;0;0;0;0;1;1;0;0;0;0;0;0;1;1;0;0;1;1;0;0;0;35.6434666666667
0;0;1;0;0;1;0;0;1;1;1;0;0;0;1;1;0;0;0;0;0;1;1;0;0;0;0;0;0;1;1;0;0;1;1;0;0;0;34.5893333333333
0;0;1;0;0;1;1;0;0;1;0;1;0;0;1;1;0;0;0;0;0;1;1;0;0;0;0;0;0;1;1;0;0;1;1;0;0;0;33.4755666666667
0;0;1;0;0;1;0;1;0;1;0;1;0;0;1;1;0;0;0;0;0;1;1;0;0;0;0;0;0;1;1;0;0;1;1;0;0;0;33.6673666666667
0;0;1;0;0;1;0;0;1;1;0;1;0;0;1;1;0;0;0;0;0;1;1;0;0;0;0;0;0;1;1;0;0;1;1;0;0;0;34.4254333333333
0;0;1;0;0;1;1;0;0;1;0;0;1;0;1;1;0;0;0;0;0;1;1;0;0;0;0;0;0;1;1;0;0;1;1;0;0;0;32.9881
0;0;1;0;0;1;0;1;0;1;0;0;1;0;1;1;0;0;0;0;0;1;1;0;0;0;0;0;0;1;1;0;0;1;1;0;0;0;31.9325
0;0;1;0;0;1;0;0;1;1;0;0;1;0;1;1;0;0;0;0;0;1;1;0;0;0;0;0;0;1;1;0;0;1;1;0;0;0;32.4974
0;0;1;0;0;1;1;0;0;1;0;0;0;1;1;1;0;0;0;0;0;1;1;0;0;0;0;0;0;1;1;0;0;1;1;0;0;0;34.0641666666667
0;0;1;0;0;1;0;1;0;1;0;0;0;1;1;1;0;0;0;0;0;1;1;0;0;0;0;0;0;1;1;0;0;1;1;0;0;0;34.8120333333333
0;0;1;0;0;1;0;0;1;1;0;0;0;1;1;1;0;0;0;0;0;1;1;0;0;0;0;0;0;1;1;0;0;1;1;0;0;0;34.2857
0;0;1;0;0;1;1;0;0;1;1;0;0;0;1;0;1;0;0;0;0;1;1;0;0;0;0;0;0;1;1;0;0;1;1;0;0;0;33.2599
0;0;1;0;0;1;0;1;0;1;1;0;0;0;1;0;1;0;0;0;0;1;1;0;0;0;0;0;0;1;1;0;0;1;1;0;0;0;36.3055333333333
0;0;1;0;0;1;0;0;1;1;1;0;0;0;1;0;1;0;0;0;0;1;1;0;0;0;0;0;0;1;1;0;0;1;1;0;0;0;35.8313
0;0;1;0;0;1;1;0;0;1;0;1;0;0;1;0;1;0;0;0;0;1;1;0;0;0;0;0;0;1;1;0;0;1;1;0;0;0;34.1747333333333
0;0;1;0;0;1;0;1;0;1;0;1;0;0;1;0;1;0;0;0;0;1;1;0;0;0;0;0;0;1;1;0;0;1;1;0;0;0;35.4421666666667
0;0;1;0;0;1;1;0;0;1;0;0;1;0;1;0;1;0;0;0;0;1;1;0;0;0;0;0;0;1;1;0;0;1;1;0;0;0;32.8312333333333
0;0;1;0;0;1;0;1;0;1;0;0;1;0;1;0;1;0;0;0;0;1;1;0;0;0;0;0;0;1;1;0;0;1;1;0;0;0;34.0055
0;0;1;0;0;1;0;0;1;1;0;0;1;0;1;0;1;0;0;0;0;1;1;0;0;0;0;0;0;1;1;0;0;1;1;0;0;0;33.5081666666667
0;0;1;0;0;1;1;0;0;1;0;0;0;1;1;0;1;0;0;0;0;1;1;0;0;0;0;0;0;1;1;0;0;1;1;0;0;0;32.8997
0;0;1;0;0;1;0;1;0;1;0;0;0;1;1;0;1;0;0;0;0;1;1;0;0;0;0;0;0;1;1;0;0;1;1;0;0;0;34.3946666666667
0;0;1;0;0;1;0;1;0;1;1;0;0;0;1;0;0;1;0;0;0;1;1;0;0;0;0;0;0;1;1;0;0;1;1;0;0;0;42.2489333333333
0;0;1;0;0;1;0;1;0;1;0;1;0;0;1;0;0;1;0;0;0;1;1;0;0;0;0;0;0;1;1;0;0;1;1;0;0;0;41.9549
0;0;1;0;0;1;0;1;0;1;0;0;1;0;1;0;0;1;0;0;0;1;1;0;0;0;0;0;0;1;1;0;0;1;1;0;0;0;40.8188333333333
0;0;1;0;0;1;1;0;0;1;0;0;0;1;1;0;0;1;0;0;0;1;1;0;0;0;0;0;0;1;1;0;0;1;1;0;0;0;41.1454666666667
0;0;1;0;0;1;0;1;0;1;0;0;0;1;1;0;0;1;0;0;0;1;1;0;0;0;0;0;0;1;1;0;0;1;1;0;0;0;42.4084666666667
0;0;1;0;0;1;0;1;0;1;1;0;0;0;1;0;0;0;1;0;0;1;1;0;0;0;0;0;0;1;1;0;0;1;1;0;0;0;45.4808333333333
0;0;1;0;0;1;0;0;1;1;1;0;0;0;1;0;0;0;1;0;0;1;1;0;0;0;0;0;0;1;1;0;0;1;1;0;0;0;46.3277
0;0;1;0;0;1;0;1;0;1;0;1;0;0;1;0;0;0;1;0;0;1;1;0;0;0;0;0;0;1;1;0;0;1;1;0;0;0;46.2429
0;0;1;0;0;1;0;1;0;1;0;0;1;0;1;0;0;0;1;0;0;1;1;0;0;0;0;0;0;1;1;0;0;1;1;0;0;0;44.8253666666667
0;0;1;0;0;1;0;1;0;1;0;0;0;1;1;0;0;0;1;0;0;1;1;0;0;0;0;0;0;1;1;0;0;1;1;0;0;0;45.9060666666667
0;0;1;0;0;1;0;1;0;1;0;0;0;1;1;0;0;0;0;1;0;1;1;0;0;0;0;0;0;1;1;0;0;1;1;0;0;0;52.1011666666667
0;0;1;0;0;1;0;1;0;1;1;0;0;0;1;0;0;0;0;0;1;1;1;0;0;0;0;0;0;1;1;0;0;1;1;0;0;0;58.3080333333333
0;0;1;0;0;1;0;1;0;1;0;0;0;1;1;0;0;0;0;0;1;1;1;0;0;0;0;0;0;1;1;0;0;1;1;0;0;0;63.9140333333334
0;0;1;0;0;1;1;0;0;1;1;0;0;0;1;1;0;0;0;0;0;1;0;1;0;0;0;0;0;1;1;0;0;1;1;0;0;0;23.5694
0;0;1;0;0;1;0;1;0;1;1;0;0;0;1;0;0;1;0;0;0;1;0;1;0;0;0;0;0;1;1;0;0;1;1;0;0;0;34.9698333333333
0;0;1;0;0;1;0;1;0;1;0;0;0;1;1;0;0;1;0;0;0;1;0;1;0;0;0;0;0;1;1;0;0;1;1;0;0;0;30.1933
0;0;1;0;0;1;0;0;1;1;0;0;0;1;1;0;0;1;0;0;0;1;0;1;0;0;0;0;0;1;1;0;0;1;1;0;0;0;35.0589666666667
0;0;1;0;0;1;0;1;0;1;1;0;0;0;1;0;0;1;0;0;0;1;0;0;1;0;0;0;0;1;1;0;0;1;1;0;0;0;34.8659666666667
0;0;1;0;0;1;0;1;0;1;0;0;0;1;1;0;0;1;0;0;0;1;0;0;1;0;0;0;0;1;1;0;0;1;1;0;0;0;35.82796
0;0;1;0;0;1;0;0;1;1;0;0;0;1;1;0;0;1;0;0;0;1;0;0;1;0;0;0;0;1;1;0;0;1;1;0;0;0;32.4973
0;0;1;0;0;1;0;1;0;1;1;0;0;0;1;0;0;1;0;0;0;1;0;0;0;1;0;0;0;1;1;0;0;1;1;0;0;0;34.21376
0;0;1;0;0;1;0;1;0;1;0;0;0;1;1;0;0;1;0;0;0;1;0;0;0;1;0;0;0;1;1;0;0;1;1;0;0;0;36.7100666666667
0;0;1;0;0;1;0;1;0;1;0;0;0;1;1;0;0;1;0;0;0;1;0;0;0;0;1;0;0;1;1;0;0;1;1;0;0;0;36.14908
0;0;1;0;0;1;0;1;0;1;1;0;0;0;1;0;0;1;0;0;0;1;0;0;0;0;0;1;0;1;1;0;0;1;1;0;0;0;34.37822
0;0;1;0;0;1;0;1;0;1;0;1;0;0;1;0;0;1;0;0;0;1;0;0;0;0;0;1;0;1;1;0;0;1;1;0;0;0;29.8229333333333
0;0;1;0;0;1;0;1;0;1;0;0;1;0;1;0;0;1;0;0;0;1;0;0;0;0;0;1;0;1;1;0;0;1;1;0;0;0;32.0860666666667
0;0;1;0;0;1;1;0;0;1;0;0;0;1;1;0;0;1;0;0;0;1;0;0;0;0;0;1;0;1;1;0;0;1;1;0;0;0;29.5141333333333
0;0;1;0;0;1;0;1;0;1;0;0;0;1;1;0;0;1;0;0;0;1;0;0;0;0;0;1;0;1;1;0;0;1;1;0;0;0;35.5054666666667
0;0;1;0;0;1;0;0;1;1;0;0;0;1;1;0;0;1;0;0;0;1;0;0;0;0;0;1;0;1;1;0;0;1;1;0;0;0;33.05654
0;0;1;0;0;1;1;0;0;1;0;0;0;1;1;0;1;0;0;0;0;1;0;0;0;0;0;0;1;1;1;0;0;1;1;0;0;0;34.61166
0;0;1;0;0;1;0;1;0;1;0;0;0;1;1;0;1;0;0;0;0;1;0;0;0;0;0;0;1;1;1;0;0;1;1;0;0;0;30.2691333333333
0;0;1;0;0;1;0;1;0;1;1;0;0;0;1;0;0;1;0;0;0;1;0;0;0;0;0;0;1;1;1;0;0;1;1;0;0;0;30.2615
0;0;1;0;0;1;0;1;0;1;0;0;1;0;1;0;0;1;0;0;0;1;0;0;0;0;0;0;1;1;1;0;0;1;1;0;0;0;31.8817333333333
0;0;1;0;0;1;0;1;0;1;0;0;0;1;1;0;0;1;0;0;0;1;0;0;0;0;0;0;1;1;1;0;0;1;1;0;0;0;32.4646
0;0;1;0;0;1;1;0;0;1;1;0;0;0;1;1;0;0;0;0;0;1;1;0;0;0;0;0;0;1;0;1;0;1;1;0;0;0;32.80768
0;0;1;0;0;1;1;0;0;1;1;0;0;0;1;0;1;0;0;0;0;1;1;0;0;0;0;0;0;1;0;1;0;1;1;0;0;0;33.74752
0;0;1;0;0;1;0;1;0;1;1;0;0;0;1;0;1;0;0;0;0;1;1;0;0;0;0;0;0;1;0;1;0;1;1;0;0;0;34.80532
0;0;1;0;0;1;1;0;0;1;0;0;0;1;1;0;1;0;0;0;0;1;1;0;0;0;0;0;0;1;0;1;0;1;1;0;0;0;31.6553
0;0;1;0;0;1;0;1;0;1;0;0;0;1;1;0;1;0;0;0;0;1;1;0;0;0;0;0;0;1;0;1;0;1;1;0;0;0;32.84152
0;0;1;0;0;1;0;1;0;1;1;0;0;0;1;0;0;1;0;0;0;1;1;0;0;0;0;0;0;1;0;1;0;1;1;0;0;0;41.68508
0;0;1;0;0;1;0;1;0;1;0;1;0;0;1;0;0;1;0;0;0;1;1;0;0;0;0;0;0;1;0;1;0;1;1;0;0;0;41.25398
0;0;1;0;0;1;0;1;0;1;0;0;0;1;1;0;0;1;0;0;0;1;1;0;0;0;0;0;0;1;0;1;0;1;1;0;0;0;41.99084
0;0;1;0;0;1;0;1;0;1;0;0;0;1;1;0;0;1;0;0;0;1;0;1;0;0;0;0;0;1;0;1;0;1;1;0;0;0;32.45622
0;0;1;0;0;1;0;1;0;1;0;0;0;1;1;0;0;1;0;0;0;1;0;0;1;0;0;0;0;1;0;1;0;1;1;0;0;0;38.55964
0;0;1;0;0;1;0;0;1;1;0;0;0;1;1;0;0;1;0;0;0;1;0;0;1;0;0;0;0;1;0;1;0;1;1;0;0;0;36.89712
0;0;1;0;0;1;0;1;0;1;0;0;0;1;1;0;0;1;0;0;0;1;0;0;0;1;0;0;0;1;0;1;0;1;1;0;0;0;34.7458
0;0;1;0;0;1;0;1;0;1;0;0;0;1;1;0;0;1;0;0;0;1;0;0;0;0;1;0;0;1;0;1;0;1;1;0;0;0;37.7027666666667
0;0;1;0;0;1;1;0;0;1;1;0;0;0;1;0;0;1;0;0;0;1;0;0;0;0;0;1;0;1;0;1;0;1;1;0;0;0;36.133
0;0;1;0;0;1;0;1;0;1;1;0;0;0;1;0;0;1;0;0;0;1;0;0;0;0;0;1;0;1;0;1;0;1;1;0;0;0;34.80316
0;0;1;0;0;1;0;0;1;1;1;0;0;0;1;0;0;1;0;0;0;1;0;0;0;0;0;1;0;1;0;1;0;1;1;0;0;0;31.24266
0;0;1;0;0;1;0;1;0;1;0;0;1;0;1;0;0;1;0;0;0;1;0;0;0;0;0;1;0;1;0;1;0;1;1;0;0;0;31.5513
0;0;1;0;0;1;1;0;0;1;0;0;0;1;1;0;0;1;0;0;0;1;0;0;0;0;0;1;0;1;0;1;0;1;1;0;0;0;32.6173
0;0;1;0;0;1;0;1;0;1;0;0;0;1;1;0;0;1;0;0;0;1;0;0;0;0;0;1;0;1;0;1;0;1;1;0;0;0;31.76604
0;0;1;0;0;1;0;0;1;1;0;0;0;1;1;0;0;1;0;0;0;1;0;0;0;0;0;1;0;1;0;1;0;1;1;0;0;0;32.8175666666667
0;0;1;0;0;1;0;1;0;1;0;0;0;1;1;0;1;0;0;0;0;1;0;0;0;0;0;0;1;1;0;1;0;1;1;0;0;0;28.298
0;0;1;0;0;1;0;1;0;1;1;0;0;0;1;0;0;1;0;0;0;1;0;0;0;0;0;0;1;1;0;1;0;1;1;0;0;0;33.2068666666667
0;0;1;0;0;1;0;1;0;1;0;0;0;1;1;0;0;1;0;0;0;1;0;0;0;0;0;0;1;1;0;1;0;1;1;0;0;0;33.4591666666667
0;0;1;0;0;1;0;1;0;1;0;0;0;1;1;0;1;0;0;0;0;1;1;0;0;0;0;0;0;1;0;0;1;1;1;0;0;0;34.2883333333333
0;0;1;0;0;1;0;1;0;1;1;0;0;0;1;0;0;1;0;0;0;1;1;0;0;0;0;0;0;1;0;0;1;1;1;0;0;0;40.0237
0;0;1;0;0;1;0;1;0;1;0;0;0;1;1;0;0;1;0;0;0;1;1;0;0;0;0;0;0;1;0;0;1;1;1;0;0;0;41.3309666666667
0;0;1;0;0;1;0;1;0;1;0;0;0;1;1;0;0;1;0;0;0;1;0;1;0;0;0;0;0;1;0;0;1;1;1;0;0;0;29.4395333333333
0;0;1;0;0;1;0;0;1;1;0;0;0;1;1;0;0;1;0;0;0;1;0;1;0;0;0;0;0;1;0;0;1;1;1;0;0;0;30.9013666666667
0;0;1;0;0;1;0;1;0;1;0;0;0;1;1;0;0;1;0;0;0;1;0;0;1;0;0;0;0;1;0;0;1;1;1;0;0;0;36.8643666666667
0;0;1;0;0;1;0;1;0;1;0;0;0;1;1;0;0;1;0;0;0;1;0;0;0;1;0;0;0;1;0;0;1;1;1;0;0;0;33.91412
0;0;1;0;0;1;0;1;0;1;0;0;0;1;1;0;0;1;0;0;0;1;0;0;0;0;1;0;0;1;0;0;1;1;1;0;0;0;38.1258666666667
0;0;1;0;0;1;1;0;0;1;1;0;0;0;1;0;0;1;0;0;0;1;0;0;0;0;0;1;0;1;0;0;1;1;1;0;0;0;29.6863333333333
0;0;1;0;0;1;0;1;0;1;1;0;0;0;1;0;0;1;0;0;0;1;0;0;0;0;0;1;0;1;0;0;1;1;1;0;0;0;35.8622
0;0;1;0;0;1;0;1;0;1;0;1;0;0;1;0;0;1;0;0;0;1;0;0;0;0;0;1;0;1;0;0;1;1;1;0;0;0;32.9007333333333
0;0;1;0;0;1;0;1;0;1;0;0;1;0;1;0;0;1;0;0;0;1;0;0;0;0;0;1;0;1;0;0;1;1;1;0;0;0;36.1390333333333
0;0;1;0;0;1;1;0;0;1;0;0;0;1;1;0;0;1;0;0;0;1;0;0;0;0;0;1;0;1;0;0;1;1;1;0;0;0;32.2424333333333
0;0;1;0;0;1;0;1;0;1;0;0;0;1;1;0;0;1;0;0;0;1;0;0;0;0;0;1;0;1;0;0;1;1;1;0;0;0;34.65176
0;0;1;0;0;1;0;0;1;1;0;0;0;1;1;0;0;1;0;0;0;1;0;0;0;0;0;1;0;1;0;0;1;1;1;0;0;0;34.79934
0;0;1;0;0;1;0;1;0;1;0;0;0;1;1;0;0;1;0;0;0;1;0;0;0;0;0;0;1;1;0;0;1;1;1;0;0;0;31.7402666666667
0;0;1;0;0;1;1;0;0;1;1;0;0;0;1;1;0;0;0;0;0;1;1;0;0;0;0;0;0;1;1;0;0;1;0;1;0;0;30.9137
0;0;1;0;0;1;1;0;0;1;0;0;1;0;1;1;0;0;0;0;0;1;1;0;0;0;0;0;0;1;1;0;0;1;0;1;0;0;32.1546333333333
0;0;1;0;0;1;0;1;0;1;0;0;1;0;1;1;0;0;0;0;0;1;1;0;0;0;0;0;0;1;1;0;0;1;0;1;0;0;34.3229
0;0;1;0;0;1;1;0;0;1;0;0;0;1;1;0;1;0;0;0;0;1;1;0;0;0;0;0;0;1;1;0;0;1;0;1;0;0;33.2759
0;0;1;0;0;1;0;1;0;1;0;0;0;1;1;0;1;0;0;0;0;1;1;0;0;0;0;0;0;1;1;0;0;1;0;1;0;0;34.0973666666667
0;0;1;0;0;1;0;1;0;1;0;0;1;0;1;0;0;0;0;0;1;1;1;0;0;0;0;0;0;1;1;0;0;1;0;1;0;0;58.8328666666667
0;0;1;0;0;1;1;0;0;1;0;0;0;1;1;0;1;0;0;0;0;1;0;0;0;0;0;0;1;1;1;0;0;1;0;1;0;0;34.1640333333333
0;0;1;0;0;1;0;1;0;1;0;0;0;1;1;0;1;0;0;0;0;1;0;0;0;0;0;0;1;1;1;0;0;1;0;1;0;0;30.3011
0;0;1;0;0;1;1;0;0;1;0;0;1;0;1;1;0;0;0;0;0;1;1;0;0;0;0;0;0;1;0;1;0;1;0;1;0;0;33.3214333333333
0;0;1;0;0;1;0;1;0;1;0;0;1;0;1;1;0;0;0;0;0;1;1;0;0;0;0;0;0;1;0;1;0;1;0;1;0;0;33.4548333333333
0;0;1;0;0;1;0;0;1;1;0;0;1;0;1;1;0;0;0;0;0;1;1;0;0;0;0;0;0;1;0;1;0;1;0;1;0;0;32.6130333333333
0;0;1;0;0;1;1;0;0;1;0;0;0;1;1;0;1;0;0;0;0;1;1;0;0;0;0;0;0;1;0;1;0;1;0;1;0;0;33.4695333333333
0;0;1;0;0;1;0;1;0;1;0;0;0;1;1;0;1;0;0;0;0;1;1;0;0;0;0;0;0;1;0;1;0;1;0;1;0;0;35.2357333333333
0;0;1;0;0;1;1;0;0;1;0;0;1;0;1;0;0;0;0;0;1;1;1;0;0;0;0;0;0;1;0;1;0;1;0;1;0;0;57.2499333333333
0;0;1;0;0;1;0;1;0;1;0;0;1;0;1;0;0;0;0;0;1;1;1;0;0;0;0;0;0;1;0;1;0;1;0;1;0;0;59.4698666666667
0;0;1;0;0;1;0;0;1;1;0;0;1;0;1;0;0;0;0;0;1;1;1;0;0;0;0;0;0;1;0;1;0;1;0;1;0;0;60.1809333333333
0;0;1;0;0;1;0;1;0;1;0;0;1;0;1;1;0;0;0;0;0;1;1;0;0;0;0;0;0;1;0;0;1;1;0;1;0;0;33.9453333333333
0;0;1;0;0;1;0;1;0;1;0;0;1;0;1;0;0;0;0;0;1;1;1;0;0;0;0;0;0;1;0;0;1;1;0;1;0;0;58.9028666666667
0;0;1;0;0;1;0;1;0;1;1;0;0;0;1;1;0;0;0;0;0;1;1;0;0;0;0;0;0;1;1;0;0;1;0;0;1;0;32.9859333333333
0;0;1;0;0;1;0;1;0;1;0;1;0;0;1;1;0;0;0;0;0;1;1;0;0;0;0;0;0;1;1;0;0;1;0;0;1;0;33.994
0;0;1;0;0;1;1;0;0;1;0;0;1;0;1;1;0;0;0;0;0;1;1;0;0;0;0;0;0;1;1;0;0;1;0;0;1;0;34.6591333333333
0;0;1;0;0;1;0;1;0;1;0;0;1;0;1;1;0;0;0;0;0;1;1;0;0;0;0;0;0;1;1;0;0;1;0;0;1;0;34.0506333333333
0;0;1;0;0;1;0;1;0;1;1;0;0;0;1;0;0;1;0;0;0;1;1;0;0;0;0;0;0;1;1;0;0;1;0;0;1;0;41.4151333333333
0;0;1;0;0;1;0;1;0;1;0;1;0;0;1;0;0;0;0;0;1;1;1;0;0;0;0;0;0;1;1;0;0;1;0;0;1;0;59.5003666666667
0;0;1;0;0;1;0;1;0;1;0;0;1;0;1;0;0;0;0;0;1;1;1;0;0;0;0;0;0;1;1;0;0;1;0;0;1;0;59.1451666666667
0;0;1;0;0;1;0;1;0;1;0;1;0;0;1;1;0;0;0;0;0;1;1;0;0;0;0;0;0;1;0;1;0;1;0;0;1;0;33.2064666666667
0;0;1;0;0;1;1;0;0;1;0;0;1;0;1;1;0;0;0;0;0;1;1;0;0;0;0;0;0;1;0;1;0;1;0;0;1;0;32.8652
0;0;1;0;0;1;0;1;0;1;0;0;1;0;1;1;0;0;0;0;0;1;1;0;0;0;0;0;0;1;0;1;0;1;0;0;1;0;33.1657333333333
0;0;1;0;0;1;0;0;1;1;0;0;1;0;1;1;0;0;0;0;0;1;1;0;0;0;0;0;0;1;0;1;0;1;0;0;1;0;34.4393
0;0;1;0;0;1;1;0;0;1;0;0;1;0;1;0;0;0;0;0;1;1;1;0;0;0;0;0;0;1;0;1;0;1;0;0;1;0;58.9716666666667
0;0;1;0;0;1;0;1;0;1;0;0;1;0;1;0;0;0;0;0;1;1;1;0;0;0;0;0;0;1;0;1;0;1;0;0;1;0;58.1701333333333
0;0;1;0;0;1;0;0;1;1;0;0;1;0;1;0;0;0;0;0;1;1;1;0;0;0;0;0;0;1;0;1;0;1;0;0;1;0;58.3008333333333
0;0;1;0;0;1;0;1;0;1;0;0;1;0;1;1;0;0;0;0;0;1;1;0;0;0;0;0;0;1;0;0;1;1;0;0;1;0;32.4656
0;0;1;0;0;1;0;1;0;1;0;0;1;0;1;0;0;0;0;0;1;1;1;0;0;0;0;0;0;1;0;0;1;1;0;0;1;0;57.8284666666667
0;0;1;0;0;1;0;1;0;1;1;0;0;0;1;1;0;0;0;0;0;1;1;0;0;0;0;0;0;1;1;0;0;1;0;0;0;1;33.9203
0;0;1;0;0;1;0;1;0;1;0;1;0;0;1;1;0;0;0;0;0;1;1;0;0;0;0;0;0;1;1;0;0;1;0;0;0;1;32.4700333333333
0;0;1;0;0;1;0;1;0;1;0;0;1;0;1;1;0;0;0;0;0;1;1;0;0;0;0;0;0;1;1;0;0;1;0;0;0;1;31.6338
0;0;1;0;0;1;0;1;0;1;0;0;1;0;1;0;0;0;0;0;1;1;1;0;0;0;0;0;0;1;1;0;0;1;0;0;0;1;58.7192666666667
0;0;1;0;0;1;1;0;0;1;0;0;1;0;1;1;0;0;0;0;0;1;1;0;0;0;0;0;0;1;0;1;0;1;0;0;0;1;34.3349666666667
0;0;1;0;0;1;0;1;0;1;0;0;1;0;1;1;0;0;0;0;0;1;1;0;0;0;0;0;0;1;0;1;0;1;0;0;0;1;33.5666333333333
0;0;1;0;0;1;0;0;1;1;0;0;1;0;1;1;0;0;0;0;0;1;1;0;0;0;0;0;0;1;0;1;0;1;0;0;0;1;34.4375333333333
0;0;1;0;0;1;1;0;0;1;0;0;1;0;1;0;0;0;0;0;1;1;1;0;0;0;0;0;0;1;0;1;0;1;0;0;0;1;57.3317333333333
0;0;1;0;0;1;0;1;0;1;0;0;1;0;1;0;0;0;0;0;1;1;1;0;0;0;0;0;0;1;0;1;0;1;0;0;0;1;57.3421333333333
0;0;1;0;0;1;0;0;1;1;0;0;1;0;1;0;0;0;0;0;1;1;1;0;0;0;0;0;0;1;0;1;0;1;0;0;0;1;58.1273
0;0;1;0;0;1;0;1;0;1;0;0;1;0;1;1;0;0;0;0;0;1;1;0;0;0;0;0;0;1;0;0;1;1;0;0;0;1;34.1657
0;0;1;0;0;1;0;1;0;1;0;0;1;0;1;0;0;0;0;0;1;1;1;0;0;0;0;0;0;1;0;0;1;1;0;0;0;1;58.3736666666667
0;0;1;1;0;1;1;0;0;1;1;0;0;0;1;1;0;0;0;0;0;1;1;0;0;0;0;0;0;1;1;0;0;1;1;0;0;0;31.5983
0;0;1;1;0;1;0;1;0;1;1;0;0;0;1;1;0;0;0;0;0;1;1;0;0;0;0;0;0;1;1;0;0;1;1;0;0;0;32.4708666666667
0;0;1;1;0;1;0;0;1;1;1;0;0;0;1;1;0;0;0;0;0;1;1;0;0;0;0;0;0;1;1;0;0;1;1;0;0;0;33.2287666666667
0;0;1;1;0;1;1;0;0;1;0;1;0;0;1;1;0;0;0;0;0;1;1;0;0;0;0;0;0;1;1;0;0;1;1;0;0;0;31.8018
0;0;1;1;0;1;0;1;0;1;0;1;0;0;1;1;0;0;0;0;0;1;1;0;0;0;0;0;0;1;1;0;0;1;1;0;0;0;32.1148333333333
0;0;1;1;0;1;0;0;1;1;0;1;0;0;1;1;0;0;0;0;0;1;1;0;0;0;0;0;0;1;1;0;0;1;1;0;0;0;33.40842
0;0;1;1;0;1;1;0;0;1;0;0;1;0;1;1;0;0;0;0;0;1;1;0;0;0;0;0;0;1;1;0;0;1;1;0;0;0;31.9278
0;0;1;1;0;1;0;1;0;1;0;0;1;0;1;1;0;0;0;0;0;1;1;0;0;0;0;0;0;1;1;0;0;1;1;0;0;0;31.9722
0;0;1;1;0;1;0;0;1;1;0;0;1;0;1;1;0;0;0;0;0;1;1;0;0;0;0;0;0;1;1;0;0;1;1;0;0;0;33.4313333333333
0;0;1;1;0;1;1;0;0;1;0;0;0;1;1;1;0;0;0;0;0;1;1;0;0;0;0;0;0;1;1;0;0;1;1;0;0;0;31.0069333333333
0;0;1;1;0;1;0;1;0;1;0;0;0;1;1;1;0;0;0;0;0;1;1;0;0;0;0;0;0;1;1;0;0;1;1;0;0;0;32.9488
0;0;1;1;0;1;0;0;1;1;0;0;0;1;1;1;0;0;0;0;0;1;1;0;0;0;0;0;0;1;1;0;0;1;1;0;0;0;32.2178666666667
0;0;1;1;0;1;1;0;0;1;1;0;0;0;1;0;1;0;0;0;0;1;1;0;0;0;0;0;0;1;1;0;0;1;1;0;0;0;39.0095
0;0;1;1;0;1;0;1;0;1;1;0;0;0;1;0;1;0;0;0;0;1;1;0;0;0;0;0;0;1;1;0;0;1;1;0;0;0;40.2138333333333
0;0;1;1;0;1;0;0;1;1;1;0;0;0;1;0;1;0;0;0;0;1;1;0;0;0;0;0;0;1;1;0;0;1;1;0;0;0;41.5404333333333
0;0;1;1;0;1;1;0;0;1;0;1;0;0;1;0;1;0;0;0;0;1;1;0;0;0;0;0;0;1;1;0;0;1;1;0;0;0;39.681
0;0;1;1;0;1;0;1;0;1;0;1;0;0;1;0;1;0;0;0;0;1;1;0;0;0;0;0;0;1;1;0;0;1;1;0;0;0;40.2522333333333
0;0;1;1;0;1;1;0;0;1;0;0;1;0;1;0;1;0;0;0;0;1;1;0;0;0;0;0;0;1;1;0;0;1;1;0;0;0;39.7449333333333
0;0;1;1;0;1;0;1;0;1;0;0;1;0;1;0;1;0;0;0;0;1;1;0;0;0;0;0;0;1;1;0;0;1;1;0;0;0;40.6448666666667
0;0;1;1;0;1;0;0;1;1;0;0;1;0;1;0;1;0;0;0;0;1;1;0;0;0;0;0;0;1;1;0;0;1;1;0;0;0;40.6903
0;0;1;1;0;1;1;0;0;1;0;0;0;1;1;0;1;0;0;0;0;1;1;0;0;0;0;0;0;1;1;0;0;1;1;0;0;0;38.5341
0;0;1;1;0;1;0;1;0;1;0;0;0;1;1;0;1;0;0;0;0;1;1;0;0;0;0;0;0;1;1;0;0;1;1;0;0;0;39.5221666666667
0;0;1;1;0;1;0;1;0;1;1;0;0;0;1;0;0;1;0;0;0;1;1;0;0;0;0;0;0;1;1;0;0;1;1;0;0;0;60.5904666666667
0;0;1;1;0;1;0;1;0;1;0;1;0;0;1;0;0;1;0;0;0;1;1;0;0;0;0;0;0;1;1;0;0;1;1;0;0;0;60.4860333333333
0;0;1;1;0;1;0;1;0;1;0;0;1;0;1;0;0;1;0;0;0;1;1;0;0;0;0;0;0;1;1;0;0;1;1;0;0;0;61.5345333333333
0;0;1;1;0;1;0;1;0;1;0;0;0;1;1;0;0;1;0;0;0;1;1;0;0;0;0;0;0;1;1;0;0;1;1;0;0;0;59.7421
0;0;1;1;0;1;0;1;0;1;1;0;0;0;1;0;0;0;1;0;0;1;1;0;0;0;0;0;0;1;1;0;0;1;1;0;0;0;86.7243666666667
0;0;1;1;0;1;0;1;0;1;0;0;0;1;1;0;0;0;1;0;0;1;1;0;0;0;0;0;0;1;1;0;0;1;1;0;0;0;87.2254
0;0;1;1;0;1;1;0;0;1;1;0;0;0;1;0;0;0;0;0;1;1;1;0;0;0;0;0;0;1;1;0;0;1;1;0;0;0;457.177333333333
0;0;1;1;0;1;1;0;0;1;0;0;0;1;1;0;0;0;0;0;1;1;1;0;0;0;0;0;0;1;1;0;0;1;1;0;0;0;459.873966666667
0;0;1;1;0;1;1;0;0;1;0;1;0;0;1;1;0;0;0;0;0;1;0;1;0;0;0;0;0;1;1;0;0;1;1;0;0;0;20.6335
0;0;1;1;0;1;0;1;0;1;0;0;0;1;1;0;0;1;0;0;0;1;0;1;0;0;0;0;0;1;1;0;0;1;1;0;0;0;32.4024666666667
0;0;1;1;0;1;0;1;0;1;0;0;0;1;1;0;0;1;0;0;0;1;0;0;1;0;0;0;0;1;1;0;0;1;1;0;0;0;68.2398666666667
0;0;1;1;0;1;0;1;0;1;0;0;0;1;1;0;0;1;0;0;0;1;0;0;0;1;0;0;0;1;1;0;0;1;1;0;0;0;67.3484666666667
0;0;1;1;0;1;0;1;0;1;0;0;0;1;1;0;0;1;0;0;0;1;0;0;0;0;1;0;0;1;1;0;0;1;1;0;0;0;72.3767333333333
0;0;1;1;0;1;0;1;0;1;1;0;0;0;1;0;0;1;0;0;0;1;0;0;0;0;0;1;0;1;1;0;0;1;1;0;0;0;71.7449
0;0;1;1;0;1;1;0;0;1;0;0;0;1;1;0;0;1;0;0;0;1;0;0;0;0;0;1;0;1;1;0;0;1;1;0;0;0;77.4437
0;0;1;1;0;1;0;1;0;1;0;0;0;1;1;0;0;1;0;0;0;1;0;0;0;0;0;1;0;1;1;0;0;1;1;0;0;0;72.6593
0;0;1;1;0;1;0;0;1;1;0;0;0;1;1;0;0;1;0;0;0;1;0;0;0;0;0;1;0;1;1;0;0;1;1;0;0;0;69.8124333333333
0;0;1;1;0;1;1;0;0;1;0;0;0;1;1;0;1;0;0;0;0;1;0;0;0;0;0;0;1;1;1;0;0;1;1;0;0;0;44.3102
0;0;1;1;0;1;0;1;0;1;0;0;0;1;1;0;1;0;0;0;0;1;0;0;0;0;0;0;1;1;1;0;0;1;1;0;0;0;46.1325
0;0;1;1;0;1;0;1;0;1;0;0;0;1;1;0;0;1;0;0;0;1;0;0;0;0;0;0;1;1;1;0;0;1;1;0;0;0;71.7982
0;0;1;1;0;1;1;0;0;1;1;0;0;0;1;0;1;0;0;0;0;1;1;0;0;0;0;0;0;1;0;1;0;1;1;0;0;0;39.7817333333333
0;0;1;1;0;1;0;1;0;1;1;0;0;0;1;0;1;0;0;0;0;1;1;0;0;0;0;0;0;1;0;1;0;1;1;0;0;0;39.9687666666667
0;0;1;1;0;1;1;0;0;1;0;0;0;1;1;0;1;0;0;0;0;1;1;0;0;0;0;0;0;1;0;1;0;1;1;0;0;0;38.8578333333333
0;0;1;1;0;1;0;1;0;1;0;0;0;1;1;0;1;0;0;0;0;1;1;0;0;0;0;0;0;1;0;1;0;1;1;0;0;0;40.3728
0;0;1;1;0;1;0;1;0;1;0;0;0;1;1;0;0;1;0;0;0;1;1;0;0;0;0;0;0;1;0;1;0;1;1;0;0;0;61.3008333333333
0;0;1;1;0;1;0;1;0;1;0;0;0;1;1;0;0;1;0;0;0;1;0;1;0;0;0;0;0;1;0;1;0;1;1;0;0;0;37.03742
0;0;1;1;0;1;0;1;0;1;0;0;0;1;1;0;0;1;0;0;0;1;0;0;1;0;0;0;0;1;0;1;0;1;1;0;0;0;68.5580333333333
0;0;1;1;0;1;0;1;0;1;0;0;0;1;1;0;0;1;0;0;0;1;0;0;0;1;0;0;0;1;0;1;0;1;1;0;0;0;70.3881666666667
0;0;1;1;0;1;0;1;0;1;0;0;0;1;1;0;0;1;0;0;0;1;0;0;0;0;1;0;0;1;0;1;0;1;1;0;0;0;71.146
0;0;1;1;0;1;0;1;0;1;1;0;0;0;1;0;0;1;0;0;0;1;0;0;0;0;0;1;0;1;0;1;0;1;1;0;0;0;71.6603333333333
0;0;1;1;0;1;0;1;0;1;0;0;1;0;1;0;0;1;0;0;0;1;0;0;0;0;0;1;0;1;0;1;0;1;1;0;0;0;70.5374
0;0;1;1;0;1;1;0;0;1;0;0;0;1;1;0;0;1;0;0;0;1;0;0;0;0;0;1;0;1;0;1;0;1;1;0;0;0;73.7496666666667
0;0;1;1;0;1;0;1;0;1;0;0;0;1;1;0;0;1;0;0;0;1;0;0;0;0;0;1;0;1;0;1;0;1;1;0;0;0;71.1548
0;0;1;1;0;1;0;0;1;1;0;0;0;1;1;0;0;1;0;0;0;1;0;0;0;0;0;1;0;1;0;1;0;1;1;0;0;0;69.3237666666667
0;0;1;1;0;1;0;1;0;1;0;0;0;1;1;0;0;1;0;0;0;1;0;0;0;0;0;0;1;1;0;1;0;1;1;0;0;0;70.7651333333333
0;0;1;1;0;1;0;1;0;1;1;0;0;0;1;0;0;1;0;0;0;1;1;0;0;0;0;0;0;1;0;0;1;1;1;0;0;0;60.7752333333333
0;0;1;1;0;1;0;1;0;1;0;0;0;1;1;0;0;1;0;0;0;1;1;0;0;0;0;0;0;1;0;0;1;1;1;0;0;0;61.5223666666667
0;0;1;1;0;1;0;1;0;1;0;0;0;1;1;0;0;1;0;0;0;1;0;1;0;0;0;0;0;1;0;0;1;1;1;0;0;0;45.9762666666667
0;0;1;1;0;1;0;1;0;1;0;0;0;1;1;0;0;1;0;0;0;1;0;0;1;0;0;0;0;1;0;0;1;1;1;0;0;0;66.1719333333333
0;0;1;1;0;1;0;1;0;1;0;0;0;1;1;0;0;1;0;0;0;1;0;0;0;1;0;0;0;1;0;0;1;1;1;0;0;0;70.0317666666667
0;0;1;1;0;1;0;1;0;1;0;0;0;1;1;0;0;1;0;0;0;1;0;0;0;0;1;0;0;1;0;0;1;1;1;0;0;0;73.8056666666667
0;0;1;1;0;1;0;1;0;1;1;0;0;0;1;0;0;1;0;0;0;1;0;0;0;0;0;1;0;1;0;0;1;1;1;0;0;0;72.8657666666667
0;0;1;1;0;1;1;0;0;1;0;0;0;1;1;0;0;1;0;0;0;1;0;0;0;0;0;1;0;1;0;0;1;1;1;0;0;0;74.7255
0;0;1;1;0;1;0;1;0;1;0;0;0;1;1;0;0;1;0;0;0;1;0;0;0;0;0;1;0;1;0;0;1;1;1;0;0;0;73.8069
0;0;1;1;0;1;0;0;1;1;0;0;0;1;1;0;0;1;0;0;0;1;0;0;0;0;0;1;0;1;0;0;1;1;1;0;0;0;68.8049333333333
0;0;1;1;0;1;0;1;0;1;0;0;0;1;1;0;0;1;0;0;0;1;0;0;0;0;0;0;1;1;0;0;1;1;1;0;0;0;72.463
0;0;1;1;0;1;0;1;0;1;0;0;1;0;1;1;0;0;0;0;0;1;1;0;0;0;0;0;0;1;1;0;0;1;0;1;0;0;32.7616333333333
0;0;1;1;0;1;1;0;0;1;0;0;0;1;1;0;1;0;0;0;0;1;1;0;0;0;0;0;0;1;1;0;0;1;0;1;0;0;41.2989
0;0;1;1;0;1;0;1;0;1;0;0;0;1;1;0;1;0;0;0;0;1;1;0;0;0;0;0;0;1;1;0;0;1;0;1;0;0;39.9207666666667
0;0;1;1;0;1;0;1;0;1;0;0;1;0;1;0;0;0;0;0;1;1;1;0;0;0;0;0;0;1;1;0;0;1;0;1;0;0;460.092166666667
0;0;1;1;0;1;1;0;0;1;0;0;0;1;1;0;1;0;0;0;0;1;0;0;0;0;0;0;1;1;1;0;0;1;0;1;0;0;45.5779666666667
0;0;1;1;0;1;0;1;0;1;0;0;0;1;1;0;1;0;0;0;0;1;0;0;0;0;0;0;1;1;1;0;0;1;0;1;0;0;43.3426
0;0;1;1;0;1;1;0;0;1;0;0;1;0;1;1;0;0;0;0;0;1;1;0;0;0;0;0;0;1;0;1;0;1;0;1;0;0;32.1188333333333
0;0;1;1;0;1;0;1;0;1;0;0;1;0;1;1;0;0;0;0;0;1;1;0;0;0;0;0;0;1;0;1;0;1;0;1;0;0;32.9244666666667
0;0;1;1;0;1;0;0;1;1;0;0;1;0;1;1;0;0;0;0;0;1;1;0;0;0;0;0;0;1;0;1;0;1;0;1;0;0;32.7935333333333
0;0;1;1;0;1;1;0;0;1;0;0;0;1;1;0;1;0;0;0;0;1;1;0;0;0;0;0;0;1;0;1;0;1;0;1;0;0;39.9422
0;0;1;1;0;1;0;1;0;1;0;0;0;1;1;0;1;0;0;0;0;1;1;0;0;0;0;0;0;1;0;1;0;1;0;1;0;0;39.9284333333333
0;0;1;1;0;1;1;0;0;1;0;0;1;0;1;0;0;0;0;0;1;1;1;0;0;0;0;0;0;1;0;1;0;1;0;1;0;0;461.042866666667
0;0;1;1;0;1;0;1;0;1;0;0;1;0;1;0;0;0;0;0;1;1;1;0;0;0;0;0;0;1;0;1;0;1;0;1;0;0;465.843466666667
0;0;1;1;0;1;0;0;1;1;0;0;1;0;1;0;0;0;0;0;1;1;1;0;0;0;0;0;0;1;0;1;0;1;0;1;0;0;474.761533333333
0;0;1;1;0;1;0;1;0;1;0;0;1;0;1;1;0;0;0;0;0;1;1;0;0;0;0;0;0;1;0;0;1;1;0;1;0;0;32.7298333333333
0;0;1;1;0;1;0;1;0;1;0;0;1;0;1;0;0;0;0;0;1;1;1;0;0;0;0;0;0;1;0;0;1;1;0;1;0;0;457.8752
0;0;1;1;0;1;0;1;0;1;0;1;0;0;1;1;0;0;0;0;0;1;1;0;0;0;0;0;0;1;1;0;0;1;0;0;1;0;32.9961
0;0;1;1;0;1;0;1;0;1;0;0;1;0;1;1;0;0;0;0;0;1;1;0;0;0;0;0;0;1;1;0;0;1;0;0;1;0;31.9059333333333
0;0;1;1;0;1;0;1;0;1;0;1;0;0;1;0;0;0;0;0;1;1;1;0;0;0;0;0;0;1;1;0;0;1;0;0;1;0;466.638833333333
0;0;1;1;0;1;0;1;0;1;0;0;1;0;1;0;0;0;0;0;1;1;1;0;0;0;0;0;0;1;1;0;0;1;0;0;1;0;460.153766666666
0;0;1;1;0;1;1;0;0;1;0;0;1;0;1;1;0;0;0;0;0;1;1;0;0;0;0;0;0;1;0;1;0;1;0;0;1;0;31.4042
0;0;1;1;0;1;0;1;0;1;0;0;1;0;1;1;0;0;0;0;0;1;1;0;0;0;0;0;0;1;0;1;0;1;0;0;1;0;31.6898
0;0;1;1;0;1;0;0;1;1;0;0;1;0;1;1;0;0;0;0;0;1;1;0;0;0;0;0;0;1;0;1;0;1;0;0;1;0;33.5933333333333
0;0;1;1;0;1;1;0;0;1;0;0;1;0;1;0;0;0;0;0;1;1;1;0;0;0;0;0;0;1;0;1;0;1;0;0;1;0;452.812266666667
0;0;1;1;0;1;0;1;0;1;0;0;1;0;1;0;0;0;0;0;1;1;1;0;0;0;0;0;0;1;0;1;0;1;0;0;1;0;463.715366666667
0;0;1;1;0;1;0;0;1;1;0;0;1;0;1;0;0;0;0;0;1;1;1;0;0;0;0;0;0;1;0;1;0;1;0;0;1;0;465.987566666667
0;0;1;1;0;1;0;1;0;1;0;0;1;0;1;1;0;0;0;0;0;1;1;0;0;0;0;0;0;1;0;0;1;1;0;0;1;0;32.0319666666667
0;0;1;1;0;1;0;1;0;1;0;0;1;0;1;0;0;0;0;0;1;1;1;0;0;0;0;0;0;1;0;0;1;1;0;0;1;0;467.064566666667
0;0;1;1;0;1;0;1;0;1;0;0;1;0;1;1;0;0;0;0;0;1;1;0;0;0;0;0;0;1;1;0;0;1;0;0;0;1;32.9712666666667
0;0;1;1;0;1;0;1;0;1;0;0;1;0;1;0;0;0;0;0;1;1;1;0;0;0;0;0;0;1;1;0;0;1;0;0;0;1;463.5756
0;0;1;1;0;1;0;1;0;1;0;0;1;0;1;1;0;0;0;0;0;1;1;0;0;0;0;0;0;1;0;1;0;1;0;0;0;1;32.2498666666667
0;0;1;1;0;1;0;0;1;1;0;0;1;0;1;1;0;0;0;0;0;1;1;0;0;0;0;0;0;1;0;1;0;1;0;0;0;1;33.2929333333333
0;0;1;1;0;1;1;0;0;1;0;0;1;0;1;0;0;0;0;0;1;1;1;0;0;0;0;0;0;1;0;1;0;1;0;0;0;1;455.855166666667
0;0;1;1;0;1;0;1;0;1;0;0;1;0;1;0;0;0;0;0;1;1;1;0;0;0;0;0;0;1;0;1;0;1;0;0;0;1;465.6685
0;0;1;1;0;1;0;0;1;1;0;0;1;0;1;0;0;0;0;0;1;1;1;0;0;0;0;0;0;1;0;1;0;1;0;0;0;1;471.580366666667
0;0;1;1;0;1;0;1;0;1;0;0;1;0;1;1;0;0;0;0;0;1;1;0;0;0;0;0;0;1;0;0;1;1;0;0;0;1;32.3901666666667
0;0;1;1;0;1;0;1;0;1;0;0;1;0;1;0;0;0;0;0;1;1;1;0;0;0;0;0;0;1;0;0;1;1;0;0;0;1;458.769333333334
0;1;0;0;0;1;1;0;0;1;1;0;0;0;1;1;0;0;0;0;0;1;1;0;0;0;0;0;0;1;1;0;0;1;1;0;0;0;21.7984
0;1;0;0;0;1;0;1;0;1;1;0;0;0;1;1;0;0;0;0;0;1;1;0;0;0;0;0;0;1;1;0;0;1;1;0;0;0;23.11744
0;1;0;0;0;1;0;0;1;1;1;0;0;0;1;1;0;0;0;0;0;1;1;0;0;0;0;0;0;1;1;0;0;1;1;0;0;0;23.35776
0;1;0;0;0;1;1;0;0;1;0;1;0;0;1;1;0;0;0;0;0;1;1;0;0;0;0;0;0;1;1;0;0;1;1;0;0;0;24.6837
0;1;0;0;0;1;0;1;0;1;0;1;0;0;1;1;0;0;0;0;0;1;1;0;0;0;0;0;0;1;1;0;0;1;1;0;0;0;24.4066666666667
0;1;0;0;0;1;0;0;1;1;0;1;0;0;1;1;0;0;0;0;0;1;1;0;0;0;0;0;0;1;1;0;0;1;1;0;0;0;23.0063666666667
0;1;0;0;0;1;1;0;0;1;0;0;1;0;1;1;0;0;0;0;0;1;1;0;0;0;0;0;0;1;1;0;0;1;1;0;0;0;25.4071333333333
0;1;0;0;0;1;0;1;0;1;0;0;1;0;1;1;0;0;0;0;0;1;1;0;0;0;0;0;0;1;1;0;0;1;1;0;0;0;23.4637333333333
0;1;0;0;0;1;0;0;1;1;0;0;1;0;1;1;0;0;0;0;0;1;1;0;0;0;0;0;0;1;1;0;0;1;1;0;0;0;25.4264
0;1;0;0;0;1;1;0;0;1;0;0;0;1;1;1;0;0;0;0;0;1;1;0;0;0;0;0;0;1;1;0;0;1;1;0;0;0;25.1910666666667
0;1;0;0;0;1;0;1;0;1;0;0;0;1;1;1;0;0;0;0;0;1;1;0;0;0;0;0;0;1;1;0;0;1;1;0;0;0;24.3629666666667
0;1;0;0;0;1;0;0;1;1;0;0;0;1;1;1;0;0;0;0;0;1;1;0;0;0;0;0;0;1;1;0;0;1;1;0;0;0;25.2900333333333
0;1;0;0;0;1;1;0;0;1;1;0;0;0;1;0;1;0;0;0;0;1;1;0;0;0;0;0;0;1;1;0;0;1;1;0;0;0;23.5592
0;1;0;0;0;1;0;1;0;1;1;0;0;0;1;0;1;0;0;0;0;1;1;0;0;0;0;0;0;1;1;0;0;1;1;0;0;0;19.5215666666667
0;1;0;0;0;1;0;0;1;1;1;0;0;0;1;0;1;0;0;0;0;1;1;0;0;0;0;0;0;1;1;0;0;1;1;0;0;0;19.37622
0;1;0;0;0;1;1;0;0;1;0;1;0;0;1;0;1;0;0;0;0;1;1;0;0;0;0;0;0;1;1;0;0;1;1;0;0;0;19.2921333333333
0;1;0;0;0;1;0;1;0;1;0;1;0;0;1;0;1;0;0;0;0;1;1;0;0;0;0;0;0;1;1;0;0;1;1;0;0;0;22.24834
0;1;0;0;0;1;1;0;0;1;0;0;1;0;1;0;1;0;0;0;0;1;1;0;0;0;0;0;0;1;1;0;0;1;1;0;0;0;26.74036
0;1;0;0;0;1;0;1;0;1;0;0;1;0;1;0;1;0;0;0;0;1;1;0;0;0;0;0;0;1;1;0;0;1;1;0;0;0;19.00866
0;1;0;0;0;1;0;0;1;1;0;0;1;0;1;0;1;0;0;0;0;1;1;0;0;0;0;0;0;1;1;0;0;1;1;0;0;0;21.62874
0;1;0;0;0;1;1;0;0;1;0;0;0;1;1;0;1;0;0;0;0;1;1;0;0;0;0;0;0;1;1;0;0;1;1;0;0;0;25.0911
0;1;0;0;0;1;0;1;0;1;0;0;0;1;1;0;1;0;0;0;0;1;1;0;0;0;0;0;0;1;1;0;0;1;1;0;0;0;22.87816
0;1;0;0;0;1;0;1;0;1;1;0;0;0;1;0;0;1;0;0;0;1;1;0;0;0;0;0;0;1;1;0;0;1;1;0;0;0;27.56216
0;1;0;0;0;1;0;1;0;1;0;1;0;0;1;0;0;1;0;0;0;1;1;0;0;0;0;0;0;1;1;0;0;1;1;0;0;0;29.6005333333333
0;1;0;0;0;1;0;1;0;1;0;0;1;0;1;0;0;1;0;0;0;1;1;0;0;0;0;0;0;1;1;0;0;1;1;0;0;0;28.8609666666667
0;1;0;0;0;1;0;1;0;1;0;0;0;1;1;0;0;1;0;0;0;1;1;0;0;0;0;0;0;1;1;0;0;1;1;0;0;0;26.9180666666667
0;1;0;0;0;1;0;1;0;1;1;0;0;0;1;0;0;0;1;0;0;1;1;0;0;0;0;0;0;1;1;0;0;1;1;0;0;0;22.8847666666667
0;1;0;0;0;1;0;1;0;1;0;1;0;0;1;0;0;0;1;0;0;1;1;0;0;0;0;0;0;1;1;0;0;1;1;0;0;0;23.1961666666667
0;1;0;0;0;1;0;1;0;1;0;0;1;0;1;0;0;0;1;0;0;1;1;0;0;0;0;0;0;1;1;0;0;1;1;0;0;0;23.5406666666667
0;1;0;0;0;1;0;1;0;1;0;0;0;1;1;0;0;0;1;0;0;1;1;0;0;0;0;0;0;1;1;0;0;1;1;0;0;0;22.7855333333333
0;1;0;0;0;1;1;0;0;1;0;0;1;0;1;0;0;0;0;1;0;1;1;0;0;0;0;0;0;1;1;0;0;1;1;0;0;0;32.3801666666667
0;1;0;0;0;1;0;1;0;1;1;0;0;0;1;0;0;0;0;0;1;1;1;0;0;0;0;0;0;1;1;0;0;1;1;0;0;0;55.3386666666667
0;1;0;0;0;1;0;1;0;1;0;1;0;0;1;0;0;0;0;0;1;1;1;0;0;0;0;0;0;1;1;0;0;1;1;0;0;0;56.5000333333333
0;1;0;0;0;1;0;1;0;1;0;0;0;1;1;0;0;0;0;0;1;1;1;0;0;0;0;0;0;1;1;0;0;1;1;0;0;0;55.7994666666667
0;1;0;0;0;1;1;0;0;1;1;0;0;0;1;1;0;0;0;0;0;1;0;1;0;0;0;0;0;1;1;0;0;1;1;0;0;0;22.6061
0;1;0;0;0;1;0;1;0;1;1;0;0;0;1;1;0;0;0;0;0;1;0;1;0;0;0;0;0;1;1;0;0;1;1;0;0;0;21.28672
0;1;0;0;0;1;0;1;0;1;1;0;0;0;1;0;0;1;0;0;0;1;0;1;0;0;0;0;0;1;1;0;0;1;1;0;0;0;17.7360333333333
0;1;0;0;0;1;0;1;0;1;0;0;0;1;1;0;0;1;0;0;0;1;0;1;0;0;0;0;0;1;1;0;0;1;1;0;0;0;18.0185333333333
0;1;0;0;0;1;0;1;0;1;1;0;0;0;1;1;0;0;0;0;0;1;0;0;1;0;0;0;0;1;1;0;0;1;1;0;0;0;18.7452666666667
0;1;0;0;0;1;0;1;0;1;1;0;0;0;1;0;0;1;0;0;0;1;0;0;1;0;0;0;0;1;1;0;0;1;1;0;0;0;24.17778
0;1;0;0;0;1;0;1;0;1;0;0;0;1;1;0;0;1;0;0;0;1;0;0;1;0;0;0;0;1;1;0;0;1;1;0;0;0;28.33138
0;1;0;0;0;1;0;0;1;1;0;0;0;1;1;0;0;1;0;0;0;1;0;0;1;0;0;0;0;1;1;0;0;1;1;0;0;0;21.7907333333333
0;1;0;0;0;1;0;1;0;1;1;0;0;0;1;0;0;1;0;0;0;1;0;0;0;1;0;0;0;1;1;0;0;1;1;0;0;0;26.103
0;1;0;0;0;1;0;1;0;1;0;0;0;1;1;0;0;1;0;0;0;1;0;0;0;1;0;0;0;1;1;0;0;1;1;0;0;0;25.3289333333333
0;1;0;0;0;1;0;1;0;1;0;0;0;1;1;0;0;1;0;0;0;1;0;0;0;0;1;0;0;1;1;0;0;1;1;0;0;0;22.0683333333333
0;1;0;0;0;1;0;1;0;1;1;0;0;0;1;0;0;1;0;0;0;1;0;0;0;0;0;1;0;1;1;0;0;1;1;0;0;0;22.7676
0;1;0;0;0;1;0;0;1;1;1;0;0;0;1;0;0;1;0;0;0;1;0;0;0;0;0;1;0;1;1;0;0;1;1;0;0;0;24.5375666666667
0;1;0;0;0;1;0;1;0;1;0;1;0;0;1;0;0;1;0;0;0;1;0;0;0;0;0;1;0;1;1;0;0;1;1;0;0;0;27.5202
0;1;0;0;0;1;0;1;0;1;0;0;1;0;1;0;0;1;0;0;0;1;0;0;0;0;0;1;0;1;1;0;0;1;1;0;0;0;28.5656666666667
0;1;0;0;0;1;1;0;0;1;0;0;0;1;1;0;0;1;0;0;0;1;0;0;0;0;0;1;0;1;1;0;0;1;1;0;0;0;23.9476333333333
0;1;0;0;0;1;0;1;0;1;0;0;0;1;1;0;0;1;0;0;0;1;0;0;0;0;0;1;0;1;1;0;0;1;1;0;0;0;25.2444333333333
0;1;0;0;0;1;0;0;1;1;0;0;0;1;1;0;0;1;0;0;0;1;0;0;0;0;0;1;0;1;1;0;0;1;1;0;0;0;26.75534
0;1;0;0;0;1;1;0;0;1;0;0;0;1;1;0;1;0;0;0;0;1;0;0;0;0;0;0;1;1;1;0;0;1;1;0;0;0;31.13126
0;1;0;0;0;1;0;1;0;1;0;0;0;1;1;0;1;0;0;0;0;1;0;0;0;0;0;0;1;1;1;0;0;1;1;0;0;0;27.3431
0;1;0;0;0;1;0;1;0;1;0;0;1;0;1;0;0;1;0;0;0;1;0;0;0;0;0;0;1;1;1;0;0;1;1;0;0;0;24.2579
0;1;0;0;0;1;0;1;0;1;0;0;0;1;1;0;0;1;0;0;0;1;0;0;0;0;0;0;1;1;1;0;0;1;1;0;0;0;23.00386
0;1;0;0;0;1;1;0;0;1;1;0;0;0;1;1;0;0;0;0;0;1;1;0;0;0;0;0;0;1;0;1;0;1;1;0;0;0;23.6560666666667
0;1;0;0;0;1;1;0;0;1;1;0;0;0;1;0;1;0;0;0;0;1;1;0;0;0;0;0;0;1;0;1;0;1;1;0;0;0;19.4955666666667
0;1;0;0;0;1;0;1;0;1;1;0;0;0;1;0;1;0;0;0;0;1;1;0;0;0;0;0;0;1;0;1;0;1;1;0;0;0;21.32494
0;1;0;0;0;1;1;0;0;1;0;0;0;1;1;0;1;0;0;0;0;1;1;0;0;0;0;0;0;1;0;1;0;1;1;0;0;0;17.4454
0;1;0;0;0;1;0;1;0;1;0;0;0;1;1;0;1;0;0;0;0;1;1;0;0;0;0;0;0;1;0;1;0;1;1;0;0;0;21.22744
0;1;0;0;0;1;0;1;0;1;1;0;0;0;1;0;0;1;0;0;0;1;1;0;0;0;0;0;0;1;0;1;0;1;1;0;0;0;29.4658666666667
0;1;0;0;0;1;0;1;0;1;0;1;0;0;1;0;0;1;0;0;0;1;1;0;0;0;0;0;0;1;0;1;0;1;1;0;0;0;29.3987
0;1;0;0;0;1;0;1;0;1;0;0;0;1;1;0;0;1;0;0;0;1;1;0;0;0;0;0;0;1;0;1;0;1;1;0;0;0;28.08442
0;1;0;0;0;1;0;1;0;1;0;0;0;1;1;0;0;1;0;0;0;1;0;1;0;0;0;0;0;1;0;1;0;1;1;0;0;0;18.8908
0;1;0;0;0;1;1;0;0;1;0;0;0;1;1;0;0;1;0;0;0;1;0;0;1;0;0;0;0;1;0;1;0;1;1;0;0;0;22.2505333333333
0;1;0;0;0;1;0;1;0;1;0;0;0;1;1;0;0;1;0;0;0;1;0;0;1;0;0;0;0;1;0;1;0;1;1;0;0;0;22.02596
0;1;0;0;0;1;0;0;1;1;0;0;0;1;1;0;0;1;0;0;0;1;0;0;1;0;0;0;0;1;0;1;0;1;1;0;0;0;25.82604
0;1;0;0;0;1;0;1;0;1;1;0;0;0;1;0;0;1;0;0;0;1;0;0;0;1;0;0;0;1;0;1;0;1;1;0;0;0;31.7434666666667
0;1;0;0;0;1;0;1;0;1;0;0;0;1;1;0;0;1;0;0;0;1;0;0;0;1;0;0;0;1;0;1;0;1;1;0;0;0;27.8836
0;1;0;0;0;1;0;1;0;1;1;0;0;0;1;0;0;1;0;0;0;1;0;0;0;0;1;0;0;1;0;1;0;1;1;0;0;0;24.83982
0;1;0;0;0;1;0;1;0;1;0;0;0;1;1;0;0;1;0;0;0;1;0;0;0;0;1;0;0;1;0;1;0;1;1;0;0;0;25.00494
0;1;0;0;0;1;0;1;0;1;1;0;0;0;1;0;0;1;0;0;0;1;0;0;0;0;0;1;0;1;0;1;0;1;1;0;0;0;26.9442
0;1;0;0;0;1;0;1;0;1;0;0;1;0;1;0;0;1;0;0;0;1;0;0;0;0;0;1;0;1;0;1;0;1;1;0;0;0;25.9537
0;1;0;0;0;1;1;0;0;1;0;0;0;1;1;0;0;1;0;0;0;1;0;0;0;0;0;1;0;1;0;1;0;1;1;0;0;0;22.5773666666667
0;1;0;0;0;1;0;1;0;1;0;0;0;1;1;0;0;1;0;0;0;1;0;0;0;0;0;1;0;1;0;1;0;1;1;0;0;0;25.6734666666667
0;1;0;0;0;1;0;0;1;1;0;0;0;1;1;0;0;1;0;0;0;1;0;0;0;0;0;1;0;1;0;1;0;1;1;0;0;0;22.5061
0;1;0;0;0;1;0;1;0;1;0;0;0;1;1;0;0;1;0;0;0;1;0;0;0;0;0;0;1;1;0;1;0;1;1;0;0;0;26.21844
0;1;0;0;0;1;1;0;0;1;1;0;0;0;1;1;0;0;0;0;0;1;1;0;0;0;0;0;0;1;0;0;1;1;1;0;0;0;24.3430666666667
0;1;0;0;0;1;0;1;0;1;0;0;0;1;1;1;0;0;0;0;0;1;1;0;0;0;0;0;0;1;0;0;1;1;1;0;0;0;23.6449666666667
0;1;0;0;0;1;0;1;0;1;0;0;0;1;1;0;1;0;0;0;0;1;1;0;0;0;0;0;0;1;0;0;1;1;1;0;0;0;21.66174
0;1;0;0;0;1;0;1;0;1;1;0;0;0;1;0;0;1;0;0;0;1;1;0;0;0;0;0;0;1;0;0;1;1;1;0;0;0;28.9577333333333
0;1;0;0;0;1;0;1;0;1;0;0;0;1;1;0;0;1;0;0;0;1;1;0;0;0;0;0;0;1;0;0;1;1;1;0;0;0;28.9319
0;1;0;0;0;1;0;1;0;1;0;0;0;1;1;0;0;1;0;0;0;1;0;1;0;0;0;0;0;1;0;0;1;1;1;0;0;0;18.4468666666667
0;1;0;0;0;1;0;0;1;1;0;0;0;1;1;0;0;1;0;0;0;1;0;1;0;0;0;0;0;1;0;0;1;1;1;0;0;0;18.4059333333333
0;1;0;0;0;1;0;1;0;1;0;0;0;1;1;0;0;1;0;0;0;1;0;0;1;0;0;0;0;1;0;0;1;1;1;0;0;0;21.56732
0;1;0;0;0;1;0;1;0;1;0;0;0;1;1;0;0;1;0;0;0;1;0;0;0;1;0;0;0;1;0;0;1;1;1;0;0;0;29.9313
0;1;0;0;0;1;0;1;0;1;0;0;0;1;1;0;0;1;0;0;0;1;0;0;0;0;1;0;0;1;0;0;1;1;1;0;0;0;22.0086666666667
0;1;0;0;0;1;0;1;0;1;1;0;0;0;1;0;0;1;0;0;0;1;0;0;0;0;0;1;0;1;0;0;1;1;1;0;0;0;26.46838
0;1;0;0;0;1;0;1;0;1;0;1;0;0;1;0;0;1;0;0;0;1;0;0;0;0;0;1;0;1;0;0;1;1;1;0;0;0;24.0184666666667
0;1;0;0;0;1;1;0;0;1;0;0;0;1;1;0;0;1;0;0;0;1;0;0;0;0;0;1;0;1;0;0;1;1;1;0;0;0;23.4734333333333
0;1;0;0;0;1;0;1;0;1;0;0;0;1;1;0;0;1;0;0;0;1;0;0;0;0;0;1;0;1;0;0;1;1;1;0;0;0;22.6681333333333
0;1;0;0;0;1;0;0;1;1;0;0;0;1;1;0;0;1;0;0;0;1;0;0;0;0;0;1;0;1;0;0;1;1;1;0;0;0;26.8599
0;1;0;0;0;1;0;1;0;1;0;0;0;1;1;0;0;1;0;0;0;1;0;0;0;0;0;0;1;1;0;0;1;1;1;0;0;0;25.86742
0;1;0;0;0;1;1;0;0;1;1;0;0;0;1;1;0;0;0;0;0;1;1;0;0;0;0;0;0;1;1;0;0;1;0;1;0;0;25.6754
0;1;0;0;0;1;1;0;0;1;0;0;1;0;1;1;0;0;0;0;0;1;1;0;0;0;0;0;0;1;1;0;0;1;0;1;0;0;26.4349
0;1;0;0;0;1;0;1;0;1;0;0;1;0;1;1;0;0;0;0;0;1;1;0;0;0;0;0;0;1;1;0;0;1;0;1;0;0;24.4186333333333
0;1;0;0;0;1;0;0;1;1;0;0;1;0;1;1;0;0;0;0;0;1;1;0;0;0;0;0;0;1;1;0;0;1;0;1;0;0;22.15884
0;1;0;0;0;1;1;0;0;1;0;0;0;1;1;0;1;0;0;0;0;1;1;0;0;0;0;0;0;1;1;0;0;1;0;1;0;0;19.7648333333333
0;1;0;0;0;1;0;1;0;1;0;0;0;1;1;0;1;0;0;0;0;1;1;0;0;0;0;0;0;1;1;0;0;1;0;1;0;0;18.8392
0;1;0;0;0;1;0;1;0;1;0;0;0;1;1;0;0;1;0;0;0;1;1;0;0;0;0;0;0;1;1;0;0;1;0;1;0;0;26.6988
0;1;0;0;0;1;0;1;0;1;0;0;1;0;1;0;0;0;0;0;1;1;1;0;0;0;0;0;0;1;1;0;0;1;0;1;0;0;57.352
0;1;0;0;0;1;1;0;0;1;0;0;0;1;1;0;1;0;0;0;0;1;0;0;0;0;0;0;1;1;1;0;0;1;0;1;0;0;30.3893333333333
0;1;0;0;0;1;0;1;0;1;0;0;0;1;1;0;1;0;0;0;0;1;0;0;0;0;0;0;1;1;1;0;0;1;0;1;0;0;29.1747333333333
0;1;0;0;0;1;1;0;0;1;0;0;1;0;1;1;0;0;0;0;0;1;1;0;0;0;0;0;0;1;0;1;0;1;0;1;0;0;22.12312
0;1;0;0;0;1;0;1;0;1;0;0;1;0;1;1;0;0;0;0;0;1;1;0;0;0;0;0;0;1;0;1;0;1;0;1;0;0;24.34916
0;1;0;0;0;1;0;0;1;1;0;0;1;0;1;1;0;0;0;0;0;1;1;0;0;0;0;0;0;1;0;1;0;1;0;1;0;0;23.9744333333333
0;1;0;0;0;1;1;0;0;1;0;0;0;1;1;0;1;0;0;0;0;1;1;0;0;0;0;0;0;1;0;1;0;1;0;1;0;0;19.4942
0;1;0;0;0;1;0;1;0;1;0;0;0;1;1;0;1;0;0;0;0;1;1;0;0;0;0;0;0;1;0;1;0;1;0;1;0;0;19.5403
0;1;0;0;0;1;1;0;0;1;0;0;1;0;1;0;0;0;0;0;1;1;1;0;0;0;0;0;0;1;0;1;0;1;0;1;0;0;56.5362333333333
0;1;0;0;0;1;0;1;0;1;0;0;1;0;1;0;0;0;0;0;1;1;1;0;0;0;0;0;0;1;0;1;0;1;0;1;0;0;58.2706333333333
0;1;0;0;0;1;0;0;1;1;0;0;1;0;1;0;0;0;0;0;1;1;1;0;0;0;0;0;0;1;0;1;0;1;0;1;0;0;57.5924666666667
0;1;0;0;0;1;0;1;0;1;0;0;1;0;1;1;0;0;0;0;0;1;1;0;0;0;0;0;0;1;0;0;1;1;0;1;0;0;23.09318
0;1;0;0;0;1;0;1;0;1;0;0;1;0;1;0;0;0;0;0;1;1;1;0;0;0;0;0;0;1;0;0;1;1;0;1;0;0;57.197
0;1;0;0;0;1;0;1;0;1;0;1;0;0;1;1;0;0;0;0;0;1;1;0;0;0;0;0;0;1;1;0;0;1;0;0;1;0;23.92978
0;1;0;0;0;1;0;1;0;1;0;0;1;0;1;1;0;0;0;0;0;1;1;0;0;0;0;0;0;1;1;0;0;1;0;0;1;0;27.70542
0;1;0;0;0;1;0;0;1;1;0;0;1;0;1;1;0;0;0;0;0;1;1;0;0;0;0;0;0;1;1;0;0;1;0;0;1;0;23.5468666666667
0;1;0;0;0;1;0;1;0;1;0;1;0;0;1;0;0;0;0;0;1;1;1;0;0;0;0;0;0;1;1;0;0;1;0;0;1;0;57.8165666666667
0;1;0;0;0;1;0;1;0;1;0;0;1;0;1;0;0;0;0;0;1;1;1;0;0;0;0;0;0;1;1;0;0;1;0;0;1;0;58.3920333333333
0;1;0;0;0;1;1;0;0;1;0;0;1;0;1;1;0;0;0;0;0;1;1;0;0;0;0;0;0;1;0;1;0;1;0;0;1;0;24.0365333333333
0;1;0;0;0;1;0;1;0;1;0;0;1;0;1;1;0;0;0;0;0;1;1;0;0;0;0;0;0;1;0;1;0;1;0;0;1;0;23.7003
0;1;0;0;0;1;0;0;1;1;0;0;1;0;1;1;0;0;0;0;0;1;1;0;0;0;0;0;0;1;0;1;0;1;0;0;1;0;24.4543
0;1;0;0;0;1;1;0;0;1;0;0;1;0;1;0;0;0;0;0;1;1;1;0;0;0;0;0;0;1;0;1;0;1;0;0;1;0;55.3263666666667
0;1;0;0;0;1;0;1;0;1;0;0;1;0;1;0;0;0;0;0;1;1;1;0;0;0;0;0;0;1;0;1;0;1;0;0;1;0;55.8316333333333
0;1;0;0;0;1;0;0;1;1;0;0;1;0;1;0;0;0;0;0;1;1;1;0;0;0;0;0;0;1;0;1;0;1;0;0;1;0;54.5091
0;1;0;0;0;1;0;1;0;1;0;1;0;0;1;1;0;0;0;0;0;1;1;0;0;0;0;0;0;1;0;0;1;1;0;0;1;0;22.43034
0;1;0;0;0;1;1;0;0;1;0;0;1;0;1;1;0;0;0;0;0;1;1;0;0;0;0;0;0;1;0;0;1;1;0;0;1;0;23.22008
0;1;0;0;0;1;0;1;0;1;0;0;1;0;1;1;0;0;0;0;0;1;1;0;0;0;0;0;0;1;0;0;1;1;0;0;1;0;23.98924
0;1;0;0;0;1;0;1;0;1;0;0;1;0;1;0;0;0;0;0;1;1;1;0;0;0;0;0;0;1;0;0;1;1;0;0;1;0;54.2585666666667
0;1;0;0;0;1;0;1;0;1;1;0;0;0;1;1;0;0;0;0;0;1;1;0;0;0;0;0;0;1;1;0;0;1;0;0;0;1;24.66888
0;1;0;0;0;1;0;1;0;1;0;1;0;0;1;1;0;0;0;0;0;1;1;0;0;0;0;0;0;1;1;0;0;1;0;0;0;1;23.2183666666667
0;1;0;0;0;1;0;1;0;1;0;0;1;0;1;1;0;0;0;0;0;1;1;0;0;0;0;0;0;1;1;0;0;1;0;0;0;1;25.3672333333333
0;1;0;0;0;1;0;1;0;1;0;0;1;0;1;0;0;0;0;0;1;1;1;0;0;0;0;0;0;1;1;0;0;1;0;0;0;1;56.5863333333333
0;1;0;0;0;1;1;0;0;1;0;0;1;0;1;1;0;0;0;0;0;1;1;0;0;0;0;0;0;1;0;1;0;1;0;0;0;1;21.47564
0;1;0;0;0;1;0;1;0;1;0;0;1;0;1;1;0;0;0;0;0;1;1;0;0;0;0;0;0;1;0;1;0;1;0;0;0;1;23.88446
0;1;0;0;0;1;0;0;1;1;0;0;1;0;1;1;0;0;0;0;0;1;1;0;0;0;0;0;0;1;0;1;0;1;0;0;0;1;25.37402
0;1;0;0;0;1;1;0;0;1;0;0;1;0;1;0;0;0;0;0;1;1;1;0;0;0;0;0;0;1;0;1;0;1;0;0;0;1;57.0050666666667
0;1;0;0;0;1;0;1;0;1;0;0;1;0;1;0;0;0;0;0;1;1;1;0;0;0;0;0;0;1;0;1;0;1;0;0;0;1;57.9858
0;1;0;0;0;1;0;0;1;1;0;0;1;0;1;0;0;0;0;0;1;1;1;0;0;0;0;0;0;1;0;1;0;1;0;0;0;1;58.0657666666667
0;1;0;0;0;1;0;1;0;1;0;0;1;0;1;1;0;0;0;0;0;1;1;0;0;0;0;0;0;1;0;0;1;1;0;0;0;1;25.5306
0;1;0;0;0;1;0;1;0;1;0;0;1;0;1;0;0;0;0;0;1;1;1;0;0;0;0;0;0;1;0;0;1;1;0;0;0;1;54.7538
0;1;1;0;0;1;1;0;0;1;1;0;0;0;1;1;0;0;0;0;0;1;1;0;0;0;0;0;0;1;1;0;0;1;1;0;0;0;23.97468
0;1;1;0;0;1;0;1;0;1;1;0;0;0;1;1;0;0;0;0;0;1;1;0;0;0;0;0;0;1;1;0;0;1;1;0;0;0;23.8714
0;1;1;0;0;1;0;0;1;1;1;0;0;0;1;1;0;0;0;0;0;1;1;0;0;0;0;0;0;1;1;0;0;1;1;0;0;0;23.0158
0;1;1;0;0;1;1;0;0;1;0;1;0;0;1;1;0;0;0;0;0;1;1;0;0;0;0;0;0;1;1;0;0;1;1;0;0;0;25.1972333333333
0;1;1;0;0;1;0;1;0;1;0;1;0;0;1;1;0;0;0;0;0;1;1;0;0;0;0;0;0;1;1;0;0;1;1;0;0;0;21.51834
0;1;1;0;0;1;0;0;1;1;0;1;0;0;1;1;0;0;0;0;0;1;1;0;0;0;0;0;0;1;1;0;0;1;1;0;0;0;26.28978
0;1;1;0;0;1;1;0;0;1;0;0;1;0;1;1;0;0;0;0;0;1;1;0;0;0;0;0;0;1;1;0;0;1;1;0;0;0;23.36078
0;1;1;0;0;1;0;1;0;1;0;0;1;0;1;1;0;0;0;0;0;1;1;0;0;0;0;0;0;1;1;0;0;1;1;0;0;0;22.4022666666667
0;1;1;0;0;1;0;0;1;1;0;0;1;0;1;1;0;0;0;0;0;1;1;0;0;0;0;0;0;1;1;0;0;1;1;0;0;0;22.97642
0;1;1;0;0;1;1;0;0;1;0;0;0;1;1;1;0;0;0;0;0;1;1;0;0;0;0;0;0;1;1;0;0;1;1;0;0;0;23.1373333333333
0;1;1;0;0;1;0;1;0;1;0;0;0;1;1;1;0;0;0;0;0;1;1;0;0;0;0;0;0;1;1;0;0;1;1;0;0;0;27.4432333333333
0;1;1;0;0;1;0;0;1;1;0;0;0;1;1;1;0;0;0;0;0;1;1;0;0;0;0;0;0;1;1;0;0;1;1;0;0;0;23.8832
0;1;1;0;0;1;1;0;0;1;1;0;0;0;1;0;1;0;0;0;0;1;1;0;0;0;0;0;0;1;1;0;0;1;1;0;0;0;22.90552
0;1;1;0;0;1;0;1;0;1;1;0;0;0;1;0;1;0;0;0;0;1;1;0;0;0;0;0;0;1;1;0;0;1;1;0;0;0;29.6265
0;1;1;0;0;1;1;0;0;1;0;1;0;0;1;0;1;0;0;0;0;1;1;0;0;0;0;0;0;1;1;0;0;1;1;0;0;0;18.90498
0;1;1;0;0;1;0;1;0;1;0;1;0;0;1;0;1;0;0;0;0;1;1;0;0;0;0;0;0;1;1;0;0;1;1;0;0;0;19.7613333333333
0;1;1;0;0;1;1;0;0;1;0;0;1;0;1;0;1;0;0;0;0;1;1;0;0;0;0;0;0;1;1;0;0;1;1;0;0;0;22.38038
0;1;1;0;0;1;0;1;0;1;0;0;1;0;1;0;1;0;0;0;0;1;1;0;0;0;0;0;0;1;1;0;0;1;1;0;0;0;23.72896
0;1;1;0;0;1;0;0;1;1;0;0;1;0;1;0;1;0;0;0;0;1;1;0;0;0;0;0;0;1;1;0;0;1;1;0;0;0;20.1969
0;1;1;0;0;1;1;0;0;1;0;0;0;1;1;0;1;0;0;0;0;1;1;0;0;0;0;0;0;1;1;0;0;1;1;0;0;0;20.2911
0;1;1;0;0;1;0;1;0;1;0;0;0;1;1;0;1;0;0;0;0;1;1;0;0;0;0;0;0;1;1;0;0;1;1;0;0;0;18.2893
0;1;1;0;0;1;0;1;0;1;1;0;0;0;1;0;0;1;0;0;0;1;1;0;0;0;0;0;0;1;1;0;0;1;1;0;0;0;29.28996
0;1;1;0;0;1;0;1;0;1;0;1;0;0;1;0;0;1;0;0;0;1;1;0;0;0;0;0;0;1;1;0;0;1;1;0;0;0;27.9127
0;1;1;0;0;1;0;1;0;1;0;0;1;0;1;0;0;1;0;0;0;1;1;0;0;0;0;0;0;1;1;0;0;1;1;0;0;0;29.32502
0;1;1;0;0;1;0;1;0;1;0;0;0;1;1;0;0;1;0;0;0;1;1;0;0;0;0;0;0;1;1;0;0;1;1;0;0;0;29.9623
0;1;1;0;0;1;0;1;0;1;1;0;0;0;1;0;0;0;1;0;0;1;1;0;0;0;0;0;0;1;1;0;0;1;1;0;0;0;23.5984666666667
0;1;1;0;0;1;0;1;0;1;0;0;1;0;1;0;0;0;1;0;0;1;1;0;0;0;0;0;0;1;1;0;0;1;1;0;0;0;23.2637666666667
0;1;1;0;0;1;0;1;0;1;0;0;0;1;1;0;0;0;1;0;0;1;1;0;0;0;0;0;0;1;1;0;0;1;1;0;0;0;23.7305
0;1;1;0;0;1;1;0;0;1;1;0;0;0;1;1;0;0;0;0;0;1;0;1;0;0;0;0;0;1;1;0;0;1;1;0;0;0;21.063
0;1;1;0;0;1;0;1;0;1;0;0;0;1;1;0;0;1;0;0;0;1;0;1;0;0;0;0;0;1;1;0;0;1;1;0;0;0;18.2174666666667
0;1;1;0;0;1;0;1;0;1;0;0;0;1;1;0;0;1;0;0;0;1;0;0;1;0;0;0;0;1;1;0;0;1;1;0;0;0;25.21988
0;1;1;0;0;1;0;1;0;1;0;0;0;1;1;0;0;1;0;0;0;1;0;0;0;1;0;0;0;1;1;0;0;1;1;0;0;0;25.8105333333333
0;1;1;0;0;1;0;1;0;1;0;0;0;1;1;0;0;1;0;0;0;1;0;0;0;0;1;0;0;1;1;0;0;1;1;0;0;0;23.56032
0;1;1;0;0;1;0;1;0;1;1;0;0;0;1;0;0;1;0;0;0;1;0;0;0;0;0;1;0;1;1;0;0;1;1;0;0;0;27.99602
0;1;1;0;0;1;1;0;0;1;0;0;0;1;1;0;0;1;0;0;0;1;0;0;0;0;0;1;0;1;1;0;0;1;1;0;0;0;24.26796
0;1;1;0;0;1;0;1;0;1;0;0;0;1;1;0;0;1;0;0;0;1;0;0;0;0;0;1;0;1;1;0;0;1;1;0;0;0;22.8139
0;1;1;0;0;1;0;0;1;1;0;0;0;1;1;0;0;1;0;0;0;1;0;0;0;0;0;1;0;1;1;0;0;1;1;0;0;0;27.0718666666667
0;1;1;0;0;1;1;0;0;1;0;0;0;1;1;0;1;0;0;0;0;1;0;0;0;0;0;0;1;1;1;0;0;1;1;0;0;0;28.70866
0;1;1;0;0;1;0;1;0;1;0;0;0;1;1;0;1;0;0;0;0;1;0;0;0;0;0;0;1;1;1;0;0;1;1;0;0;0;24.26722
0;1;1;0;0;1;0;1;0;1;0;0;0;1;1;0;0;1;0;0;0;1;0;0;0;0;0;0;1;1;1;0;0;1;1;0;0;0;20.2043666666667
0;1;1;0;0;1;1;0;0;1;1;0;0;0;1;0;1;0;0;0;0;1;1;0;0;0;0;0;0;1;0;1;0;1;1;0;0;0;20.99986
0;1;1;0;0;1;0;1;0;1;1;0;0;0;1;0;1;0;0;0;0;1;1;0;0;0;0;0;0;1;0;1;0;1;1;0;0;0;24.36008
0;1;1;0;0;1;1;0;0;1;0;0;0;1;1;0;1;0;0;0;0;1;1;0;0;0;0;0;0;1;0;1;0;1;1;0;0;0;19.3310333333333
0;1;1;0;0;1;0;1;0;1;0;0;0;1;1;0;1;0;0;0;0;1;1;0;0;0;0;0;0;1;0;1;0;1;1;0;0;0;19.64632
0;1;1;0;0;1;0;1;0;1;1;0;0;0;1;0;0;1;0;0;0;1;1;0;0;0;0;0;0;1;0;1;0;1;1;0;0;0;28.5534
0;1;1;0;0;1;0;1;0;1;0;0;0;1;1;0;0;1;0;0;0;1;1;0;0;0;0;0;0;1;0;1;0;1;1;0;0;0;31.31354
0;1;1;0;0;1;0;1;0;1;0;0;0;1;1;0;0;1;0;0;0;1;0;1;0;0;0;0;0;1;0;1;0;1;1;0;0;0;17.6409333333333
0;1;1;0;0;1;0;1;0;1;0;0;0;1;1;0;0;1;0;0;0;1;0;0;1;0;0;0;0;1;0;1;0;1;1;0;0;0;27.84284
0;1;1;0;0;1;0;1;0;1;0;0;0;1;1;0;0;1;0;0;0;1;0;0;0;1;0;0;0;1;0;1;0;1;1;0;0;0;26.07138
0;1;1;0;0;1;0;1;0;1;0;0;0;1;1;0;0;1;0;0;0;1;0;0;0;0;1;0;0;1;0;1;0;1;1;0;0;0;29.07418
0;1;1;0;0;1;0;1;0;1;1;0;0;0;1;0;0;1;0;0;0;1;0;0;0;0;0;1;0;1;0;1;0;1;1;0;0;0;25.7863
0;1;1;0;0;1;0;1;0;1;0;0;1;0;1;0;0;1;0;0;0;1;0;0;0;0;0;1;0;1;0;1;0;1;1;0;0;0;27.3604
0;1;1;0;0;1;1;0;0;1;0;0;0;1;1;0;0;1;0;0;0;1;0;0;0;0;0;1;0;1;0;1;0;1;1;0;0;0;26.1030333333333
0;1;1;0;0;1;0;1;0;1;0;0;0;1;1;0;0;1;0;0;0;1;0;0;0;0;0;1;0;1;0;1;0;1;1;0;0;0;24.37462
0;1;1;0;0;1;0;0;1;1;0;0;0;1;1;0;0;1;0;0;0;1;0;0;0;0;0;1;0;1;0;1;0;1;1;0;0;0;21.2519333333333
0;1;1;0;0;1;0;1;0;1;0;0;0;1;1;0;0;1;0;0;0;1;0;0;0;0;0;0;1;1;0;1;0;1;1;0;0;0;24.2848
0;1;1;0;0;1;0;1;0;1;1;0;0;0;1;0;0;1;0;0;0;1;1;0;0;0;0;0;0;1;0;0;1;1;1;0;0;0;29.6088666666667
0;1;1;0;0;1;0;1;0;1;0;0;0;1;1;0;0;1;0;0;0;1;1;0;0;0;0;0;0;1;0;0;1;1;1;0;0;0;28.9849333333333
0;1;1;0;0;1;0;1;0;1;0;0;0;1;1;0;0;1;0;0;0;1;0;1;0;0;0;0;0;1;0;0;1;1;1;0;0;0;18.81802
0;1;1;0;0;1;0;1;0;1;0;0;0;1;1;0;0;1;0;0;0;1;0;0;1;0;0;0;0;1;0;0;1;1;1;0;0;0;26.3263
0;1;1;0;0;1;0;1;0;1;0;0;0;1;1;0;0;1;0;0;0;1;0;0;0;1;0;0;0;1;0;0;1;1;1;0;0;0;27.07686
0;1;1;0;0;1;0;1;0;1;0;0;0;1;1;0;0;1;0;0;0;1;0;0;0;0;1;0;0;1;0;0;1;1;1;0;0;0;29.4373
0;1;1;0;0;1;0;1;0;1;1;0;0;0;1;0;0;1;0;0;0;1;0;0;0;0;0;1;0;1;0;0;1;1;1;0;0;0;30.5251333333333
0;1;1;0;0;1;1;0;0;1;0;0;0;1;1;0;0;1;0;0;0;1;0;0;0;0;0;1;0;1;0;0;1;1;1;0;0;0;25.4482666666667
0;1;1;0;0;1;0;1;0;1;0;0;0;1;1;0;0;1;0;0;0;1;0;0;0;0;0;1;0;1;0;0;1;1;1;0;0;0;24.03232
0;1;1;0;0;1;0;0;1;1;0;0;0;1;1;0;0;1;0;0;0;1;0;0;0;0;0;1;0;1;0;0;1;1;1;0;0;0;23.7246333333333
0;1;1;0;0;1;0;1;0;1;0;0;0;1;1;0;0;1;0;0;0;1;0;0;0;0;0;0;1;1;0;0;1;1;1;0;0;0;24.1353333333333
0;1;1;0;0;1;0;1;0;1;0;0;1;0;1;1;0;0;0;0;0;1;1;0;0;0;0;0;0;1;1;0;0;1;0;1;0;0;24.46412
0;1;1;0;0;1;1;0;0;1;0;0;0;1;1;0;1;0;0;0;0;1;1;0;0;0;0;0;0;1;1;0;0;1;0;1;0;0;19.2058
0;1;1;0;0;1;0;1;0;1;0;0;0;1;1;0;1;0;0;0;0;1;1;0;0;0;0;0;0;1;1;0;0;1;0;1;0;0;24.76532
0;1;1;0;0;1;0;1;0;1;0;0;1;0;1;0;0;0;0;0;1;1;1;0;0;0;0;0;0;1;1;0;0;1;0;1;0;0;57.4768
0;1;1;0;0;1;1;0;0;1;0;0;0;1;1;0;1;0;0;0;0;1;0;0;0;0;0;0;1;1;1;0;0;1;0;1;0;0;27.24132
0;1;1;0;0;1;0;1;0;1;0;0;0;1;1;0;1;0;0;0;0;1;0;0;0;0;0;0;1;1;1;0;0;1;0;1;0;0;24.2485666666667
0;1;1;0;0;1;1;0;0;1;0;0;1;0;1;1;0;0;0;0;0;1;1;0;0;0;0;0;0;1;0;1;0;1;0;1;0;0;15.7940333333333
0;1;1;0;0;1;0;1;0;1;0;0;1;0;1;1;0;0;0;0;0;1;1;0;0;0;0;0;0;1;0;1;0;1;0;1;0;0;24.09838
0;1;1;0;0;1;0;0;1;1;0;0;1;0;1;1;0;0;0;0;0;1;1;0;0;0;0;0;0;1;0;1;0;1;0;1;0;0;22.56208
0;1;1;0;0;1;1;0;0;1;0;0;0;1;1;0;1;0;0;0;0;1;1;0;0;0;0;0;0;1;0;1;0;1;0;1;0;0;22.89914
0;1;1;0;0;1;0;1;0;1;0;0;0;1;1;0;1;0;0;0;0;1;1;0;0;0;0;0;0;1;0;1;0;1;0;1;0;0;19.69854
0;1;1;0;0;1;1;0;0;1;0;0;1;0;1;0;0;0;0;0;1;1;1;0;0;0;0;0;0;1;0;1;0;1;0;1;0;0;54.473
0;1;1;0;0;1;0;1;0;1;0;0;1;0;1;0;0;0;0;0;1;1;1;0;0;0;0;0;0;1;0;1;0;1;0;1;0;0;57.0177333333333
0;1;1;0;0;1;0;0;1;1;0;0;1;0;1;0;0;0;0;0;1;1;1;0;0;0;0;0;0;1;0;1;0;1;0;1;0;0;59.7924666666667
0;1;1;0;0;1;0;1;0;1;0;0;1;0;1;1;0;0;0;0;0;1;1;0;0;0;0;0;0;1;0;0;1;1;0;1;0;0;24.2401
0;1;1;0;0;1;0;1;0;1;0;0;1;0;1;0;0;0;0;0;1;1;1;0;0;0;0;0;0;1;0;0;1;1;0;1;0;0;58.0053666666667
0;1;1;0;0;1;0;1;0;1;0;1;0;0;1;1;0;0;0;0;0;1;1;0;0;0;0;0;0;1;1;0;0;1;0;0;1;0;22.042
0;1;1;0;0;1;0;1;0;1;0;0;1;0;1;1;0;0;0;0;0;1;1;0;0;0;0;0;0;1;1;0;0;1;0;0;1;0;24.0108
0;1;1;0;0;1;0;1;0;1;0;1;0;0;1;0;0;0;0;0;1;1;1;0;0;0;0;0;0;1;1;0;0;1;0;0;1;0;57.5169333333333
0;1;1;0;0;1;0;1;0;1;0;0;1;0;1;0;0;0;0;0;1;1;1;0;0;0;0;0;0;1;1;0;0;1;0;0;1;0;57.5454
0;1;1;0;0;1;1;0;0;1;0;0;1;0;1;1;0;0;0;0;0;1;1;0;0;0;0;0;0;1;0;1;0;1;0;0;1;0;23.7698
0;1;1;0;0;1;0;1;0;1;0;0;1;0;1;1;0;0;0;0;0;1;1;0;0;0;0;0;0;1;0;1;0;1;0;0;1;0;25.66718
0;1;1;0;0;1;0;0;1;1;0;0;1;0;1;1;0;0;0;0;0;1;1;0;0;0;0;0;0;1;0;1;0;1;0;0;1;0;24.03724
0;1;1;0;0;1;1;0;0;1;0;0;1;0;1;0;0;0;0;0;1;1;1;0;0;0;0;0;0;1;0;1;0;1;0;0;1;0;56.9074666666667
0;1;1;0;0;1;0;1;0;1;0;0;1;0;1;0;0;0;0;0;1;1;1;0;0;0;0;0;0;1;0;1;0;1;0;0;1;0;55.1066333333333
0;1;1;0;0;1;0;0;1;1;0;0;1;0;1;0;0;0;0;0;1;1;1;0;0;0;0;0;0;1;0;1;0;1;0;0;1;0;56.1309333333333
0;1;1;0;0;1;0;1;0;1;0;0;1;0;1;1;0;0;0;0;0;1;1;0;0;0;0;0;0;1;0;0;1;1;0;0;1;0;24.2963666666667
0;1;1;0;0;1;0;1;0;1;0;0;1;0;1;0;0;0;0;0;1;1;1;0;0;0;0;0;0;1;0;0;1;1;0;0;1;0;56.1409
0;1;1;0;0;1;0;1;0;1;0;0;1;0;1;1;0;0;0;0;0;1;1;0;0;0;0;0;0;1;1;0;0;1;0;0;0;1;24.73332
0;1;1;0;0;1;0;1;0;1;0;0;1;0;1;0;0;0;0;0;1;1;1;0;0;0;0;0;0;1;1;0;0;1;0;0;0;1;57.2894
0;1;1;0;0;1;1;0;0;1;0;0;1;0;1;1;0;0;0;0;0;1;1;0;0;0;0;0;0;1;0;1;0;1;0;0;0;1;23.2344666666667
0;1;1;0;0;1;0;1;0;1;0;0;1;0;1;1;0;0;0;0;0;1;1;0;0;0;0;0;0;1;0;1;0;1;0;0;0;1;24.5295
0;1;1;0;0;1;0;0;1;1;0;0;1;0;1;1;0;0;0;0;0;1;1;0;0;0;0;0;0;1;0;1;0;1;0;0;0;1;22.24022
0;1;1;0;0;1;0;1;0;1;0;0;1;0;1;0;0;0;0;0;1;1;1;0;0;0;0;0;0;1;0;1;0;1;0;0;0;1;55.7793333333333
0;1;1;0;0;1;0;0;1;1;0;0;1;0;1;0;0;0;0;0;1;1;1;0;0;0;0;0;0;1;0;1;0;1;0;0;0;1;57.6102
0;1;1;0;0;1;0;1;0;1;0;0;1;0;1;1;0;0;0;0;0;1;1;0;0;0;0;0;0;1;0;0;1;1;0;0;0;1;24.6992
0;1;1;0;0;1;0;1;0;1;0;0;1;0;1;0;0;0;0;0;1;1;1;0;0;0;0;0;0;1;0;0;1;1;0;0;0;1;56.7275333333333
0;1;0;1;0;1;1;0;0;1;1;0;0;0;1;1;0;0;0;0;0;1;1;0;0;0;0;0;0;1;1;0;0;1;1;0;0;0;31.9808666666667
0;1;0;1;0;1;0;1;0;1;1;0;0;0;1;1;0;0;0;0;0;1;1;0;0;0;0;0;0;1;1;0;0;1;1;0;0;0;31.7022333333333
0;1;0;1;0;1;0;0;1;1;1;0;0;0;1;1;0;0;0;0;0;1;1;0;0;0;0;0;0;1;1;0;0;1;1;0;0;0;33.4552333333333
0;1;0;1;0;1;1;0;0;1;0;1;0;0;1;1;0;0;0;0;0;1;1;0;0;0;0;0;0;1;1;0;0;1;1;0;0;0;31.9896666666667
0;1;0;1;0;1;0;1;0;1;0;1;0;0;1;1;0;0;0;0;0;1;1;0;0;0;0;0;0;1;1;0;0;1;1;0;0;0;32.3806
0;1;0;1;0;1;0;0;1;1;0;1;0;0;1;1;0;0;0;0;0;1;1;0;0;0;0;0;0;1;1;0;0;1;1;0;0;0;32.5283333333333
0;1;0;1;0;1;1;0;0;1;0;0;1;0;1;1;0;0;0;0;0;1;1;0;0;0;0;0;0;1;1;0;0;1;1;0;0;0;32.7887
0;1;0;1;0;1;0;1;0;1;0;0;1;0;1;1;0;0;0;0;0;1;1;0;0;0;0;0;0;1;1;0;0;1;1;0;0;0;32.2750666666667
0;1;0;1;0;1;0;0;1;1;0;0;1;0;1;1;0;0;0;0;0;1;1;0;0;0;0;0;0;1;1;0;0;1;1;0;0;0;32.7596666666667
0;1;0;1;0;1;1;0;0;1;0;0;0;1;1;1;0;0;0;0;0;1;1;0;0;0;0;0;0;1;1;0;0;1;1;0;0;0;31.9145
0;1;0;1;0;1;0;1;0;1;0;0;0;1;1;1;0;0;0;0;0;1;1;0;0;0;0;0;0;1;1;0;0;1;1;0;0;0;31.9483333333333
0;1;0;1;0;1;0;0;1;1;0;0;0;1;1;1;0;0;0;0;0;1;1;0;0;0;0;0;0;1;1;0;0;1;1;0;0;0;37.67178
0;1;0;1;0;1;1;0;0;1;1;0;0;0;1;0;1;0;0;0;0;1;1;0;0;0;0;0;0;1;1;0;0;1;1;0;0;0;40.0566666666667
0;1;0;1;0;1;0;1;0;1;1;0;0;0;1;0;1;0;0;0;0;1;1;0;0;0;0;0;0;1;1;0;0;1;1;0;0;0;41.2973333333333
0;1;0;1;0;1;1;0;0;1;0;1;0;0;1;0;1;0;0;0;0;1;1;0;0;0;0;0;0;1;1;0;0;1;1;0;0;0;39.3174333333333
0;1;0;1;0;1;0;1;0;1;0;1;0;0;1;0;1;0;0;0;0;1;1;0;0;0;0;0;0;1;1;0;0;1;1;0;0;0;39.8509666666667
0;1;0;1;0;1;1;0;0;1;0;0;1;0;1;0;1;0;0;0;0;1;1;0;0;0;0;0;0;1;1;0;0;1;1;0;0;0;39.8708333333333
0;1;0;1;0;1;0;1;0;1;0;0;1;0;1;0;1;0;0;0;0;1;1;0;0;0;0;0;0;1;1;0;0;1;1;0;0;0;40.5079
0;1;0;1;0;1;0;0;1;1;0;0;1;0;1;0;1;0;0;0;0;1;1;0;0;0;0;0;0;1;1;0;0;1;1;0;0;0;41.4834333333333
0;1;0;1;0;1;1;0;0;1;0;0;0;1;1;0;1;0;0;0;0;1;1;0;0;0;0;0;0;1;1;0;0;1;1;0;0;0;39.7372666666667
0;1;0;1;0;1;0;1;0;1;0;0;0;1;1;0;1;0;0;0;0;1;1;0;0;0;0;0;0;1;1;0;0;1;1;0;0;0;41.1205666666667
0;1;0;1;0;1;0;1;0;1;1;0;0;0;1;0;0;1;0;0;0;1;1;0;0;0;0;0;0;1;1;0;0;1;1;0;0;0;61.0464666666667
0;1;0;1;0;1;0;1;0;1;0;1;0;0;1;0;0;1;0;0;0;1;1;0;0;0;0;0;0;1;1;0;0;1;1;0;0;0;62.2413333333333
0;1;0;1;0;1;0;1;0;1;0;0;1;0;1;0;0;1;0;0;0;1;1;0;0;0;0;0;0;1;1;0;0;1;1;0;0;0;61.3034666666667
0;1;0;1;0;1;0;1;0;1;0;0;0;1;1;0;0;1;0;0;0;1;1;0;0;0;0;0;0;1;1;0;0;1;1;0;0;0;59.4728333333333
0;1;0;1;0;1;0;1;0;1;1;0;0;0;1;0;0;0;1;0;0;1;1;0;0;0;0;0;0;1;1;0;0;1;1;0;0;0;85.7147666666666
0;1;0;1;0;1;0;1;0;1;0;0;1;0;1;0;0;0;1;0;0;1;1;0;0;0;0;0;0;1;1;0;0;1;1;0;0;0;85.6762
0;1;0;1;0;1;0;1;0;1;0;0;0;1;1;0;0;0;1;0;0;1;1;0;0;0;0;0;0;1;1;0;0;1;1;0;0;0;86.476
0;1;0;1;0;1;0;1;0;1;0;0;0;1;1;0;0;1;0;0;0;1;0;1;0;0;0;0;0;1;1;0;0;1;1;0;0;0;35.61256
0;1;0;1;0;1;0;1;0;1;0;0;0;1;1;0;0;1;0;0;0;1;0;0;1;0;0;0;0;1;1;0;0;1;1;0;0;0;63.8852666666667
0;1;0;1;0;1;0;1;0;1;0;0;0;1;1;0;0;1;0;0;0;1;0;0;0;1;0;0;0;1;1;0;0;1;1;0;0;0;70.2769
0;1;0;1;0;1;0;1;0;1;0;0;0;1;1;0;0;1;0;0;0;1;0;0;0;0;1;0;0;1;1;0;0;1;1;0;0;0;72.2793
0;1;0;1;0;1;0;1;0;1;1;0;0;0;1;0;0;1;0;0;0;1;0;0;0;0;0;1;0;1;1;0;0;1;1;0;0;0;72.3955666666667
0;1;0;1;0;1;0;1;0;1;0;0;1;0;1;0;0;1;0;0;0;1;0;0;0;0;0;1;0;1;1;0;0;1;1;0;0;0;73.3727666666667
0;1;0;1;0;1;1;0;0;1;0;0;0;1;1;0;0;1;0;0;0;1;0;0;0;0;0;1;0;1;1;0;0;1;1;0;0;0;74.852
0;1;0;1;0;1;0;1;0;1;0;0;0;1;1;0;0;1;0;0;0;1;0;0;0;0;0;1;0;1;1;0;0;1;1;0;0;0;71.9627333333333
0;1;0;1;0;1;0;0;1;1;0;0;0;1;1;0;0;1;0;0;0;1;0;0;0;0;0;1;0;1;1;0;0;1;1;0;0;0;68.5525333333333
0;1;0;1;0;1;1;0;0;1;0;0;0;1;1;0;1;0;0;0;0;1;0;0;0;0;0;0;1;1;1;0;0;1;1;0;0;0;44.3491666666667
0;1;0;1;0;1;0;1;0;1;0;0;0;1;1;0;1;0;0;0;0;1;0;0;0;0;0;0;1;1;1;0;0;1;1;0;0;0;41.6622
0;1;0;1;0;1;0;1;0;1;0;0;0;1;1;0;0;1;0;0;0;1;0;0;0;0;0;0;1;1;1;0;0;1;1;0;0;0;71.8109
0;1;0;1;0;1;1;0;0;1;1;0;0;0;1;0;1;0;0;0;0;1;1;0;0;0;0;0;0;1;0;1;0;1;1;0;0;0;40.7221
0;1;0;1;0;1;0;1;0;1;1;0;0;0;1;0;1;0;0;0;0;1;1;0;0;0;0;0;0;1;0;1;0;1;1;0;0;0;40.6849
0;1;0;1;0;1;1;0;0;1;0;0;0;1;1;0;1;0;0;0;0;1;1;0;0;0;0;0;0;1;0;1;0;1;1;0;0;0;39.7236
0;1;0;1;0;1;0;1;0;1;0;0;0;1;1;0;1;0;0;0;0;1;1;0;0;0;0;0;0;1;0;1;0;1;1;0;0;0;41.8000666666667
0;1;0;1;0;1;0;1;0;1;1;0;0;0;1;0;0;1;0;0;0;1;1;0;0;0;0;0;0;1;0;1;0;1;1;0;0;0;61.6634666666667
0;1;0;1;0;1;0;1;0;1;0;0;0;1;1;0;0;1;0;0;0;1;1;0;0;0;0;0;0;1;0;1;0;1;1;0;0;0;61.2774666666667
0;1;0;1;0;1;0;1;0;1;0;0;0;1;1;0;0;1;0;0;0;1;0;1;0;0;0;0;0;1;0;1;0;1;1;0;0;0;39.17252
0;1;0;1;0;1;0;1;0;1;0;0;0;1;1;0;0;1;0;0;0;1;0;0;1;0;0;0;0;1;0;1;0;1;1;0;0;0;64.7632
0;1;0;1;0;1;0;1;0;1;0;0;0;1;1;0;0;1;0;0;0;1;0;0;0;1;0;0;0;1;0;1;0;1;1;0;0;0;67.7361
0;1;0;1;0;1;0;1;0;1;0;0;0;1;1;0;0;1;0;0;0;1;0;0;0;0;1;0;0;1;0;1;0;1;1;0;0;0;74.6219
0;1;0;1;0;1;0;1;0;1;1;0;0;0;1;0;0;1;0;0;0;1;0;0;0;0;0;1;0;1;0;1;0;1;1;0;0;0;72.7690333333333
0;1;0;1;0;1;0;1;0;1;0;0;1;0;1;0;0;1;0;0;0;1;0;0;0;0;0;1;0;1;0;1;0;1;1;0;0;0;73.1436
0;1;0;1;0;1;1;0;0;1;0;0;0;1;1;0;0;1;0;0;0;1;0;0;0;0;0;1;0;1;0;1;0;1;1;0;0;0;75.3923
0;1;0;1;0;1;0;1;0;1;0;0;0;1;1;0;0;1;0;0;0;1;0;0;0;0;0;1;0;1;0;1;0;1;1;0;0;0;72.2314666666667
0;1;0;1;0;1;0;0;1;1;0;0;0;1;1;0;0;1;0;0;0;1;0;0;0;0;0;1;0;1;0;1;0;1;1;0;0;0;65.9032
0;1;0;1;0;1;0;1;0;1;0;0;0;1;1;0;0;1;0;0;0;1;0;0;0;0;0;0;1;1;0;1;0;1;1;0;0;0;71.9745
0;1;0;1;0;1;0;1;0;1;1;0;0;0;1;0;0;1;0;0;0;1;1;0;0;0;0;0;0;1;0;0;1;1;1;0;0;0;60.3129
0;1;0;1;0;1;0;1;0;1;0;0;0;1;1;0;0;1;0;0;0;1;1;0;0;0;0;0;0;1;0;0;1;1;1;0;0;0;61.4352
0;1;0;1;0;1;0;1;0;1;0;0;0;1;1;0;0;1;0;0;0;1;0;1;0;0;0;0;0;1;0;0;1;1;1;0;0;0;39.1938
0;1;0;1;0;1;0;1;0;1;0;0;0;1;1;0;0;1;0;0;0;1;0;0;1;0;0;0;0;1;0;0;1;1;1;0;0;0;67.5641333333333
0;1;0;1;0;1;0;1;0;1;0;0;0;1;1;0;0;1;0;0;0;1;0;0;0;1;0;0;0;1;0;0;1;1;1;0;0;0;69.0975333333333
0;1;0;1;0;1;0;1;0;1;0;0;0;1;1;0;0;1;0;0;0;1;0;0;0;0;1;0;0;1;0;0;1;1;1;0;0;0;73.4247666666667
0;1;0;1;0;1;0;1;0;1;1;0;0;0;1;0;0;1;0;0;0;1;0;0;0;0;0;1;0;1;0;0;1;1;1;0;0;0;72.1230666666667
0;1;0;1;0;1;1;0;0;1;0;0;0;1;1;0;0;1;0;0;0;1;0;0;0;0;0;1;0;1;0;0;1;1;1;0;0;0;75.4152666666667
0;1;0;1;0;1;0;1;0;1;0;0;0;1;1;0;0;1;0;0;0;1;0;0;0;0;0;1;0;1;0;0;1;1;1;0;0;0;74.1346
0;1;0;1;0;1;0;0;1;1;0;0;0;1;1;0;0;1;0;0;0;1;0;0;0;0;0;1;0;1;0;0;1;1;1;0;0;0;69.9591333333333
0;1;0;1;0;1;0;1;0;1;0;0;0;1;1;0;0;1;0;0;0;1;0;0;0;0;0;0;1;1;0;0;1;1;1;0;0;0;71.3841333333333
0;1;0;1;0;1;0;1;0;1;0;0;1;0;1;1;0;0;0;0;0;1;1;0;0;0;0;0;0;1;1;0;0;1;0;1;0;0;32.0081666666667
0;1;0;1;0;1;1;0;0;1;0;0;0;1;1;0;1;0;0;0;0;1;1;0;0;0;0;0;0;1;1;0;0;1;0;1;0;0;39.4877
0;1;0;1;0;1;0;1;0;1;0;0;0;1;1;0;1;0;0;0;0;1;1;0;0;0;0;0;0;1;1;0;0;1;0;1;0;0;40.1420333333333
0;1;0;1;0;1;0;1;0;1;0;0;1;0;1;0;0;0;0;0;1;1;1;0;0;0;0;0;0;1;1;0;0;1;0;1;0;0;470.646333333333
0;1;0;1;0;1;1;0;0;1;0;0;0;1;1;0;1;0;0;0;0;1;0;0;0;0;0;0;1;1;1;0;0;1;0;1;0;0;41.2085666666667
0;1;0;1;0;1;0;1;0;1;0;0;0;1;1;0;1;0;0;0;0;1;0;0;0;0;0;0;1;1;1;0;0;1;0;1;0;0;41.5878
0;1;0;1;0;1;1;0;0;1;0;0;1;0;1;1;0;0;0;0;0;1;1;0;0;0;0;0;0;1;0;1;0;1;0;1;0;0;32.3440333333333
0;1;0;1;0;1;0;1;0;1;0;0;1;0;1;1;0;0;0;0;0;1;1;0;0;0;0;0;0;1;0;1;0;1;0;1;0;0;33.0914333333333
0;1;0;1;0;1;0;0;1;1;0;0;1;0;1;1;0;0;0;0;0;1;1;0;0;0;0;0;0;1;0;1;0;1;0;1;0;0;32.9459666666667
0;1;0;1;0;1;1;0;0;1;0;0;0;1;1;0;1;0;0;0;0;1;1;0;0;0;0;0;0;1;0;1;0;1;0;1;0;0;40.7434666666667
0;1;0;1;0;1;0;1;0;1;0;0;0;1;1;0;1;0;0;0;0;1;1;0;0;0;0;0;0;1;0;1;0;1;0;1;0;0;42.2650666666667
0;1;0;1;0;1;1;0;0;1;0;0;1;0;1;0;0;0;0;0;1;1;1;0;0;0;0;0;0;1;0;1;0;1;0;1;0;0;475.589333333333
0;1;0;1;0;1;0;1;0;1;0;0;1;0;1;0;0;0;0;0;1;1;1;0;0;0;0;0;0;1;0;1;0;1;0;1;0;0;490.758766666667
0;1;0;1;0;1;0;0;1;1;0;0;1;0;1;0;0;0;0;0;1;1;1;0;0;0;0;0;0;1;0;1;0;1;0;1;0;0;488.347166666667
0;1;0;1;0;1;0;1;0;1;0;0;1;0;1;1;0;0;0;0;0;1;1;0;0;0;0;0;0;1;0;0;1;1;0;1;0;0;32.4071333333333
0;1;0;1;0;1;0;1;0;1;0;0;1;0;1;0;0;0;0;0;1;1;1;0;0;0;0;0;0;1;0;0;1;1;0;1;0;0;467.426766666666
0;1;0;1;0;1;0;1;0;1;0;1;0;0;1;1;0;0;0;0;0;1;1;0;0;0;0;0;0;1;1;0;0;1;0;0;1;0;32.9771333333333
0;1;0;1;0;1;0;1;0;1;0;0;1;0;1;1;0;0;0;0;0;1;1;0;0;0;0;0;0;1;1;0;0;1;0;0;1;0;31.9328333333333
0;1;0;1;0;1;0;1;0;1;0;1;0;0;1;0;0;0;0;0;1;1;1;0;0;0;0;0;0;1;1;0;0;1;0;0;1;0;475.020633333333
0;1;0;1;0;1;0;1;0;1;0;0;1;0;1;0;0;0;0;0;1;1;1;0;0;0;0;0;0;1;1;0;0;1;0;0;1;0;480.3931
0;1;0;1;0;1;1;0;0;1;0;0;1;0;1;1;0;0;0;0;0;1;1;0;0;0;0;0;0;1;0;1;0;1;0;0;1;0;32.2560333333333
0;1;0;1;0;1;0;1;0;1;0;0;1;0;1;1;0;0;0;0;0;1;1;0;0;0;0;0;0;1;0;1;0;1;0;0;1;0;32.9389
0;1;0;1;0;1;0;0;1;1;0;0;1;0;1;1;0;0;0;0;0;1;1;0;0;0;0;0;0;1;0;1;0;1;0;0;1;0;33.5313666666667
0;1;0;1;0;1;1;0;0;1;0;0;1;0;1;0;0;0;0;0;1;1;1;0;0;0;0;0;0;1;0;1;0;1;0;0;1;0;463.9437
0;1;0;1;0;1;0;1;0;1;0;0;1;0;1;0;0;0;0;0;1;1;1;0;0;0;0;0;0;1;0;1;0;1;0;0;1;0;474.953566666667
0;1;0;1;0;1;0;0;1;1;0;0;1;0;1;0;0;0;0;0;1;1;1;0;0;0;0;0;0;1;0;1;0;1;0;0;1;0;485.396033333333
0;1;0;1;0;1;1;0;0;1;0;0;1;0;1;1;0;0;0;0;0;1;1;0;0;0;0;0;0;1;0;0;1;1;0;0;1;0;32.9912333333333
0;1;0;1;0;1;0;1;0;1;0;0;1;0;1;1;0;0;0;0;0;1;1;0;0;0;0;0;0;1;0;0;1;1;0;0;1;0;34.3356
0;1;0;1;0;1;0;1;0;1;0;0;1;0;1;0;0;0;0;0;1;1;1;0;0;0;0;0;0;1;0;0;1;1;0;0;1;0;473.3199
0;1;0;1;0;1;0;1;0;1;0;0;1;0;1;1;0;0;0;0;0;1;1;0;0;0;0;0;0;1;1;0;0;1;0;0;0;1;32.9618333333333
0;1;0;1;0;1;0;1;0;1;0;0;1;0;1;0;0;0;0;0;1;1;1;0;0;0;0;0;0;1;1;0;0;1;0;0;0;1;469.580066666667
0;1;0;1;0;1;1;0;0;1;0;0;1;0;1;1;0;0;0;0;0;1;1;0;0;0;0;0;0;1;0;1;0;1;0;0;0;1;34.0222333333333
0;1;0;1;0;1;0;1;0;1;0;0;1;0;1;1;0;0;0;0;0;1;1;0;0;0;0;0;0;1;0;1;0;1;0;0;0;1;32.5866333333333
0;1;0;1;0;1;0;0;1;1;0;0;1;0;1;1;0;0;0;0;0;1;1;0;0;0;0;0;0;1;0;1;0;1;0;0;0;1;32.8276666666667
0;1;0;1;0;1;0;1;0;1;0;0;1;0;1;0;0;0;0;0;1;1;1;0;0;0;0;0;0;1;0;1;0;1;0;0;0;1;486.342066666667
0;1;0;1;0;1;0;0;1;1;0;0;1;0;1;0;0;0;0;0;1;1;1;0;0;0;0;0;0;1;0;1;0;1;0;0;0;1;488.3245
0;1;0;1;0;1;0;1;0;1;0;0;1;0;1;1;0;0;0;0;0;1;1;0;0;0;0;0;0;1;0;0;1;1;0;0;0;1;35.2503666666667
0;1;0;1;0;1;0;1;0;1;0;0;1;0;1;0;0;0;0;0;1;1;1;0;0;0;0;0;0;1;0;0;1;1;0;0;0;1;489.7415
0;1;1;1;0;1;1;0;0;1;1;0;0;0;1;1;0;0;0;0;0;1;1;0;0;0;0;0;0;1;1;0;0;1;1;0;0;0;32.2830666666667
0;1;1;1;0;1;0;1;0;1;1;0;0;0;1;1;0;0;0;0;0;1;1;0;0;0;0;0;0;1;1;0;0;1;1;0;0;0;32.7382
0;1;1;1;0;1;0;0;1;1;1;0;0;0;1;1;0;0;0;0;0;1;1;0;0;0;0;0;0;1;1;0;0;1;1;0;0;0;34.0432333333333
0;1;1;1;0;1;1;0;0;1;0;1;0;0;1;1;0;0;0;0;0;1;1;0;0;0;0;0;0;1;1;0;0;1;1;0;0;0;32.6619333333333
0;1;1;1;0;1;0;1;0;1;0;1;0;0;1;1;0;0;0;0;0;1;1;0;0;0;0;0;0;1;1;0;0;1;1;0;0;0;35.626
0;1;1;1;0;1;0;0;1;1;0;1;0;0;1;1;0;0;0;0;0;1;1;0;0;0;0;0;0;1;1;0;0;1;1;0;0;0;34.0119333333333
0;1;1;1;0;1;1;0;0;1;0;0;1;0;1;1;0;0;0;0;0;1;1;0;0;0;0;0;0;1;1;0;0;1;1;0;0;0;33.0868666666667
0;1;1;1;0;1;0;1;0;1;0;0;1;0;1;1;0;0;0;0;0;1;1;0;0;0;0;0;0;1;1;0;0;1;1;0;0;0;32.1657666666667
0;1;1;1;0;1;0;0;1;1;0;0;1;0;1;1;0;0;0;0;0;1;1;0;0;0;0;0;0;1;1;0;0;1;1;0;0;0;33.5600333333333
0;1;1;1;0;1;1;0;0;1;0;0;0;1;1;1;0;0;0;0;0;1;1;0;0;0;0;0;0;1;1;0;0;1;1;0;0;0;32.4356
0;1;1;1;0;1;0;1;0;1;0;0;0;1;1;1;0;0;0;0;0;1;1;0;0;0;0;0;0;1;1;0;0;1;1;0;0;0;34.6719666666667
0;1;1;1;0;1;0;0;1;1;0;0;0;1;1;1;0;0;0;0;0;1;1;0;0;0;0;0;0;1;1;0;0;1;1;0;0;0;36.4416666666667
0;1;1;1;0;1;1;0;0;1;1;0;0;0;1;0;1;0;0;0;0;1;1;0;0;0;0;0;0;1;1;0;0;1;1;0;0;0;41.2986666666667
0;1;1;1;0;1;0;1;0;1;1;0;0;0;1;0;1;0;0;0;0;1;1;0;0;0;0;0;0;1;1;0;0;1;1;0;0;0;41.393
0;1;1;1;0;1;0;1;0;1;0;1;0;0;1;0;1;0;0;0;0;1;1;0;0;0;0;0;0;1;1;0;0;1;1;0;0;0;41.4482666666667
0;1;1;1;0;1;1;0;0;1;0;0;1;0;1;0;1;0;0;0;0;1;1;0;0;0;0;0;0;1;1;0;0;1;1;0;0;0;41.4269666666667
0;1;1;1;0;1;0;1;0;1;0;0;1;0;1;0;1;0;0;0;0;1;1;0;0;0;0;0;0;1;1;0;0;1;1;0;0;0;41.1328
0;1;1;1;0;1;1;0;0;1;0;0;0;1;1;0;1;0;0;0;0;1;1;0;0;0;0;0;0;1;1;0;0;1;1;0;0;0;43.1494333333333
0;1;1;1;0;1;0;1;0;1;0;0;0;1;1;0;1;0;0;0;0;1;1;0;0;0;0;0;0;1;1;0;0;1;1;0;0;0;42.7277
0;1;1;1;0;1;0;1;0;1;1;0;0;0;1;0;0;1;0;0;0;1;1;0;0;0;0;0;0;1;1;0;0;1;1;0;0;0;63.3017
0;1;1;1;0;1;0;1;0;1;0;1;0;0;1;0;0;1;0;0;0;1;1;0;0;0;0;0;0;1;1;0;0;1;1;0;0;0;65.2536666666667
0;1;1;1;0;1;0;1;0;1;0;0;1;0;1;0;0;1;0;0;0;1;1;0;0;0;0;0;0;1;1;0;0;1;1;0;0;0;64.2911333333333
0;1;1;1;0;1;0;1;0;1;0;0;0;1;1;0;0;1;0;0;0;1;1;0;0;0;0;0;0;1;1;0;0;1;1;0;0;0;63.8130333333333
0;1;1;1;0;1;0;1;0;1;1;0;0;0;1;0;0;0;1;0;0;1;1;0;0;0;0;0;0;1;1;0;0;1;1;0;0;0;90.5414666666666
0;1;1;1;0;1;0;1;0;1;0;0;0;1;1;0;0;0;1;0;0;1;1;0;0;0;0;0;0;1;1;0;0;1;1;0;0;0;91.8104333333333
0;1;1;1;0;1;0;1;0;1;0;0;0;1;1;0;0;1;0;0;0;1;0;1;0;0;0;0;0;1;1;0;0;1;1;0;0;0;34.3228333333333
0;1;1;1;0;1;0;1;0;1;0;0;0;1;1;0;0;1;0;0;0;1;0;0;1;0;0;0;0;1;1;0;0;1;1;0;0;0;65.3654666666667
0;1;1;1;0;1;0;1;0;1;0;0;0;1;1;0;0;1;0;0;0;1;0;0;0;1;0;0;0;1;1;0;0;1;1;0;0;0;69.5886333333333
0;1;1;1;0;1;0;1;0;1;0;0;0;1;1;0;0;1;0;0;0;1;0;0;0;0;1;0;0;1;1;0;0;1;1;0;0;0;68.969
0;1;1;1;0;1;0;1;0;1;1;0;0;0;1;0;0;1;0;0;0;1;0;0;0;0;0;1;0;1;1;0;0;1;1;0;0;0;72.8357
0;1;1;1;0;1;1;0;0;1;0;0;0;1;1;0;0;1;0;0;0;1;0;0;0;0;0;1;0;1;1;0;0;1;1;0;0;0;75.5198666666667
0;1;1;1;0;1;0;1;0;1;0;0;0;1;1;0;0;1;0;0;0;1;0;0;0;0;0;1;0;1;1;0;0;1;1;0;0;0;71.5878333333333
0;1;1;1;0;1;0;0;1;1;0;0;0;1;1;0;0;1;0;0;0;1;0;0;0;0;0;1;0;1;1;0;0;1;1;0;0;0;67.3679333333333
0;1;1;1;0;1;1;0;0;1;0;0;0;1;1;0;1;0;0;0;0;1;0;0;0;0;0;0;1;1;1;0;0;1;1;0;0;0;45.0675333333333
0;1;1;1;0;1;0;1;0;1;0;0;0;1;1;0;1;0;0;0;0;1;0;0;0;0;0;0;1;1;1;0;0;1;1;0;0;0;41.4758333333333
0;1;1;1;0;1;0;1;0;1;0;0;0;1;1;0;0;1;0;0;0;1;0;0;0;0;0;0;1;1;1;0;0;1;1;0;0;0;70.3047333333333
0;1;1;1;0;1;1;0;0;1;1;0;0;0;1;0;1;0;0;0;0;1;1;0;0;0;0;0;0;1;0;1;0;1;1;0;0;0;41.9072666666667
0;1;1;1;0;1;0;1;0;1;1;0;0;0;1;0;1;0;0;0;0;1;1;0;0;0;0;0;0;1;0;1;0;1;1;0;0;0;42.0594666666667
0;1;1;1;0;1;1;0;0;1;0;0;0;1;1;0;1;0;0;0;0;1;1;0;0;0;0;0;0;1;0;1;0;1;1;0;0;0;40.6233
0;1;1;1;0;1;0;1;0;1;0;0;0;1;1;0;1;0;0;0;0;1;1;0;0;0;0;0;0;1;0;1;0;1;1;0;0;0;41.4134
0;1;1;1;0;1;0;1;0;1;0;0;0;1;1;0;0;1;0;0;0;1;1;0;0;0;0;0;0;1;0;1;0;1;1;0;0;0;61.9736333333333
0;1;1;1;0;1;0;1;0;1;0;0;0;1;1;0;0;1;0;0;0;1;0;1;0;0;0;0;0;1;0;1;0;1;1;0;0;0;40.565
0;1;1;1;0;1;0;1;0;1;0;0;0;1;1;0;0;1;0;0;0;1;0;0;1;0;0;0;0;1;0;1;0;1;1;0;0;0;64.7085333333333
0;1;1;1;0;1;0;1;0;1;0;0;0;1;1;0;0;1;0;0;0;1;0;0;0;1;0;0;0;1;0;1;0;1;1;0;0;0;66.9586333333333
0;1;1;1;0;1;0;1;0;1;0;0;0;1;1;0;0;1;0;0;0;1;0;0;0;0;1;0;0;1;0;1;0;1;1;0;0;0;70.1443666666667
0;1;1;1;0;1;0;1;0;1;1;0;0;0;1;0;0;1;0;0;0;1;0;0;0;0;0;1;0;1;0;1;0;1;1;0;0;0;69.9101666666667
0;1;1;1;0;1;1;0;0;1;0;0;0;1;1;0;0;1;0;0;0;1;0;0;0;0;0;1;0;1;0;1;0;1;1;0;0;0;73.4819
0;1;1;1;0;1;0;1;0;1;0;0;0;1;1;0;0;1;0;0;0;1;0;0;0;0;0;1;0;1;0;1;0;1;1;0;0;0;69.7815333333333
0;1;1;1;0;1;0;0;1;1;0;0;0;1;1;0;0;1;0;0;0;1;0;0;0;0;0;1;0;1;0;1;0;1;1;0;0;0;66.7908666666667
0;1;1;1;0;1;0;1;0;1;0;0;0;1;1;0;0;1;0;0;0;1;0;0;0;0;0;0;1;1;0;1;0;1;1;0;0;0;72.6744666666667
0;1;1;1;0;1;0;1;0;1;1;0;0;0;1;0;0;1;0;0;0;1;1;0;0;0;0;0;0;1;0;0;1;1;1;0;0;0;63.9083
0;1;1;1;0;1;0;1;0;1;0;0;0;1;1;0;0;1;0;0;0;1;1;0;0;0;0;0;0;1;0;0;1;1;1;0;0;0;62.6055
0;1;1;1;0;1;0;1;0;1;0;0;0;1;1;0;0;1;0;0;0;1;0;1;0;0;0;0;0;1;0;0;1;1;1;0;0;0;42.11624
0;1;1;1;0;1;0;1;0;1;0;0;0;1;1;0;0;1;0;0;0;1;0;0;1;0;0;0;0;1;0;0;1;1;1;0;0;0;66.8209333333333
0;1;1;1;0;1;0;1;0;1;0;0;0;1;1;0;0;1;0;0;0;1;0;0;0;1;0;0;0;1;0;0;1;1;1;0;0;0;68.3381666666667
0;1;1;1;0;1;0;1;0;1;0;0;0;1;1;0;0;1;0;0;0;1;0;0;0;0;1;0;0;1;0;0;1;1;1;0;0;0;76.4845666666667
0;1;1;1;0;1;0;1;0;1;1;0;0;0;1;0;0;1;0;0;0;1;0;0;0;0;0;1;0;1;0;0;1;1;1;0;0;0;72.8820666666667
0;1;1;1;0;1;1;0;0;1;0;0;0;1;1;0;0;1;0;0;0;1;0;0;0;0;0;1;0;1;0;0;1;1;1;0;0;0;74.4463
0;1;1;1;0;1;0;1;0;1;0;0;0;1;1;0;0;1;0;0;0;1;0;0;0;0;0;1;0;1;0;0;1;1;1;0;0;0;69.9870666666667
0;1;1;1;0;1;0;0;1;1;0;0;0;1;1;0;0;1;0;0;0;1;0;0;0;0;0;1;0;1;0;0;1;1;1;0;0;0;67.0580333333333
0;1;1;1;0;1;0;1;0;1;0;0;0;1;1;0;0;1;0;0;0;1;0;0;0;0;0;0;1;1;0;0;1;1;1;0;0;0;70.2458
0;1;1;1;0;1;0;1;0;1;0;0;1;0;1;1;0;0;0;0;0;1;1;0;0;0;0;0;0;1;1;0;0;1;0;1;0;0;33.1973
0;1;1;1;0;1;1;0;0;1;0;0;0;1;1;0;1;0;0;0;0;1;1;0;0;0;0;0;0;1;1;0;0;1;0;1;0;0;43.2277666666667
0;1;1;1;0;1;0;1;0;1;0;0;0;1;1;0;1;0;0;0;0;1;1;0;0;0;0;0;0;1;1;0;0;1;0;1;0;0;43.8949
0;1;1;1;0;1;0;1;0;1;0;0;1;0;1;0;0;0;0;0;1;1;1;0;0;0;0;0;0;1;1;0;0;1;0;1;0;0;490.9915
0;1;1;1;0;1;1;0;0;1;0;0;1;0;1;1;0;0;0;0;0;1;1;0;0;0;0;0;0;1;0;1;0;1;0;1;0;0;33.2911666666667
0;1;1;1;0;1;0;1;0;1;0;0;1;0;1;1;0;0;0;0;0;1;1;0;0;0;0;0;0;1;0;1;0;1;0;1;0;0;33.5174
0;1;1;1;0;1;0;0;1;1;0;0;1;0;1;1;0;0;0;0;0;1;1;0;0;0;0;0;0;1;0;1;0;1;0;1;0;0;32.8681333333333
0;1;1;1;0;1;1;0;0;1;0;0;0;1;1;0;1;0;0;0;0;1;1;0;0;0;0;0;0;1;0;1;0;1;0;1;0;0;40.9187
0;1;1;1;0;1;0;1;0;1;0;0;0;1;1;0;1;0;0;0;0;1;1;0;0;0;0;0;0;1;0;1;0;1;0;1;0;0;40.4416
0;1;1;1;0;1;1;0;0;1;0;0;1;0;1;0;0;0;0;0;1;1;1;0;0;0;0;0;0;1;0;1;0;1;0;1;0;0;479.483266666666
0;1;1;1;0;1;0;1;0;1;0;0;1;0;1;0;0;0;0;0;1;1;1;0;0;0;0;0;0;1;0;1;0;1;0;1;0;0;486.866333333333
0;1;1;1;0;1;0;0;1;1;0;0;1;0;1;0;0;0;0;0;1;1;1;0;0;0;0;0;0;1;0;1;0;1;0;1;0;0;491.968266666667
0;1;1;1;0;1;0;1;0;1;0;0;1;0;1;1;0;0;0;0;0;1;1;0;0;0;0;0;0;1;0;0;1;1;0;1;0;0;34.2584
0;1;1;1;0;1;0;1;0;1;0;0;1;0;1;0;0;0;0;0;1;1;1;0;0;0;0;0;0;1;0;0;1;1;0;1;0;0;479.282766666667
0;1;1;1;0;1;0;1;0;1;0;1;0;0;1;1;0;0;0;0;0;1;1;0;0;0;0;0;0;1;1;0;0;1;0;0;1;0;32.8526666666667
0;1;1;1;0;1;0;1;0;1;0;0;1;0;1;1;0;0;0;0;0;1;1;0;0;0;0;0;0;1;1;0;0;1;0;0;1;0;33.7698333333333
0;1;1;1;0;1;0;1;0;1;0;1;0;0;1;0;0;0;0;0;1;1;1;0;0;0;0;0;0;1;1;0;0;1;0;0;1;0;486.001533333333
0;1;1;1;0;1;0;1;0;1;0;0;1;0;1;0;0;0;0;0;1;1;1;0;0;0;0;0;0;1;1;0;0;1;0;0;1;0;488.5302
0;1;1;1;0;1;1;0;0;1;0;0;1;0;1;1;0;0;0;0;0;1;1;0;0;0;0;0;0;1;0;1;0;1;0;0;1;0;31.7069666666667
0;1;1;1;0;1;0;1;0;1;0;0;1;0;1;1;0;0;0;0;0;1;1;0;0;0;0;0;0;1;0;1;0;1;0;0;1;0;32.4604333333333
0;1;1;1;0;1;0;0;1;1;0;0;1;0;1;1;0;0;0;0;0;1;1;0;0;0;0;0;0;1;0;1;0;1;0;0;1;0;32.7912666666667
0;1;1;1;0;1;1;0;0;1;0;0;1;0;1;0;0;0;0;0;1;1;1;0;0;0;0;0;0;1;0;1;0;1;0;0;1;0;473.247966666667
0;1;1;1;0;1;0;1;0;1;0;0;1;0;1;0;0;0;0;0;1;1;1;0;0;0;0;0;0;1;0;1;0;1;0;0;1;0;483.7379
0;1;1;1;0;1;0;0;1;1;0;0;1;0;1;0;0;0;0;0;1;1;1;0;0;0;0;0;0;1;0;1;0;1;0;0;1;0;486.726833333333
0;1;1;1;0;1;0;1;0;1;0;0;1;0;1;1;0;0;0;0;0;1;1;0;0;0;0;0;0;1;0;0;1;1;0;0;1;0;34.6274
0;1;1;1;0;1;0;1;0;1;0;0;1;0;1;0;0;0;0;0;1;1;1;0;0;0;0;0;0;1;0;0;1;1;0;0;1;0;490.422433333333
0;1;1;1;0;1;0;1;0;1;0;0;1;0;1;1;0;0;0;0;0;1;1;0;0;0;0;0;0;1;1;0;0;1;0;0;0;1;35.3759
0;1;1;1;0;1;0;1;0;1;0;0;1;0;1;0;0;0;0;0;1;1;1;0;0;0;0;0;0;1;1;0;0;1;0;0;0;1;488.486833333333
0;1;1;1;0;1;0;1;0;1;0;0;1;0;1;1;0;0;0;0;0;1;1;0;0;0;0;0;0;1;0;1;0;1;0;0;0;1;32.3164
0;1;1;1;0;1;0;0;1;1;0;0;1;0;1;1;0;0;0;0;0;1;1;0;0;0;0;0;0;1;0;1;0;1;0;0;0;1;34.3205333333333
0;1;1;1;0;1;0;1;0;1;0;0;1;0;1;0;0;0;0;0;1;1;1;0;0;0;0;0;0;1;0;1;0;1;0;0;0;1;478.882533333333
0;1;1;1;0;1;0;0;1;1;0;0;1;0;1;0;0;0;0;0;1;1;1;0;0;0;0;0;0;1;0;1;0;1;0;0;0;1;483.221333333334
0;1;1;1;0;1;0;1;0;1;0;0;1;0;1;1;0;0;0;0;0;1;1;0;0;0;0;0;0;1;0;0;1;1;0;0;0;1;33.2777
0;1;1;1;0;1;0;1;0;1;0;0;1;0;1;0;0;0;0;0;1;1;1;0;0;0;0;0;0;1;0;0;1;1;0;0;0;1;478.314266666667
1;0;0;0;0;1;1;0;0;1;1;0;0;0;1;1;0;0;0;0;0;1;1;0;0;0;0;0;0;1;1;0;0;1;1;0;0;0;31.43148
1;0;0;0;0;1;0;1;0;1;1;0;0;0;1;1;0;0;0;0;0;1;1;0;0;0;0;0;0;1;1;0;0;1;1;0;0;0;33.56854
1;0;0;0;0;1;0;0;1;1;1;0;0;0;1;1;0;0;0;0;0;1;1;0;0;0;0;0;0;1;1;0;0;1;1;0;0;0;34.52462
1;0;0;0;0;1;1;0;0;1;0;1;0;0;1;1;0;0;0;0;0;1;1;0;0;0;0;0;0;1;1;0;0;1;1;0;0;0;31.16478
1;0;0;0;0;1;0;1;0;1;0;1;0;0;1;1;0;0;0;0;0;1;1;0;0;0;0;0;0;1;1;0;0;1;1;0;0;0;32.31018
1;0;0;0;0;1;0;0;1;1;0;1;0;0;1;1;0;0;0;0;0;1;1;0;0;0;0;0;0;1;1;0;0;1;1;0;0;0;34.38022
1;0;0;0;0;1;1;0;0;1;0;0;1;0;1;1;0;0;0;0;0;1;1;0;0;0;0;0;0;1;1;0;0;1;1;0;0;0;31.14638
1;0;0;0;0;1;0;1;0;1;0;0;1;0;1;1;0;0;0;0;0;1;1;0;0;0;0;0;0;1;1;0;0;1;1;0;0;0;35.64984
1;0;0;0;0;1;0;0;1;1;0;0;1;0;1;1;0;0;0;0;0;1;1;0;0;0;0;0;0;1;1;0;0;1;1;0;0;0;35.8535
1;0;0;0;0;1;1;0;0;1;0;0;0;1;1;1;0;0;0;0;0;1;1;0;0;0;0;0;0;1;1;0;0;1;1;0;0;0;32.6965
1;0;0;0;0;1;0;1;0;1;0;0;0;1;1;1;0;0;0;0;0;1;1;0;0;0;0;0;0;1;1;0;0;1;1;0;0;0;33.64988
1;0;0;0;0;1;0;0;1;1;0;0;0;1;1;1;0;0;0;0;0;1;1;0;0;0;0;0;0;1;1;0;0;1;1;0;0;0;36.01346
1;0;0;0;0;1;1;0;0;1;1;0;0;0;1;0;1;0;0;0;0;1;1;0;0;0;0;0;0;1;1;0;0;1;1;0;0;0;36.27084
1;0;0;0;0;1;0;1;0;1;1;0;0;0;1;0;1;0;0;0;0;1;1;0;0;0;0;0;0;1;1;0;0;1;1;0;0;0;40.47794
1;0;0;0;0;1;0;0;1;1;1;0;0;0;1;0;1;0;0;0;0;1;1;0;0;0;0;0;0;1;1;0;0;1;1;0;0;0;38.24678
1;0;0;0;0;1;1;0;0;1;0;1;0;0;1;0;1;0;0;0;0;1;1;0;0;0;0;0;0;1;1;0;0;1;1;0;0;0;36.78048
1;0;0;0;0;1;0;1;0;1;0;1;0;0;1;0;1;0;0;0;0;1;1;0;0;0;0;0;0;1;1;0;0;1;1;0;0;0;40.92504
1;0;0;0;0;1;1;0;0;1;0;0;1;0;1;0;1;0;0;0;0;1;1;0;0;0;0;0;0;1;1;0;0;1;1;0;0;0;37.16646
1;0;0;0;0;1;0;1;0;1;0;0;1;0;1;0;1;0;0;0;0;1;1;0;0;0;0;0;0;1;1;0;0;1;1;0;0;0;39.21972
1;0;0;0;0;1;0;0;1;1;0;0;1;0;1;0;1;0;0;0;0;1;1;0;0;0;0;0;0;1;1;0;0;1;1;0;0;0;40.17004
1;0;0;0;0;1;1;0;0;1;0;0;0;1;1;0;1;0;0;0;0;1;1;0;0;0;0;0;0;1;1;0;0;1;1;0;0;0;36.89772
1;0;0;0;0;1;0;1;0;1;0;0;0;1;1;0;1;0;0;0;0;1;1;0;0;0;0;0;0;1;1;0;0;1;1;0;0;0;40.25204
1;0;0;0;0;1;0;1;0;1;1;0;0;0;1;0;0;1;0;0;0;1;1;0;0;0;0;0;0;1;1;0;0;1;1;0;0;0;43.25226
1;0;0;0;0;1;0;1;0;1;0;1;0;0;1;0;0;1;0;0;0;1;1;0;0;0;0;0;0;1;1;0;0;1;1;0;0;0;43.47608
1;0;0;0;0;1;0;1;0;1;0;0;1;0;1;0;0;1;0;0;0;1;1;0;0;0;0;0;0;1;1;0;0;1;1;0;0;0;40.7371
1;0;0;0;0;1;1;0;0;1;0;0;0;1;1;0;0;1;0;0;0;1;1;0;0;0;0;0;0;1;1;0;0;1;1;0;0;0;39.37638
1;0;0;0;0;1;0;1;0;1;0;0;0;1;1;0;0;1;0;0;0;1;1;0;0;0;0;0;0;1;1;0;0;1;1;0;0;0;41.37694
1;0;0;0;0;1;0;1;0;1;1;0;0;0;1;0;0;0;1;0;0;1;1;0;0;0;0;0;0;1;1;0;0;1;1;0;0;0;49.56028
1;0;0;0;0;1;0;1;0;1;0;1;0;0;1;0;0;0;1;0;0;1;1;0;0;0;0;0;0;1;1;0;0;1;1;0;0;0;48.36574
1;0;0;0;0;1;0;1;0;1;0;0;1;0;1;0;0;0;1;0;0;1;1;0;0;0;0;0;0;1;1;0;0;1;1;0;0;0;55.04906
1;0;0;0;0;1;0;1;0;1;0;0;0;1;1;0;0;0;1;0;0;1;1;0;0;0;0;0;0;1;1;0;0;1;1;0;0;0;47.6087
1;0;0;0;0;1;0;1;0;1;0;0;0;1;1;0;0;0;0;1;0;1;1;0;0;0;0;0;0;1;1;0;0;1;1;0;0;0;54.84178
1;0;0;0;0;1;0;1;0;1;0;1;0;0;1;0;0;0;0;0;1;1;1;0;0;0;0;0;0;1;1;0;0;1;1;0;0;0;64.54336
1;0;0;0;0;1;0;1;0;1;0;0;0;1;1;0;0;0;0;0;1;1;1;0;0;0;0;0;0;1;1;0;0;1;1;0;0;0;65.72824
1;0;0;0;0;1;1;0;0;1;1;0;0;0;1;1;0;0;0;0;0;1;0;1;0;0;0;0;0;1;1;0;0;1;1;0;0;0;27.80002
1;0;0;0;0;1;0;1;0;1;1;0;0;0;1;1;0;0;0;0;0;1;0;1;0;0;0;0;0;1;1;0;0;1;1;0;0;0;29.75468
1;0;0;0;0;1;0;1;0;1;1;0;0;0;1;0;0;1;0;0;0;1;0;1;0;0;0;0;0;1;1;0;0;1;1;0;0;0;39.95616
1;0;0;0;0;1;0;1;0;1;0;0;0;1;1;0;0;1;0;0;0;1;0;1;0;0;0;0;0;1;1;0;0;1;1;0;0;0;42.0634
1;0;0;0;0;1;0;0;1;1;0;0;0;1;1;0;0;1;0;0;0;1;0;1;0;0;0;0;0;1;1;0;0;1;1;0;0;0;38.86728
1;0;0;0;0;1;0;1;0;1;1;0;0;0;1;0;0;1;0;0;0;1;0;0;1;0;0;0;0;1;1;0;0;1;1;0;0;0;38.19244
1;0;0;0;0;1;0;1;0;1;0;0;0;1;1;0;0;1;0;0;0;1;0;0;1;0;0;0;0;1;1;0;0;1;1;0;0;0;38.67372
1;0;0;0;0;1;0;0;1;1;0;0;0;1;1;0;0;1;0;0;0;1;0;0;1;0;0;0;0;1;1;0;0;1;1;0;0;0;38.19674
1;0;0;0;0;1;0;1;0;1;1;0;0;0;1;0;0;1;0;0;0;1;0;0;0;1;0;0;0;1;1;0;0;1;1;0;0;0;39.07496
1;0;0;0;0;1;0;1;0;1;0;0;0;1;1;0;0;1;0;0;0;1;0;0;0;1;0;0;0;1;1;0;0;1;1;0;0;0;38.54278
1;0;0;0;0;1;1;0;0;1;0;0;0;1;1;0;1;0;0;0;0;1;0;0;0;0;1;0;0;1;1;0;0;1;1;0;0;0;32.38078
1;0;0;0;0;1;0;1;0;1;0;0;0;1;1;0;0;1;0;0;0;1;0;0;0;0;1;0;0;1;1;0;0;1;1;0;0;0;38.4457
1;0;0;0;0;1;0;1;0;1;1;0;0;0;1;0;0;1;0;0;0;1;0;0;0;0;0;1;0;1;1;0;0;1;1;0;0;0;35.1563
1;0;0;0;0;1;0;1;0;1;0;1;0;0;1;0;0;1;0;0;0;1;0;0;0;0;0;1;0;1;1;0;0;1;1;0;0;0;37.58248
1;0;0;0;0;1;0;1;0;1;0;0;1;0;1;0;0;1;0;0;0;1;0;0;0;0;0;1;0;1;1;0;0;1;1;0;0;0;36.13436
1;0;0;0;0;1;1;0;0;1;0;0;0;1;1;0;0;1;0;0;0;1;0;0;0;0;0;1;0;1;1;0;0;1;1;0;0;0;37.51968
1;0;0;0;0;1;0;1;0;1;0;0;0;1;1;0;0;1;0;0;0;1;0;0;0;0;0;1;0;1;1;0;0;1;1;0;0;0;35.448
1;0;0;0;0;1;0;0;1;1;0;0;0;1;1;0;0;1;0;0;0;1;0;0;0;0;0;1;0;1;1;0;0;1;1;0;0;0;35.94172
1;0;0;0;0;1;1;0;0;1;0;0;0;1;1;0;1;0;0;0;0;1;0;0;0;0;0;0;1;1;1;0;0;1;1;0;0;0;34.76892
1;0;0;0;0;1;0;1;0;1;0;0;0;1;1;0;1;0;0;0;0;1;0;0;0;0;0;0;1;1;1;0;0;1;1;0;0;0;34.66824
1;0;0;0;0;1;0;1;0;1;1;0;0;0;1;0;0;1;0;0;0;1;0;0;0;0;0;0;1;1;1;0;0;1;1;0;0;0;35.26844
1;0;0;0;0;1;0;1;0;1;0;0;0;1;1;0;0;1;0;0;0;1;0;0;0;0;0;0;1;1;1;0;0;1;1;0;0;0;38.9458
1;0;0;0;0;1;1;0;0;1;1;0;0;0;1;1;0;0;0;0;0;1;1;0;0;0;0;0;0;1;0;1;0;1;1;0;0;0;31.85674
1;0;0;0;0;1;1;0;0;1;1;0;0;0;1;0;1;0;0;0;0;1;1;0;0;0;0;0;0;1;0;1;0;1;1;0;0;0;36.542
1;0;0;0;0;1;0;1;0;1;1;0;0;0;1;0;1;0;0;0;0;1;1;0;0;0;0;0;0;1;0;1;0;1;1;0;0;0;39.30508
1;0;0;0;0;1;1;0;0;1;0;0;0;1;1;0;1;0;0;0;0;1;1;0;0;0;0;0;0;1;0;1;0;1;1;0;0;0;36.01716
1;0;0;0;0;1;0;1;0;1;0;0;0;1;1;0;1;0;0;0;0;1;1;0;0;0;0;0;0;1;0;1;0;1;1;0;0;0;39.2795
1;0;0;0;0;1;0;1;0;1;1;0;0;0;1;0;0;1;0;0;0;1;1;0;0;0;0;0;0;1;0;1;0;1;1;0;0;0;40.97282
1;0;0;0;0;1;0;1;0;1;0;1;0;0;1;0;0;1;0;0;0;1;1;0;0;0;0;0;0;1;0;1;0;1;1;0;0;0;39.45334
1;0;0;0;0;1;0;1;0;1;0;0;0;1;1;0;0;1;0;0;0;1;1;0;0;0;0;0;0;1;0;1;0;1;1;0;0;0;41.4287
1;0;0;0;0;1;0;1;0;1;1;0;0;0;1;0;0;1;0;0;0;1;0;1;0;0;0;0;0;1;0;1;0;1;1;0;0;0;38.29096
1;0;0;0;0;1;1;0;0;1;0;0;0;1;1;0;0;1;0;0;0;1;0;1;0;0;0;0;0;1;0;1;0;1;1;0;0;0;37.11144
1;0;0;0;0;1;0;1;0;1;0;0;0;1;1;0;0;1;0;0;0;1;0;1;0;0;0;0;0;1;0;1;0;1;1;0;0;0;37.60156
1;0;0;0;0;1;1;0;0;1;0;0;0;1;1;0;0;1;0;0;0;1;0;0;1;0;0;0;0;1;0;1;0;1;1;0;0;0;36.91894
1;0;0;0;0;1;0;1;0;1;0;0;0;1;1;0;0;1;0;0;0;1;0;0;1;0;0;0;0;1;0;1;0;1;1;0;0;0;38.49662
1;0;0;0;0;1;0;0;1;1;0;0;0;1;1;0;0;1;0;0;0;1;0;0;1;0;0;0;0;1;0;1;0;1;1;0;0;0;39.19116
1;0;0;0;0;1;0;1;0;1;0;0;0;1;1;0;0;1;0;0;0;1;0;0;0;1;0;0;0;1;0;1;0;1;1;0;0;0;37.99178
1;0;0;0;0;1;0;1;0;1;0;0;0;1;1;0;0;1;0;0;0;1;0;0;0;0;1;0;0;1;0;1;0;1;1;0;0;0;37.2984
1;0;0;0;0;1;1;0;0;1;1;0;0;0;1;0;0;1;0;0;0;1;0;0;0;0;0;1;0;1;0;1;0;1;1;0;0;0;35.03582
1;0;0;0;0;1;0;1;0;1;1;0;0;0;1;0;0;1;0;0;0;1;0;0;0;0;0;1;0;1;0;1;0;1;1;0;0;0;35.88892
1;0;0;0;0;1;0;0;1;1;1;0;0;0;1;0;0;1;0;0;0;1;0;0;0;0;0;1;0;1;0;1;0;1;1;0;0;0;35.91372
1;0;0;0;0;1;0;1;0;1;0;1;0;0;1;0;0;1;0;0;0;1;0;0;0;0;0;1;0;1;0;1;0;1;1;0;0;0;35.607
1;0;0;0;0;1;0;1;0;1;0;0;1;0;1;0;0;1;0;0;0;1;0;0;0;0;0;1;0;1;0;1;0;1;1;0;0;0;37.74962
1;0;0;0;0;1;1;0;0;1;0;0;0;1;1;0;0;1;0;0;0;1;0;0;0;0;0;1;0;1;0;1;0;1;1;0;0;0;34.92118
1;0;0;0;0;1;0;1;0;1;0;0;0;1;1;0;0;1;0;0;0;1;0;0;0;0;0;1;0;1;0;1;0;1;1;0;0;0;35.26288
1;0;0;0;0;1;0;0;1;1;0;0;0;1;1;0;0;1;0;0;0;1;0;0;0;0;0;1;0;1;0;1;0;1;1;0;0;0;34.82074
1;0;0;0;0;1;0;1;0;1;0;0;0;1;1;0;0;1;0;0;0;1;0;0;0;0;0;0;1;1;0;1;0;1;1;0;0;0;36.25606
1;0;0;0;0;1;1;0;0;1;1;0;0;0;1;1;0;0;0;0;0;1;1;0;0;0;0;0;0;1;0;0;1;1;1;0;0;0;32.82696
1;0;0;0;0;1;0;1;0;1;0;0;0;1;1;0;1;0;0;0;0;1;1;0;0;0;0;0;0;1;0;0;1;1;1;0;0;0;37.77036
1;0;0;0;0;1;0;1;0;1;1;0;0;0;1;0;0;1;0;0;0;1;1;0;0;0;0;0;0;1;0;0;1;1;1;0;0;0;39.6816
1;0;0;0;0;1;0;1;0;1;0;0;0;1;1;0;0;1;0;0;0;1;1;0;0;0;0;0;0;1;0;0;1;1;1;0;0;0;39.99668
1;0;0;0;0;1;1;0;0;1;0;0;0;1;1;0;0;1;0;0;0;1;0;1;0;0;0;0;0;1;0;0;1;1;1;0;0;0;36.71154
1;0;0;0;0;1;0;1;0;1;0;0;0;1;1;0;0;1;0;0;0;1;0;1;0;0;0;0;0;1;0;0;1;1;1;0;0;0;38.48018
1;0;0;0;0;1;0;1;0;1;0;0;0;1;1;0;0;1;0;0;0;1;0;0;1;0;0;0;0;1;0;0;1;1;1;0;0;0;37.94308
1;0;0;0;0;1;0;1;0;1;0;0;0;1;1;0;0;1;0;0;0;1;0;0;0;1;0;0;0;1;0;0;1;1;1;0;0;0;38.48442
1;0;0;0;0;1;0;1;0;1;0;0;0;1;1;0;0;1;0;0;0;1;0;0;0;0;1;0;0;1;0;0;1;1;1;0;0;0;38.10998
1;0;0;0;0;1;0;1;0;1;1;0;0;0;1;0;0;1;0;0;0;1;0;0;0;0;0;1;0;1;0;0;1;1;1;0;0;0;33.9791
1;0;0;0;0;1;0;1;0;1;0;1;0;0;1;0;0;1;0;0;0;1;0;0;0;0;0;1;0;1;0;0;1;1;1;0;0;0;36.29078
1;0;0;0;0;1;0;1;0;1;0;0;1;0;1;0;0;1;0;0;0;1;0;0;0;0;0;1;0;1;0;0;1;1;1;0;0;0;34.59868
1;0;0;0;0;1;1;0;0;1;0;0;0;1;1;0;0;1;0;0;0;1;0;0;0;0;0;1;0;1;0;0;1;1;1;0;0;0;35.16216
1;0;0;0;0;1;0;1;0;1;0;0;0;1;1;0;0;1;0;0;0;1;0;0;0;0;0;1;0;1;0;0;1;1;1;0;0;0;36.03372
1;0;0;0;0;1;0;0;1;1;0;0;0;1;1;0;0;1;0;0;0;1;0;0;0;0;0;1;0;1;0;0;1;1;1;0;0;0;34.15254
1;0;0;0;0;1;0;1;0;1;0;0;0;1;1;0;0;1;0;0;0;1;0;0;0;0;0;0;1;1;0;0;1;1;1;0;0;0;34.78144
1;0;0;0;0;1;1;0;0;1;1;0;0;0;1;1;0;0;0;0;0;1;1;0;0;0;0;0;0;1;1;0;0;1;0;1;0;0;33.33068
1;0;0;0;0;1;0;1;0;1;0;0;1;0;1;1;0;0;0;0;0;1;1;0;0;0;0;0;0;1;1;0;0;1;0;1;0;0;33.52594
1;0;0;0;0;1;0;0;1;1;0;0;1;0;1;1;0;0;0;0;0;1;1;0;0;0;0;0;0;1;1;0;0;1;0;1;0;0;34.32748
1;0;0;0;0;1;1;0;0;1;0;0;0;1;1;0;1;0;0;0;0;1;1;0;0;0;0;0;0;1;1;0;0;1;0;1;0;0;34.7279
1;0;0;0;0;1;0;1;0;1;0;0;0;1;1;0;1;0;0;0;0;1;1;0;0;0;0;0;0;1;1;0;0;1;0;1;0;0;38.72954
1;0;0;0;0;1;0;1;0;1;0;0;0;1;1;0;0;1;0;0;0;1;1;0;0;0;0;0;0;1;1;0;0;1;0;1;0;0;40.03198
1;0;0;0;0;1;0;1;0;1;0;0;1;0;1;0;0;0;0;0;1;1;1;0;0;0;0;0;0;1;1;0;0;1;0;1;0;0;60.28924
1;0;0;0;0;1;1;0;0;1;0;0;0;1;1;0;1;0;0;0;0;1;0;0;0;0;0;0;1;1;1;0;0;1;0;1;0;0;34.19646
1;0;0;0;0;1;0;1;0;1;0;0;0;1;1;0;1;0;0;0;0;1;0;0;0;0;0;0;1;1;1;0;0;1;0;1;0;0;35.57764
1;0;0;0;0;1;1;0;0;1;0;0;1;0;1;1;0;0;0;0;0;1;1;0;0;0;0;0;0;1;0;1;0;1;0;1;0;0;33.2928
1;0;0;0;0;1;0;1;0;1;0;0;1;0;1;1;0;0;0;0;0;1;1;0;0;0;0;0;0;1;0;1;0;1;0;1;0;0;34.10886
1;0;0;0;0;1;0;0;1;1;0;0;1;0;1;1;0;0;0;0;0;1;1;0;0;0;0;0;0;1;0;1;0;1;0;1;0;0;35.83932
1;0;0;0;0;1;1;0;0;1;0;0;0;1;1;0;1;0;0;0;0;1;1;0;0;0;0;0;0;1;0;1;0;1;0;1;0;0;35.88128
1;0;0;0;0;1;0;1;0;1;0;0;0;1;1;0;1;0;0;0;0;1;1;0;0;0;0;0;0;1;0;1;0;1;0;1;0;0;38.91248
1;0;0;0;0;1;1;0;0;1;0;0;1;0;1;0;0;0;0;0;1;1;1;0;0;0;0;0;0;1;0;1;0;1;0;1;0;0;59.94098
1;0;0;0;0;1;0;1;0;1;0;0;1;0;1;0;0;0;0;0;1;1;1;0;0;0;0;0;0;1;0;1;0;1;0;1;0;0;58.98668
1;0;0;0;0;1;0;0;1;1;0;0;1;0;1;0;0;0;0;0;1;1;1;0;0;0;0;0;0;1;0;1;0;1;0;1;0;0;59.84848
1;0;0;0;0;1;0;1;0;1;0;0;1;0;1;1;0;0;0;0;0;1;1;0;0;0;0;0;0;1;0;0;1;1;0;1;0;0;34.3114333333333
1;0;0;0;0;1;0;1;0;1;0;0;1;0;1;0;0;0;0;0;1;1;1;0;0;0;0;0;0;1;0;0;1;1;0;1;0;0;57.6887
1;0;0;0;0;1;0;1;0;1;1;0;0;0;1;1;0;0;0;0;0;1;1;0;0;0;0;0;0;1;1;0;0;1;0;0;1;0;36.2623
1;0;0;0;0;1;1;0;0;1;0;1;0;0;1;1;0;0;0;0;0;1;1;0;0;0;0;0;0;1;1;0;0;1;0;0;1;0;32.1823666666667
1;0;0;0;0;1;0;1;0;1;0;1;0;0;1;1;0;0;0;0;0;1;1;0;0;0;0;0;0;1;1;0;0;1;0;0;1;0;35.8321666666667
1;0;0;0;0;1;1;0;0;1;0;0;1;0;1;1;0;0;0;0;0;1;1;0;0;0;0;0;0;1;1;0;0;1;0;0;1;0;31.1824666666667
1;0;0;0;0;1;0;1;0;1;0;0;1;0;1;1;0;0;0;0;0;1;1;0;0;0;0;0;0;1;1;0;0;1;0;0;1;0;31.9215666666667
1;0;0;0;0;1;0;0;1;1;0;0;1;0;1;1;0;0;0;0;0;1;1;0;0;0;0;0;0;1;1;0;0;1;0;0;1;0;34.2311333333333
1;0;0;0;0;1;0;1;0;1;0;0;0;1;1;1;0;0;0;0;0;1;1;0;0;0;0;0;0;1;1;0;0;1;0;0;1;0;35.2552666666667
1;0;0;0;0;1;0;1;0;1;0;1;0;0;1;0;0;0;0;0;1;1;1;0;0;0;0;0;0;1;1;0;0;1;0;0;1;0;63.8455666666667
1;0;0;0;0;1;0;1;0;1;0;0;1;0;1;0;0;0;0;0;1;1;1;0;0;0;0;0;0;1;1;0;0;1;0;0;1;0;65.0841666666667
1;0;0;0;0;1;1;0;0;1;0;0;1;0;1;1;0;0;0;0;0;1;1;0;0;0;0;0;0;1;0;1;0;1;0;0;1;0;30.8957
1;0;0;0;0;1;0;1;0;1;0;0;1;0;1;1;0;0;0;0;0;1;1;0;0;0;0;0;0;1;0;1;0;1;0;0;1;0;35.4698
1;0;0;0;0;1;0;0;1;1;0;0;1;0;1;1;0;0;0;0;0;1;1;0;0;0;0;0;0;1;0;1;0;1;0;0;1;0;34.5508666666667
1;0;0;0;0;1;1;0;0;1;0;0;1;0;1;0;0;0;0;0;1;1;1;0;0;0;0;0;0;1;0;1;0;1;0;0;1;0;61.3862333333333
1;0;0;0;0;1;0;1;0;1;0;0;1;0;1;0;0;0;0;0;1;1;1;0;0;0;0;0;0;1;0;1;0;1;0;0;1;0;61.1682
1;0;0;0;0;1;0;0;1;1;0;0;1;0;1;0;0;0;0;0;1;1;1;0;0;0;0;0;0;1;0;1;0;1;0;0;1;0;63.0185333333333
1;0;0;0;0;1;0;1;0;1;0;0;1;0;1;1;0;0;0;0;0;1;1;0;0;0;0;0;0;1;0;0;1;1;0;0;1;0;33.3432666666667
1;0;0;0;0;1;0;1;0;1;0;0;1;0;1;0;0;0;0;0;1;1;1;0;0;0;0;0;0;1;0;0;1;1;0;0;1;0;64.8616666666667
1;0;0;0;0;1;0;1;0;1;0;1;0;0;1;1;0;0;0;0;0;1;1;0;0;0;0;0;0;1;1;0;0;1;0;0;0;1;32.2523333333333
1;0;0;0;0;1;0;1;0;1;0;0;1;0;1;1;0;0;0;0;0;1;1;0;0;0;0;0;0;1;1;0;0;1;0;0;0;1;35.2100333333333
1;0;0;0;0;1;0;1;0;1;0;0;1;0;1;0;0;0;0;1;0;1;1;0;0;0;0;0;0;1;1;0;0;1;0;0;0;1;53.26164
1;0;0;0;0;1;0;1;0;1;0;0;1;0;1;0;0;0;0;0;1;1;1;0;0;0;0;0;0;1;1;0;0;1;0;0;0;1;66.1645666666667
1;0;0;0;0;1;1;0;0;1;0;0;1;0;1;1;0;0;0;0;0;1;1;0;0;0;0;0;0;1;0;1;0;1;0;0;0;1;31.6754333333333
1;0;0;0;0;1;0;1;0;1;0;0;1;0;1;1;0;0;0;0;0;1;1;0;0;0;0;0;0;1;0;1;0;1;0;0;0;1;36.6137
1;0;0;0;0;1;0;0;1;1;0;0;1;0;1;1;0;0;0;0;0;1;1;0;0;0;0;0;0;1;0;1;0;1;0;0;0;1;35.4383
1;0;0;0;0;1;1;0;0;1;0;0;1;0;1;0;0;0;0;0;1;1;1;0;0;0;0;0;0;1;0;1;0;1;0;0;0;1;60.2451
1;0;0;0;0;1;0;1;0;1;0;0;1;0;1;0;0;0;0;0;1;1;1;0;0;0;0;0;0;1;0;1;0;1;0;0;0;1;61.4254666666667
1;0;0;0;0;1;0;0;1;1;0;0;1;0;1;0;0;0;0;0;1;1;1;0;0;0;0;0;0;1;0;1;0;1;0;0;0;1;60.8482
1;0;0;0;0;1;0;1;0;1;0;0;1;0;1;1;0;0;0;0;0;1;1;0;0;0;0;0;0;1;0;0;1;1;0;0;0;1;35.5516666666667
1;0;0;0;0;1;0;1;0;1;0;0;1;0;1;0;0;0;0;0;1;1;1;0;0;0;0;0;0;1;0;0;1;1;0;0;0;1;62.6403666666667
1;0;0;1;0;1;1;0;0;1;1;0;0;0;1;1;0;0;0;0;0;1;1;0;0;0;0;0;0;1;1;0;0;1;1;0;0;0;34.6099666666667
1;0;0;1;0;1;0;1;0;1;1;0;0;0;1;1;0;0;0;0;0;1;1;0;0;0;0;0;0;1;1;0;0;1;1;0;0;0;37.6727333333333
1;0;0;1;0;1;0;0;1;1;1;0;0;0;1;1;0;0;0;0;0;1;1;0;0;0;0;0;0;1;1;0;0;1;1;0;0;0;41.9695333333333
1;0;0;1;0;1;1;0;0;1;0;1;0;0;1;1;0;0;0;0;0;1;1;0;0;0;0;0;0;1;1;0;0;1;1;0;0;0;35.0458666666667
1;0;0;1;0;1;0;1;0;1;0;1;0;0;1;1;0;0;0;0;0;1;1;0;0;0;0;0;0;1;1;0;0;1;1;0;0;0;38.2269666666667
1;0;0;1;0;1;0;0;1;1;0;1;0;0;1;1;0;0;0;0;0;1;1;0;0;0;0;0;0;1;1;0;0;1;1;0;0;0;41.9553
1;0;0;1;0;1;1;0;0;1;0;0;1;0;1;1;0;0;0;0;0;1;1;0;0;0;0;0;0;1;1;0;0;1;1;0;0;0;35.0707
1;0;0;1;0;1;0;1;0;1;0;0;1;0;1;1;0;0;0;0;0;1;1;0;0;0;0;0;0;1;1;0;0;1;1;0;0;0;37.8099666666667
1;0;0;1;0;1;0;0;1;1;0;0;1;0;1;1;0;0;0;0;0;1;1;0;0;0;0;0;0;1;1;0;0;1;1;0;0;0;41.7000333333333
1;0;0;1;0;1;1;0;0;1;0;0;0;1;1;1;0;0;0;0;0;1;1;0;0;0;0;0;0;1;1;0;0;1;1;0;0;0;34.0624333333333
1;0;0;1;0;1;0;1;0;1;0;0;0;1;1;1;0;0;0;0;0;1;1;0;0;0;0;0;0;1;1;0;0;1;1;0;0;0;38.3465333333333
1;0;0;1;0;1;0;0;1;1;0;0;0;1;1;1;0;0;0;0;0;1;1;0;0;0;0;0;0;1;1;0;0;1;1;0;0;0;41.6827
1;0;0;1;0;1;1;0;0;1;1;0;0;0;1;0;1;0;0;0;0;1;1;0;0;0;0;0;0;1;1;0;0;1;1;0;0;0;45.3062666666667
1;0;0;1;0;1;0;1;0;1;1;0;0;0;1;0;1;0;0;0;0;1;1;0;0;0;0;0;0;1;1;0;0;1;1;0;0;0;47.5751
1;0;0;1;0;1;1;0;0;1;0;1;0;0;1;0;1;0;0;0;0;1;1;0;0;0;0;0;0;1;1;0;0;1;1;0;0;0;45.5978
1;0;0;1;0;1;0;1;0;1;0;1;0;0;1;0;1;0;0;0;0;1;1;0;0;0;0;0;0;1;1;0;0;1;1;0;0;0;48.2815333333333
1;0;0;1;0;1;1;0;0;1;0;0;1;0;1;0;1;0;0;0;0;1;1;0;0;0;0;0;0;1;1;0;0;1;1;0;0;0;45.9152
1;0;0;1;0;1;0;1;0;1;0;0;1;0;1;0;1;0;0;0;0;1;1;0;0;0;0;0;0;1;1;0;0;1;1;0;0;0;48.3409666666667
1;0;0;1;0;1;0;0;1;1;0;0;1;0;1;0;1;0;0;0;0;1;1;0;0;0;0;0;0;1;1;0;0;1;1;0;0;0;52.0423
1;0;0;1;0;1;1;0;0;1;0;0;0;1;1;0;1;0;0;0;0;1;1;0;0;0;0;0;0;1;1;0;0;1;1;0;0;0;43.8833333333333
1;0;0;1;0;1;0;1;0;1;0;0;0;1;1;0;1;0;0;0;0;1;1;0;0;0;0;0;0;1;1;0;0;1;1;0;0;0;48.8717666666667
1;0;0;1;0;1;0;1;0;1;1;0;0;0;1;0;0;1;0;0;0;1;1;0;0;0;0;0;0;1;1;0;0;1;1;0;0;0;70.9815
1;0;0;1;0;1;0;1;0;1;0;1;0;0;1;0;0;1;0;0;0;1;1;0;0;0;0;0;0;1;1;0;0;1;1;0;0;0;73.0681333333333
1;0;0;1;0;1;0;1;0;1;0;0;1;0;1;0;0;1;0;0;0;1;1;0;0;0;0;0;0;1;1;0;0;1;1;0;0;0;71.6164666666667
1;0;0;1;0;1;0;1;0;1;0;0;0;1;1;0;0;1;0;0;0;1;1;0;0;0;0;0;0;1;1;0;0;1;1;0;0;0;68.2731333333333
1;0;0;1;0;1;0;1;0;1;1;0;0;0;1;0;0;0;1;0;0;1;1;0;0;0;0;0;0;1;1;0;0;1;1;0;0;0;99.9550666666667
1;0;0;1;0;1;0;1;0;1;0;1;0;0;1;0;0;0;1;0;0;1;1;0;0;0;0;0;0;1;1;0;0;1;1;0;0;0;101.6602
1;0;0;1;0;1;0;1;0;1;0;0;1;0;1;0;0;0;1;0;0;1;1;0;0;0;0;0;0;1;1;0;0;1;1;0;0;0;99.0695
1;0;0;1;0;1;0;1;0;1;0;0;0;1;1;0;0;0;1;0;0;1;1;0;0;0;0;0;0;1;1;0;0;1;1;0;0;0;98.2758666666667
1;0;0;1;0;1;1;0;0;1;0;0;1;0;1;0;0;0;0;0;1;1;1;0;0;0;0;0;0;1;1;0;0;1;1;0;0;0;476.4162
1;0;0;1;0;1;1;0;0;1;0;0;0;1;1;0;0;0;0;0;1;1;1;0;0;0;0;0;0;1;1;0;0;1;1;0;0;0;486.644466666667
1;0;0;1;0;1;0;1;0;1;0;0;0;1;1;0;0;1;0;0;0;1;0;1;0;0;0;0;0;1;1;0;0;1;1;0;0;0;50.8656
1;0;0;1;0;1;0;1;0;1;1;0;0;0;1;0;0;1;0;0;0;1;0;0;1;0;0;0;0;1;1;0;0;1;1;0;0;0;69.7349
1;0;0;1;0;1;0;1;0;1;0;0;0;1;1;0;0;1;0;0;0;1;0;0;1;0;0;0;0;1;1;0;0;1;1;0;0;0;71.0331666666667
1;0;0;1;0;1;0;1;0;1;1;0;0;0;1;0;0;1;0;0;0;1;0;0;0;1;0;0;0;1;1;0;0;1;1;0;0;0;78.9175666666667
1;0;0;1;0;1;0;1;0;1;0;0;0;1;1;0;0;1;0;0;0;1;0;0;0;1;0;0;0;1;1;0;0;1;1;0;0;0;72.9862
1;0;0;1;0;1;0;1;0;1;0;0;0;1;1;0;0;1;0;0;0;1;0;0;0;0;1;0;0;1;1;0;0;1;1;0;0;0;70.6664
1;0;0;1;0;1;0;1;0;1;1;0;0;0;1;0;0;1;0;0;0;1;0;0;0;0;0;1;0;1;1;0;0;1;1;0;0;0;72.1497
1;0;0;1;0;1;1;0;0;1;0;0;0;1;1;0;0;1;0;0;0;1;0;0;0;0;0;1;0;1;1;0;0;1;1;0;0;0;74.1922666666667
1;0;0;1;0;1;0;1;0;1;0;0;0;1;1;0;0;1;0;0;0;1;0;0;0;0;0;1;0;1;1;0;0;1;1;0;0;0;74.3387666666667
1;0;0;1;0;1;0;0;1;1;0;0;0;1;1;0;0;1;0;0;0;1;0;0;0;0;0;1;0;1;1;0;0;1;1;0;0;0;71.1848
1;0;0;1;0;1;1;0;0;1;0;0;0;1;1;0;1;0;0;0;0;1;0;0;0;0;0;0;1;1;1;0;0;1;1;0;0;0;44.4015333333333
1;0;0;1;0;1;0;1;0;1;0;0;0;1;1;0;1;0;0;0;0;1;0;0;0;0;0;0;1;1;1;0;0;1;1;0;0;0;42.6876333333333
1;0;0;1;0;1;0;1;0;1;0;0;0;1;1;0;0;1;0;0;0;1;0;0;0;0;0;0;1;1;1;0;0;1;1;0;0;0;72.7299333333333
1;0;0;1;0;1;1;0;0;1;1;0;0;0;1;0;1;0;0;0;0;1;1;0;0;0;0;0;0;1;0;1;0;1;1;0;0;0;45.4569333333333
1;0;0;1;0;1;1;0;0;1;0;0;0;1;1;0;1;0;0;0;0;1;1;0;0;0;0;0;0;1;0;1;0;1;1;0;0;0;45.1245666666667
1;0;0;1;0;1;0;1;0;1;0;0;0;1;1;0;1;0;0;0;0;1;1;0;0;0;0;0;0;1;0;1;0;1;1;0;0;0;48.0020666666667
1;0;0;1;0;1;0;1;0;1;0;0;0;1;1;0;0;1;0;0;0;1;1;0;0;0;0;0;0;1;0;1;0;1;1;0;0;0;67.8106333333333
1;0;0;1;0;1;0;1;0;1;0;0;0;1;1;0;0;1;0;0;0;1;0;1;0;0;0;0;0;1;0;1;0;1;1;0;0;0;55.1547666666667
1;0;0;1;0;1;0;1;0;1;0;0;0;1;1;0;0;1;0;0;0;1;0;0;1;0;0;0;0;1;0;1;0;1;1;0;0;0;69.3541
1;0;0;1;0;1;0;1;0;1;0;0;0;1;1;0;0;1;0;0;0;1;0;0;0;1;0;0;0;1;0;1;0;1;1;0;0;0;74.6253666666667
1;0;0;1;0;1;0;1;0;1;0;0;0;1;1;0;0;1;0;0;0;1;0;0;0;0;1;0;0;1;0;1;0;1;1;0;0;0;69.9922333333333
1;0;0;1;0;1;0;1;0;1;1;0;0;0;1;0;0;1;0;0;0;1;0;0;0;0;0;1;0;1;0;1;0;1;1;0;0;0;70.7595
1;0;0;1;0;1;1;0;0;1;0;0;0;1;1;0;0;1;0;0;0;1;0;0;0;0;0;1;0;1;0;1;0;1;1;0;0;0;72.5418666666667
1;0;0;1;0;1;0;1;0;1;0;0;0;1;1;0;0;1;0;0;0;1;0;0;0;0;0;1;0;1;0;1;0;1;1;0;0;0;72.1212333333333
1;0;0;1;0;1;0;0;1;1;0;0;0;1;1;0;0;1;0;0;0;1;0;0;0;0;0;1;0;1;0;1;0;1;1;0;0;0;70.5153333333333
1;0;0;1;0;1;0;1;0;1;0;0;0;1;1;0;0;1;0;0;0;1;0;0;0;0;0;0;1;1;0;1;0;1;1;0;0;0;72.7146666666667
1;0;0;1;0;1;0;1;0;1;1;0;0;0;1;0;0;1;0;0;0;1;1;0;0;0;0;0;0;1;0;0;1;1;1;0;0;0;70.3650666666667
1;0;0;1;0;1;0;1;0;1;0;0;0;1;1;0;0;1;0;0;0;1;1;0;0;0;0;0;0;1;0;0;1;1;1;0;0;0;69.8626666666667
1;0;0;1;0;1;0;1;0;1;0;0;0;1;1;0;0;1;0;0;0;1;0;1;0;0;0;0;0;1;0;0;1;1;1;0;0;0;54.5125666666667
1;0;0;1;0;1;0;1;0;1;0;0;0;1;1;0;0;1;0;0;0;1;0;0;1;0;0;0;0;1;0;0;1;1;1;0;0;0;68.6553333333333
1;0;0;1;0;1;0;1;0;1;0;0;0;1;1;0;0;1;0;0;0;1;0;0;0;1;0;0;0;1;0;0;1;1;1;0;0;0;76.7553
1;0;0;1;0;1;0;1;0;1;0;0;0;1;1;0;0;1;0;0;0;1;0;0;0;0;1;0;0;1;0;0;1;1;1;0;0;0;71.9504666666667
1;0;0;1;0;1;0;1;0;1;1;0;0;0;1;0;0;1;0;0;0;1;0;0;0;0;0;1;0;1;0;0;1;1;1;0;0;0;73.0147333333334
1;0;0;1;0;1;1;0;0;1;0;0;0;1;1;0;0;1;0;0;0;1;0;0;0;0;0;1;0;1;0;0;1;1;1;0;0;0;77.0648666666667
1;0;0;1;0;1;0;1;0;1;0;0;0;1;1;0;0;1;0;0;0;1;0;0;0;0;0;1;0;1;0;0;1;1;1;0;0;0;73.4184
1;0;0;1;0;1;0;0;1;1;0;0;0;1;1;0;0;1;0;0;0;1;0;0;0;0;0;1;0;1;0;0;1;1;1;0;0;0;75.0933666666667
1;0;0;1;0;1;0;1;0;1;0;0;0;1;1;0;0;1;0;0;0;1;0;0;0;0;0;0;1;1;0;0;1;1;1;0;0;0;74.7215
1;0;0;1;0;1;0;1;0;1;0;0;1;0;1;1;0;0;0;0;0;1;1;0;0;0;0;0;0;1;1;0;0;1;0;1;0;0;38.5391333333333
1;0;0;1;0;1;1;0;0;1;0;0;0;1;1;0;1;0;0;0;0;1;1;0;0;0;0;0;0;1;1;0;0;1;0;1;0;0;44.5103666666667
1;0;0;1;0;1;0;1;0;1;0;0;0;1;1;0;1;0;0;0;0;1;1;0;0;0;0;0;0;1;1;0;0;1;0;1;0;0;48.6380333333333
1;0;0;1;0;1;0;1;0;1;0;0;1;0;1;0;0;0;0;0;1;1;1;0;0;0;0;0;0;1;1;0;0;1;0;1;0;0;480.5476
1;0;0;1;0;1;1;0;0;1;0;0;0;1;1;0;1;0;0;0;0;1;0;0;0;0;0;0;1;1;1;0;0;1;0;1;0;0;44.3627666666667
1;0;0;1;0;1;0;1;0;1;0;0;0;1;1;0;1;0;0;0;0;1;0;0;0;0;0;0;1;1;1;0;0;1;0;1;0;0;43.5141
1;0;0;1;0;1;1;0;0;1;0;0;1;0;1;1;0;0;0;0;0;1;1;0;0;0;0;0;0;1;0;1;0;1;0;1;0;0;34.5602333333333
1;0;0;1;0;1;0;1;0;1;0;0;1;0;1;1;0;0;0;0;0;1;1;0;0;0;0;0;0;1;0;1;0;1;0;1;0;0;39.0184
1;0;0;1;0;1;0;0;1;1;0;0;1;0;1;1;0;0;0;0;0;1;1;0;0;0;0;0;0;1;0;1;0;1;0;1;0;0;41.0847
1;0;0;1;0;1;1;0;0;1;0;0;0;1;1;0;1;0;0;0;0;1;1;0;0;0;0;0;0;1;0;1;0;1;0;1;0;0;45.3425
1;0;0;1;0;1;0;1;0;1;0;0;0;1;1;0;1;0;0;0;0;1;1;0;0;0;0;0;0;1;0;1;0;1;0;1;0;0;47.9738333333333
1;0;0;1;0;1;1;0;0;1;0;0;1;0;1;0;0;0;0;0;1;1;1;0;0;0;0;0;0;1;0;1;0;1;0;1;0;0;476.373133333333
1;0;0;1;0;1;0;1;0;1;0;0;1;0;1;0;0;0;0;0;1;1;1;0;0;0;0;0;0;1;0;1;0;1;0;1;0;0;477.7646
1;0;0;1;0;1;0;0;1;1;0;0;1;0;1;0;0;0;0;0;1;1;1;0;0;0;0;0;0;1;0;1;0;1;0;1;0;0;484.2011
1;0;0;1;0;1;0;1;0;1;0;0;1;0;1;1;0;0;0;0;0;1;1;0;0;0;0;0;0;1;0;0;1;1;0;1;0;0;39.1489
1;0;0;1;0;1;0;1;0;1;0;0;1;0;1;0;0;0;0;0;1;1;1;0;0;0;0;0;0;1;0;0;1;1;0;1;0;0;489.828466666667
1;0;0;1;0;1;0;1;0;1;0;1;0;0;1;1;0;0;0;0;0;1;1;0;0;0;0;0;0;1;1;0;0;1;0;0;1;0;37.9896666666667
1;0;0;1;0;1;0;1;0;1;0;0;1;0;1;1;0;0;0;0;0;1;1;0;0;0;0;0;0;1;1;0;0;1;0;0;1;0;38.1338333333333
1;0;0;1;0;1;0;1;0;1;0;1;0;0;1;0;0;0;0;0;1;1;1;0;0;0;0;0;0;1;1;0;0;1;0;0;1;0;505.111233333333
1;0;0;1;0;1;0;1;0;1;0;0;1;0;1;0;0;0;0;0;1;1;1;0;0;0;0;0;0;1;1;0;0;1;0;0;1;0;487.230733333333
1;0;0;1;0;1;1;0;0;1;0;0;1;0;1;1;0;0;0;0;0;1;1;0;0;0;0;0;0;1;0;1;0;1;0;0;1;0;34.1327333333333
1;0;0;1;0;1;0;1;0;1;0;0;1;0;1;1;0;0;0;0;0;1;1;0;0;0;0;0;0;1;0;1;0;1;0;0;1;0;38.4635
1;0;0;1;0;1;0;0;1;1;0;0;1;0;1;1;0;0;0;0;0;1;1;0;0;0;0;0;0;1;0;1;0;1;0;0;1;0;42.6102
1;0;0;1;0;1;1;0;0;1;0;0;1;0;1;0;0;0;0;0;1;1;1;0;0;0;0;0;0;1;0;1;0;1;0;0;1;0;478.7551
1;0;0;1;0;1;0;1;0;1;0;0;1;0;1;0;0;0;0;0;1;1;1;0;0;0;0;0;0;1;0;1;0;1;0;0;1;0;490.409033333333
1;0;0;1;0;1;0;0;1;1;0;0;1;0;1;0;0;0;0;0;1;1;1;0;0;0;0;0;0;1;0;1;0;1;0;0;1;0;497.002266666667
1;0;0;1;0;1;0;1;0;1;0;0;1;0;1;1;0;0;0;0;0;1;1;0;0;0;0;0;0;1;0;0;1;1;0;0;1;0;37.8510666666667
1;0;0;1;0;1;0;1;0;1;0;0;1;0;1;0;0;0;0;0;1;1;1;0;0;0;0;0;0;1;0;0;1;1;0;0;1;0;476.063566666667
1;0;0;1;0;1;0;1;0;1;0;0;1;0;1;1;0;0;0;0;0;1;1;0;0;0;0;0;0;1;1;0;0;1;0;0;0;1;38.7546666666667
1;0;0;1;0;1;0;1;0;1;0;0;1;0;1;0;0;0;0;0;1;1;1;0;0;0;0;0;0;1;1;0;0;1;0;0;0;1;483.597933333333
1;0;0;1;0;1;1;0;0;1;0;0;1;0;1;1;0;0;0;0;0;1;1;0;0;0;0;0;0;1;0;1;0;1;0;0;0;1;35.5805
1;0;0;1;0;1;0;1;0;1;0;0;1;0;1;1;0;0;0;0;0;1;1;0;0;0;0;0;0;1;0;1;0;1;0;0;0;1;38.2724666666667
1;0;0;1;0;1;0;0;1;1;0;0;1;0;1;1;0;0;0;0;0;1;1;0;0;0;0;0;0;1;0;1;0;1;0;0;0;1;41.3588
1;0;0;1;0;1;1;0;0;1;0;0;1;0;1;0;0;0;0;0;1;1;1;0;0;0;0;0;0;1;0;1;0;1;0;0;0;1;474.7663
1;0;0;1;0;1;0;1;0;1;0;0;1;0;1;0;0;0;0;0;1;1;1;0;0;0;0;0;0;1;0;1;0;1;0;0;0;1;485.482866666667
1;0;0;1;0;1;0;0;1;1;0;0;1;0;1;0;0;0;0;0;1;1;1;0;0;0;0;0;0;1;0;1;0;1;0;0;0;1;493.1414
1;0;0;1;0;1;0;1;0;1;0;0;1;0;1;1;0;0;0;0;0;1;1;0;0;0;0;0;0;1;0;0;1;1;0;0;0;1;36.9050666666667
1;0;0;1;0;1;0;1;0;1;0;0;1;0;1;0;0;0;0;0;1;1;1;0;0;0;0;0;0;1;0;0;1;1;0;0;0;1;496.2819
1;1;0;0;0;1;1;0;0;1;1;0;0;0;1;1;0;0;0;0;0;1;1;0;0;0;0;0;0;1;1;0;0;1;1;0;0;0;29.0059
1;1;0;0;0;1;0;1;0;1;1;0;0;0;1;1;0;0;0;0;0;1;1;0;0;0;0;0;0;1;1;0;0;1;1;0;0;0;29.8814666666667
1;1;0;0;0;1;0;0;1;1;1;0;0;0;1;1;0;0;0;0;0;1;1;0;0;0;0;0;0;1;1;0;0;1;1;0;0;0;29.9956666666667
1;1;0;0;0;1;1;0;0;1;0;1;0;0;1;1;0;0;0;0;0;1;1;0;0;0;0;0;0;1;1;0;0;1;1;0;0;0;28.0881666666667
1;1;0;0;0;1;0;1;0;1;0;1;0;0;1;1;0;0;0;0;0;1;1;0;0;0;0;0;0;1;1;0;0;1;1;0;0;0;28.7994666666667
1;1;0;0;0;1;0;0;1;1;0;1;0;0;1;1;0;0;0;0;0;1;1;0;0;0;0;0;0;1;1;0;0;1;1;0;0;0;30.0805333333333
1;1;0;0;0;1;1;0;0;1;0;0;1;0;1;1;0;0;0;0;0;1;1;0;0;0;0;0;0;1;1;0;0;1;1;0;0;0;29.0811333333333
1;1;0;0;0;1;0;1;0;1;0;0;1;0;1;1;0;0;0;0;0;1;1;0;0;0;0;0;0;1;1;0;0;1;1;0;0;0;29.4261333333333
1;1;0;0;0;1;0;0;1;1;0;0;1;0;1;1;0;0;0;0;0;1;1;0;0;0;0;0;0;1;1;0;0;1;1;0;0;0;29.2165
1;1;0;0;0;1;1;0;0;1;0;0;0;1;1;1;0;0;0;0;0;1;1;0;0;0;0;0;0;1;1;0;0;1;1;0;0;0;28.9843666666667
1;1;0;0;0;1;0;1;0;1;0;0;0;1;1;1;0;0;0;0;0;1;1;0;0;0;0;0;0;1;1;0;0;1;1;0;0;0;28.2579333333333
1;1;0;0;0;1;0;0;1;1;0;0;0;1;1;1;0;0;0;0;0;1;1;0;0;0;0;0;0;1;1;0;0;1;1;0;0;0;29.4626333333333
1;1;0;0;0;1;1;0;0;1;1;0;0;0;1;0;1;0;0;0;0;1;1;0;0;0;0;0;0;1;1;0;0;1;1;0;0;0;26.1629666666667
1;1;0;0;0;1;0;1;0;1;1;0;0;0;1;0;1;0;0;0;0;1;1;0;0;0;0;0;0;1;1;0;0;1;1;0;0;0;27.3661666666667
1;1;0;0;0;1;1;0;0;1;0;1;0;0;1;0;1;0;0;0;0;1;1;0;0;0;0;0;0;1;1;0;0;1;1;0;0;0;25.2139666666667
1;1;0;0;0;1;0;1;0;1;0;1;0;0;1;0;1;0;0;0;0;1;1;0;0;0;0;0;0;1;1;0;0;1;1;0;0;0;26.7578666666667
1;1;0;0;0;1;1;0;0;1;0;0;1;0;1;0;1;0;0;0;0;1;1;0;0;0;0;0;0;1;1;0;0;1;1;0;0;0;24.6823
1;1;0;0;0;1;0;1;0;1;0;0;1;0;1;0;1;0;0;0;0;1;1;0;0;0;0;0;0;1;1;0;0;1;1;0;0;0;25.7192666666667
1;1;0;0;0;1;0;0;1;1;0;0;1;0;1;0;1;0;0;0;0;1;1;0;0;0;0;0;0;1;1;0;0;1;1;0;0;0;25.5022
1;1;0;0;0;1;1;0;0;1;0;0;0;1;1;0;1;0;0;0;0;1;1;0;0;0;0;0;0;1;1;0;0;1;1;0;0;0;25.7759333333333
1;1;0;0;0;1;0;1;0;1;0;0;0;1;1;0;1;0;0;0;0;1;1;0;0;0;0;0;0;1;1;0;0;1;1;0;0;0;26.5392
1;1;0;0;0;1;0;1;0;1;1;0;0;0;1;0;0;1;0;0;0;1;1;0;0;0;0;0;0;1;1;0;0;1;1;0;0;0;26.3913
1;1;0;0;0;1;0;1;0;1;0;1;0;0;1;0;0;1;0;0;0;1;1;0;0;0;0;0;0;1;1;0;0;1;1;0;0;0;27.0188
1;1;0;0;0;1;0;1;0;1;0;0;1;0;1;0;0;1;0;0;0;1;1;0;0;0;0;0;0;1;1;0;0;1;1;0;0;0;27.2667666666667
1;1;0;0;0;1;0;1;0;1;0;0;0;1;1;0;0;1;0;0;0;1;1;0;0;0;0;0;0;1;1;0;0;1;1;0;0;0;28.8717666666667
1;1;0;0;0;1;0;1;0;1;1;0;0;0;1;0;0;0;1;0;0;1;1;0;0;0;0;0;0;1;1;0;0;1;1;0;0;0;26.7871
1;1;0;0;0;1;0;1;0;1;0;0;1;0;1;0;0;0;1;0;0;1;1;0;0;0;0;0;0;1;1;0;0;1;1;0;0;0;27.4200666666667
1;1;0;0;0;1;0;1;0;1;0;0;0;1;1;0;0;0;1;0;0;1;1;0;0;0;0;0;0;1;1;0;0;1;1;0;0;0;29.4056
1;1;0;0;0;1;0;1;0;1;0;1;0;0;1;0;0;0;0;0;1;1;1;0;0;0;0;0;0;1;1;0;0;1;1;0;0;0;80.1709666666667
1;1;0;0;0;1;1;0;0;1;1;0;0;0;1;1;0;0;0;0;0;1;0;1;0;0;0;0;0;1;1;0;0;1;1;0;0;0;27.1811
1;1;0;0;0;1;0;1;0;1;1;0;0;0;1;1;0;0;0;0;0;1;0;1;0;0;0;0;0;1;1;0;0;1;1;0;0;0;26.9966666666667
1;1;0;0;0;1;0;1;0;1;0;0;0;1;1;0;0;1;0;0;0;1;0;1;0;0;0;0;0;1;1;0;0;1;1;0;0;0;22.0891
1;1;0;0;0;1;0;1;0;1;0;0;0;1;1;0;0;1;0;0;0;1;0;0;1;0;0;0;0;1;1;0;0;1;1;0;0;0;31.3409
1;1;0;0;0;1;0;1;0;1;1;0;0;0;1;0;0;1;0;0;0;1;0;0;0;1;0;0;0;1;1;0;0;1;1;0;0;0;33.1217
1;1;0;0;0;1;0;1;0;1;0;0;0;1;1;0;0;1;0;0;0;1;0;0;0;1;0;0;0;1;1;0;0;1;1;0;0;0;32.9728
1;1;0;0;0;1;0;1;0;1;0;0;0;1;1;0;0;1;0;0;0;1;0;0;0;0;1;0;0;1;1;0;0;1;1;0;0;0;32.4390333333333
1;1;0;0;0;1;0;1;0;1;1;0;0;0;1;0;0;1;0;0;0;1;0;0;0;0;0;1;0;1;1;0;0;1;1;0;0;0;28.26194
1;1;0;0;0;1;1;0;0;1;0;0;0;1;1;0;0;1;0;0;0;1;0;0;0;0;0;1;0;1;1;0;0;1;1;0;0;0;30.2287333333333
1;1;0;0;0;1;0;1;0;1;0;0;0;1;1;0;0;1;0;0;0;1;0;0;0;0;0;1;0;1;1;0;0;1;1;0;0;0;30.8096333333333
1;1;0;0;0;1;0;0;1;1;0;0;0;1;1;0;0;1;0;0;0;1;0;0;0;0;0;1;0;1;1;0;0;1;1;0;0;0;34.0762
1;1;0;0;0;1;1;0;0;1;0;0;0;1;1;0;1;0;0;0;0;1;0;0;0;0;0;0;1;1;1;0;0;1;1;0;0;0;33.5640333333333
1;1;0;0;0;1;0;1;0;1;0;0;0;1;1;0;1;0;0;0;0;1;0;0;0;0;0;0;1;1;1;0;0;1;1;0;0;0;36.3623
1;1;0;0;0;1;0;1;0;1;0;0;0;1;1;0;0;1;0;0;0;1;0;0;0;0;0;0;1;1;1;0;0;1;1;0;0;0;32.8672666666667
1;1;0;0;0;1;1;0;0;1;1;0;0;0;1;1;0;0;0;0;0;1;1;0;0;0;0;0;0;1;0;1;0;1;1;0;0;0;28.6744666666667
1;1;0;0;0;1;1;0;0;1;1;0;0;0;1;0;1;0;0;0;0;1;1;0;0;0;0;0;0;1;0;1;0;1;1;0;0;0;26.3177666666667
1;1;0;0;0;1;1;0;0;1;0;0;0;1;1;0;1;0;0;0;0;1;1;0;0;0;0;0;0;1;0;1;0;1;1;0;0;0;26.4737666666667
1;1;0;0;0;1;0;1;0;1;0;0;0;1;1;0;1;0;0;0;0;1;1;0;0;0;0;0;0;1;0;1;0;1;1;0;0;0;26.9015
1;1;0;0;0;1;0;1;0;1;1;0;0;0;1;0;0;1;0;0;0;1;1;0;0;0;0;0;0;1;0;1;0;1;1;0;0;0;28.2947333333333
1;1;0;0;0;1;0;1;0;1;0;0;0;1;1;0;0;1;0;0;0;1;1;0;0;0;0;0;0;1;0;1;0;1;1;0;0;0;25.2629
1;1;0;0;0;1;0;1;0;1;0;0;0;1;1;0;0;1;0;0;0;1;0;1;0;0;0;0;0;1;0;1;0;1;1;0;0;0;29.753
1;1;0;0;0;1;0;1;0;1;0;0;0;1;1;0;0;1;0;0;0;1;0;0;1;0;0;0;0;1;0;1;0;1;1;0;0;0;32.3562333333333
1;1;0;0;0;1;0;1;0;1;0;0;0;1;1;0;0;1;0;0;0;1;0;0;0;1;0;0;0;1;0;1;0;1;1;0;0;0;30.2976333333333
1;1;0;0;0;1;0;1;0;1;0;0;0;1;1;0;0;1;0;0;0;1;0;0;0;0;1;0;0;1;0;1;0;1;1;0;0;0;30.4475666666667
1;1;0;0;0;1;0;1;0;1;1;0;0;0;1;0;0;1;0;0;0;1;0;0;0;0;0;1;0;1;0;1;0;1;1;0;0;0;31.9401666666667
1;1;0;0;0;1;0;1;0;1;0;0;1;0;1;0;0;1;0;0;0;1;0;0;0;0;0;1;0;1;0;1;0;1;1;0;0;0;33.4073666666667
1;1;0;0;0;1;1;0;0;1;0;0;0;1;1;0;0;1;0;0;0;1;0;0;0;0;0;1;0;1;0;1;0;1;1;0;0;0;29.6974
1;1;0;0;0;1;0;1;0;1;0;0;0;1;1;0;0;1;0;0;0;1;0;0;0;0;0;1;0;1;0;1;0;1;1;0;0;0;30.4132
1;1;0;0;0;1;0;0;1;1;0;0;0;1;1;0;0;1;0;0;0;1;0;0;0;0;0;1;0;1;0;1;0;1;1;0;0;0;30.8179333333333
1;1;0;0;0;1;0;1;0;1;0;0;0;1;1;0;0;1;0;0;0;1;0;0;0;0;0;0;1;1;0;1;0;1;1;0;0;0;31.8539
1;1;0;0;0;1;1;0;0;1;1;0;0;0;1;1;0;0;0;0;0;1;1;0;0;0;0;0;0;1;0;0;1;1;1;0;0;0;29.4330666666667
1;1;0;0;0;1;0;1;0;1;1;0;0;0;1;0;0;1;0;0;0;1;1;0;0;0;0;0;0;1;0;0;1;1;1;0;0;0;25.9366
1;1;0;0;0;1;0;1;0;1;0;0;0;1;1;0;0;1;0;0;0;1;1;0;0;0;0;0;0;1;0;0;1;1;1;0;0;0;25.3087666666667
1;1;0;0;0;1;0;1;0;1;0;0;0;1;1;0;0;1;0;0;0;1;0;1;0;0;0;0;0;1;0;0;1;1;1;0;0;0;27.8897
1;1;0;0;0;1;0;1;0;1;0;0;0;1;1;0;0;1;0;0;0;1;0;0;1;0;0;0;0;1;0;0;1;1;1;0;0;0;30.18578
1;1;0;0;0;1;0;1;0;1;0;0;0;1;1;0;0;1;0;0;0;1;0;0;0;1;0;0;0;1;0;0;1;1;1;0;0;0;28.3513666666667
1;1;0;0;0;1;0;1;0;1;0;0;0;1;1;0;0;1;0;0;0;1;0;0;0;0;1;0;0;1;0;0;1;1;1;0;0;0;29.5534
1;1;0;0;0;1;0;1;0;1;1;0;0;0;1;0;0;1;0;0;0;1;0;0;0;0;0;1;0;1;0;0;1;1;1;0;0;0;31.113
1;1;0;0;0;1;1;0;0;1;0;0;0;1;1;0;0;1;0;0;0;1;0;0;0;0;0;1;0;1;0;0;1;1;1;0;0;0;33.9406666666667
1;1;0;0;0;1;0;1;0;1;0;0;0;1;1;0;0;1;0;0;0;1;0;0;0;0;0;1;0;1;0;0;1;1;1;0;0;0;30.1605333333333
1;1;0;0;0;1;0;0;1;1;0;0;0;1;1;0;0;1;0;0;0;1;0;0;0;0;0;1;0;1;0;0;1;1;1;0;0;0;32.2165666666667
1;1;0;0;0;1;0;1;0;1;0;0;0;1;1;0;0;1;0;0;0;1;0;0;0;0;0;0;1;1;0;0;1;1;1;0;0;0;30.0336333333333
1;1;0;0;0;1;1;0;0;1;1;0;0;0;1;1;0;0;0;0;0;1;1;0;0;0;0;0;0;1;1;0;0;1;0;1;0;0;29.5395333333333
1;1;0;0;0;1;0;1;0;1;0;0;1;0;1;1;0;0;0;0;0;1;1;0;0;0;0;0;0;1;1;0;0;1;0;1;0;0;29.4364
1;1;0;0;0;1;1;0;0;1;0;0;0;1;1;0;1;0;0;0;0;1;1;0;0;0;0;0;0;1;1;0;0;1;0;1;0;0;24.0050333333333
1;1;0;0;0;1;0;1;0;1;0;0;0;1;1;0;1;0;0;0;0;1;1;0;0;0;0;0;0;1;1;0;0;1;0;1;0;0;28.3569666666667
1;1;0;0;0;1;0;1;0;1;0;0;1;0;1;0;0;0;0;0;1;1;1;0;0;0;0;0;0;1;1;0;0;1;0;1;0;0;83.7049333333333
1;1;0;0;0;1;1;0;0;1;0;0;0;1;1;0;1;0;0;0;0;1;0;0;0;0;0;0;1;1;1;0;0;1;0;1;0;0;34.6631
1;1;0;0;0;1;0;1;0;1;0;0;0;1;1;0;1;0;0;0;0;1;0;0;0;0;0;0;1;1;1;0;0;1;0;1;0;0;35.0360333333333
1;1;0;0;0;1;1;0;0;1;0;0;1;0;1;1;0;0;0;0;0;1;1;0;0;0;0;0;0;1;0;1;0;1;0;1;0;0;29.4158666666667
1;1;0;0;0;1;0;1;0;1;0;0;1;0;1;1;0;0;0;0;0;1;1;0;0;0;0;0;0;1;0;1;0;1;0;1;0;0;30.0767666666667
1;1;0;0;0;1;0;0;1;1;0;0;1;0;1;1;0;0;0;0;0;1;1;0;0;0;0;0;0;1;0;1;0;1;0;1;0;0;29.2162333333333
1;1;0;0;0;1;1;0;0;1;0;0;0;1;1;0;1;0;0;0;0;1;1;0;0;0;0;0;0;1;0;1;0;1;0;1;0;0;24.9061
1;1;0;0;0;1;0;1;0;1;0;0;0;1;1;0;1;0;0;0;0;1;1;0;0;0;0;0;0;1;0;1;0;1;0;1;0;0;26.3149666666667
1;1;0;0;0;1;1;0;0;1;0;0;1;0;1;0;0;0;0;0;1;1;1;0;0;0;0;0;0;1;0;1;0;1;0;1;0;0;83.4904333333333
1;1;0;0;0;1;0;1;0;1;0;0;1;0;1;0;0;0;0;0;1;1;1;0;0;0;0;0;0;1;0;1;0;1;0;1;0;0;86.7385333333333
1;1;0;0;0;1;0;0;1;1;0;0;1;0;1;0;0;0;0;0;1;1;1;0;0;0;0;0;0;1;0;1;0;1;0;1;0;0;79.9234333333333
1;1;0;0;0;1;0;1;0;1;0;0;1;0;1;1;0;0;0;0;0;1;1;0;0;0;0;0;0;1;0;0;1;1;0;1;0;0;28.9342333333333
1;1;0;0;0;1;0;1;0;1;0;0;1;0;1;0;0;0;0;0;1;1;1;0;0;0;0;0;0;1;0;0;1;1;0;1;0;0;87.0218333333333
1;1;0;0;0;1;0;1;0;1;0;1;0;0;1;1;0;0;0;0;0;1;1;0;0;0;0;0;0;1;1;0;0;1;0;0;1;0;30.0003
1;1;0;0;0;1;0;1;0;1;0;0;1;0;1;1;0;0;0;0;0;1;1;0;0;0;0;0;0;1;1;0;0;1;0;0;1;0;29.5395333333333
1;1;0;0;0;1;0;1;0;1;0;1;0;0;1;0;0;0;0;0;1;1;1;0;0;0;0;0;0;1;1;0;0;1;0;0;1;0;83.4160333333333
1;1;0;0;0;1;0;1;0;1;0;0;1;0;1;0;0;0;0;0;1;1;1;0;0;0;0;0;0;1;1;0;0;1;0;0;1;0;84.0311
1;1;0;0;0;1;1;0;0;1;0;0;1;0;1;1;0;0;0;0;0;1;1;0;0;0;0;0;0;1;0;1;0;1;0;0;1;0;28.3904333333333
1;1;0;0;0;1;0;1;0;1;0;0;1;0;1;1;0;0;0;0;0;1;1;0;0;0;0;0;0;1;0;1;0;1;0;0;1;0;30.0538
1;1;0;0;0;1;0;0;1;1;0;0;1;0;1;1;0;0;0;0;0;1;1;0;0;0;0;0;0;1;0;1;0;1;0;0;1;0;29.3963333333333
1;1;0;0;0;1;1;0;0;1;0;0;1;0;1;0;0;0;0;0;1;1;1;0;0;0;0;0;0;1;0;1;0;1;0;0;1;0;83.0139333333333
1;1;0;0;0;1;0;1;0;1;0;0;1;0;1;0;0;0;0;0;1;1;1;0;0;0;0;0;0;1;0;1;0;1;0;0;1;0;81.4292
1;1;0;0;0;1;0;0;1;1;0;0;1;0;1;0;0;0;0;0;1;1;1;0;0;0;0;0;0;1;0;1;0;1;0;0;1;0;79.05986
1;1;0;0;0;1;0;1;0;1;0;0;1;0;1;1;0;0;0;0;0;1;1;0;0;0;0;0;0;1;0;0;1;1;0;0;1;0;29.5626
1;1;0;0;0;1;0;1;0;1;0;0;1;0;1;0;0;0;0;0;1;1;1;0;0;0;0;0;0;1;0;0;1;1;0;0;1;0;83.4952666666667
1;1;0;0;0;1;0;1;0;1;0;0;1;0;1;1;0;0;0;0;0;1;1;0;0;0;0;0;0;1;1;0;0;1;0;0;0;1;29.7082666666667
1;1;0;0;0;1;0;1;0;1;0;0;1;0;1;0;0;0;0;0;1;1;1;0;0;0;0;0;0;1;1;0;0;1;0;0;0;1;82.7144666666667
1;1;0;0;0;1;1;0;0;1;0;0;1;0;1;1;0;0;0;0;0;1;1;0;0;0;0;0;0;1;0;1;0;1;0;0;0;1;28.9251333333333
1;1;0;0;0;1;0;1;0;1;0;0;1;0;1;1;0;0;0;0;0;1;1;0;0;0;0;0;0;1;0;1;0;1;0;0;0;1;29.1224666666667
1;1;0;0;0;1;0;0;1;1;0;0;1;0;1;1;0;0;0;0;0;1;1;0;0;0;0;0;0;1;0;1;0;1;0;0;0;1;29.5689666666667
1;1;0;0;0;1;0;1;0;1;0;0;1;0;1;0;0;0;0;0;1;1;1;0;0;0;0;0;0;1;0;1;0;1;0;0;0;1;82.1313333333333
1;1;0;0;0;1;0;0;1;1;0;0;1;0;1;0;0;0;0;0;1;1;1;0;0;0;0;0;0;1;0;1;0;1;0;0;0;1;80.9407333333333
1;1;0;0;0;1;0;1;0;1;0;0;1;0;1;1;0;0;0;0;0;1;1;0;0;0;0;0;0;1;0;0;1;1;0;0;0;1;29.0626
1;1;0;0;0;1;0;1;0;1;0;0;1;0;1;0;0;0;0;0;1;1;1;0;0;0;0;0;0;1;0;0;1;1;0;0;0;1;83.1426666666667
1;1;0;1;0;1;1;0;0;1;1;0;0;0;1;1;0;0;0;0;0;1;1;0;0;0;0;0;0;1;1;0;0;1;1;0;0;0;35.9487
1;1;0;1;0;1;0;1;0;1;1;0;0;0;1;1;0;0;0;0;0;1;1;0;0;0;0;0;0;1;1;0;0;1;1;0;0;0;38.7794666666667
1;1;0;1;0;1;0;0;1;1;1;0;0;0;1;1;0;0;0;0;0;1;1;0;0;0;0;0;0;1;1;0;0;1;1;0;0;0;41.9813333333333
1;1;0;1;0;1;1;0;0;1;0;1;0;0;1;1;0;0;0;0;0;1;1;0;0;0;0;0;0;1;1;0;0;1;1;0;0;0;35.2512666666667
1;1;0;1;0;1;0;1;0;1;0;1;0;0;1;1;0;0;0;0;0;1;1;0;0;0;0;0;0;1;1;0;0;1;1;0;0;0;39.5257333333333
1;1;0;1;0;1;0;0;1;1;0;1;0;0;1;1;0;0;0;0;0;1;1;0;0;0;0;0;0;1;1;0;0;1;1;0;0;0;42.5516
1;1;0;1;0;1;1;0;0;1;0;0;1;0;1;1;0;0;0;0;0;1;1;0;0;0;0;0;0;1;1;0;0;1;1;0;0;0;34.8988666666667
1;1;0;1;0;1;0;1;0;1;0;0;1;0;1;1;0;0;0;0;0;1;1;0;0;0;0;0;0;1;1;0;0;1;1;0;0;0;39.3684
1;1;0;1;0;1;0;0;1;1;0;0;1;0;1;1;0;0;0;0;0;1;1;0;0;0;0;0;0;1;1;0;0;1;1;0;0;0;42.9812
1;1;0;1;0;1;1;0;0;1;0;0;0;1;1;1;0;0;0;0;0;1;1;0;0;0;0;0;0;1;1;0;0;1;1;0;0;0;34.3006666666667
1;1;0;1;0;1;0;1;0;1;0;0;0;1;1;1;0;0;0;0;0;1;1;0;0;0;0;0;0;1;1;0;0;1;1;0;0;0;38.7223333333333
1;1;0;1;0;1;0;0;1;1;0;0;0;1;1;1;0;0;0;0;0;1;1;0;0;0;0;0;0;1;1;0;0;1;1;0;0;0;41.8589
1;1;0;1;0;1;1;0;0;1;1;0;0;0;1;0;1;0;0;0;0;1;1;0;0;0;0;0;0;1;1;0;0;1;1;0;0;0;45.9196666666667
1;1;0;1;0;1;0;1;0;1;1;0;0;0;1;0;1;0;0;0;0;1;1;0;0;0;0;0;0;1;1;0;0;1;1;0;0;0;48.1412666666667
1;1;0;1;0;1;0;1;0;1;0;1;0;0;1;0;1;0;0;0;0;1;1;0;0;0;0;0;0;1;1;0;0;1;1;0;0;0;49.3618
1;1;0;1;0;1;1;0;0;1;0;0;1;0;1;0;1;0;0;0;0;1;1;0;0;0;0;0;0;1;1;0;0;1;1;0;0;0;45.2865666666667
1;1;0;1;0;1;0;1;0;1;0;0;1;0;1;0;1;0;0;0;0;1;1;0;0;0;0;0;0;1;1;0;0;1;1;0;0;0;49.27
1;1;0;1;0;1;1;0;0;1;0;0;0;1;1;0;1;0;0;0;0;1;1;0;0;0;0;0;0;1;1;0;0;1;1;0;0;0;45.8863
1;1;0;1;0;1;0;1;0;1;0;0;0;1;1;0;1;0;0;0;0;1;1;0;0;0;0;0;0;1;1;0;0;1;1;0;0;0;48.6792
1;1;0;1;0;1;0;1;0;1;1;0;0;0;1;0;0;1;0;0;0;1;1;0;0;0;0;0;0;1;1;0;0;1;1;0;0;0;71.2598666666667
1;1;0;1;0;1;0;1;0;1;0;1;0;0;1;0;0;1;0;0;0;1;1;0;0;0;0;0;0;1;1;0;0;1;1;0;0;0;66.78586
1;1;0;1;0;1;0;1;0;1;0;0;1;0;1;0;0;1;0;0;0;1;1;0;0;0;0;0;0;1;1;0;0;1;1;0;0;0;69.6292
1;1;0;1;0;1;0;1;0;1;0;0;0;1;1;0;0;1;0;0;0;1;1;0;0;0;0;0;0;1;1;0;0;1;1;0;0;0;72.9301666666667
1;1;0;1;0;1;0;1;0;1;1;0;0;0;1;0;0;0;1;0;0;1;1;0;0;0;0;0;0;1;1;0;0;1;1;0;0;0;102.166966666667
1;1;0;1;0;1;0;1;0;1;0;0;0;1;1;0;0;0;1;0;0;1;1;0;0;0;0;0;0;1;1;0;0;1;1;0;0;0;100.060333333333
1;1;0;1;0;1;0;1;0;1;0;0;0;1;1;0;0;1;0;0;0;1;0;1;0;0;0;0;0;1;1;0;0;1;1;0;0;0;56.8427666666667
1;1;0;1;0;1;0;1;0;1;0;0;0;1;1;0;0;1;0;0;0;1;0;0;1;0;0;0;0;1;1;0;0;1;1;0;0;0;72.3467
1;1;0;1;0;1;0;1;0;1;0;0;0;1;1;0;0;1;0;0;0;1;0;0;0;1;0;0;0;1;1;0;0;1;1;0;0;0;70.1029
1;1;0;1;0;1;0;1;0;1;0;0;0;1;1;0;0;1;0;0;0;1;0;0;0;0;1;0;0;1;1;0;0;1;1;0;0;0;71.4431666666667
1;1;0;1;0;1;0;1;0;1;1;0;0;0;1;0;0;1;0;0;0;1;0;0;0;0;0;1;0;1;1;0;0;1;1;0;0;0;72.2426333333333
1;1;0;1;0;1;1;0;0;1;0;0;0;1;1;0;0;1;0;0;0;1;0;0;0;0;0;1;0;1;1;0;0;1;1;0;0;0;74.3682
1;1;0;1;0;1;0;1;0;1;0;0;0;1;1;0;0;1;0;0;0;1;0;0;0;0;0;1;0;1;1;0;0;1;1;0;0;0;75.7341666666667
1;1;0;1;0;1;0;0;1;1;0;0;0;1;1;0;0;1;0;0;0;1;0;0;0;0;0;1;0;1;1;0;0;1;1;0;0;0;70.4174666666667
1;1;0;1;0;1;1;0;0;1;0;0;0;1;1;0;1;0;0;0;0;1;0;0;0;0;0;0;1;1;1;0;0;1;1;0;0;0;44.9089333333333
1;1;0;1;0;1;0;1;0;1;0;0;0;1;1;0;1;0;0;0;0;1;0;0;0;0;0;0;1;1;1;0;0;1;1;0;0;0;44.7858333333333
1;1;0;1;0;1;0;1;0;1;0;0;0;1;1;0;0;1;0;0;0;1;0;0;0;0;0;0;1;1;1;0;0;1;1;0;0;0;69.9784
1;1;0;1;0;1;1;0;0;1;0;0;0;1;1;0;1;0;0;0;0;1;1;0;0;0;0;0;0;1;0;1;0;1;1;0;0;0;45.9453333333333
1;1;0;1;0;1;0;1;0;1;0;0;0;1;1;0;1;0;0;0;0;1;1;0;0;0;0;0;0;1;0;1;0;1;1;0;0;0;49.2608
1;1;0;1;0;1;0;1;0;1;0;0;0;1;1;0;0;1;0;0;0;1;1;0;0;0;0;0;0;1;0;1;0;1;1;0;0;0;69.9343666666667
1;1;0;1;0;1;0;1;0;1;0;0;0;1;1;0;0;1;0;0;0;1;0;1;0;0;0;0;0;1;0;1;0;1;1;0;0;0;54.3256
1;1;0;1;0;1;0;1;0;1;0;0;0;1;1;0;0;1;0;0;0;1;0;0;1;0;0;0;0;1;0;1;0;1;1;0;0;0;68.2773666666667
1;1;0;1;0;1;0;1;0;1;0;0;0;1;1;0;0;1;0;0;0;1;0;0;0;1;0;0;0;1;0;1;0;1;1;0;0;0;77.3055333333333
1;1;0;1;0;1;0;1;0;1;0;0;0;1;1;0;0;1;0;0;0;1;0;0;0;0;1;0;0;1;0;1;0;1;1;0;0;0;72.9326333333333
1;1;0;1;0;1;0;1;0;1;1;0;0;0;1;0;0;1;0;0;0;1;0;0;0;0;0;1;0;1;0;1;0;1;1;0;0;0;71.4167666666667
1;1;0;1;0;1;1;0;0;1;0;0;0;1;1;0;0;1;0;0;0;1;0;0;0;0;0;1;0;1;0;1;0;1;1;0;0;0;72.3825333333333
1;1;0;1;0;1;0;1;0;1;0;0;0;1;1;0;0;1;0;0;0;1;0;0;0;0;0;1;0;1;0;1;0;1;1;0;0;0;67.9233
1;1;0;1;0;1;0;0;1;1;0;0;0;1;1;0;0;1;0;0;0;1;0;0;0;0;0;1;0;1;0;1;0;1;1;0;0;0;68.1301333333333
1;1;0;1;0;1;0;1;0;1;0;0;0;1;1;0;0;1;0;0;0;1;0;0;0;0;0;0;1;1;0;1;0;1;1;0;0;0;70.3823
1;1;0;1;0;1;0;1;0;1;1;0;0;0;1;0;0;1;0;0;0;1;1;0;0;0;0;0;0;1;0;0;1;1;1;0;0;0;69.1547333333333
1;1;0;1;0;1;0;1;0;1;0;0;0;1;1;0;0;1;0;0;0;1;1;0;0;0;0;0;0;1;0;0;1;1;1;0;0;0;70.8281666666667
1;1;0;1;0;1;0;1;0;1;0;0;0;1;1;0;0;1;0;0;0;1;0;1;0;0;0;0;0;1;0;0;1;1;1;0;0;0;56.9594666666667
1;1;0;1;0;1;0;1;0;1;0;0;0;1;1;0;0;1;0;0;0;1;0;0;1;0;0;0;0;1;0;0;1;1;1;0;0;0;72.5049
1;1;0;1;0;1;0;1;0;1;0;0;0;1;1;0;0;1;0;0;0;1;0;0;0;1;0;0;0;1;0;0;1;1;1;0;0;0;71.3889666666667
1;1;0;1;0;1;0;1;0;1;0;0;0;1;1;0;0;1;0;0;0;1;0;0;0;0;1;0;0;1;0;0;1;1;1;0;0;0;72.8213
1;1;0;1;0;1;0;1;0;1;1;0;0;0;1;0;0;1;0;0;0;1;0;0;0;0;0;1;0;1;0;0;1;1;1;0;0;0;73.4626333333333
1;1;0;1;0;1;1;0;0;1;0;0;0;1;1;0;0;1;0;0;0;1;0;0;0;0;0;1;0;1;0;0;1;1;1;0;0;0;73.7511666666667
1;1;0;1;0;1;0;1;0;1;0;0;0;1;1;0;0;1;0;0;0;1;0;0;0;0;0;1;0;1;0;0;1;1;1;0;0;0;70.7193333333333
1;1;0;1;0;1;0;0;1;1;0;0;0;1;1;0;0;1;0;0;0;1;0;0;0;0;0;1;0;1;0;0;1;1;1;0;0;0;66.7984
1;1;0;1;0;1;0;1;0;1;0;0;0;1;1;0;0;1;0;0;0;1;0;0;0;0;0;0;1;1;0;0;1;1;1;0;0;0;71.0258666666667
1;1;0;1;0;1;0;1;0;1;0;0;1;0;1;1;0;0;0;0;0;1;1;0;0;0;0;0;0;1;1;0;0;1;0;1;0;0;38.3634333333333
1;1;0;1;0;1;1;0;0;1;0;0;0;1;1;0;1;0;0;0;0;1;1;0;0;0;0;0;0;1;1;0;0;1;0;1;0;0;44.557
1;1;0;1;0;1;0;1;0;1;0;0;0;1;1;0;1;0;0;0;0;1;1;0;0;0;0;0;0;1;1;0;0;1;0;1;0;0;49.5587
1;1;0;1;0;1;0;1;0;1;0;0;1;0;1;0;0;0;0;0;1;1;1;0;0;0;0;0;0;1;1;0;0;1;0;1;0;0;481.891033333334
1;1;0;1;0;1;1;0;0;1;0;0;1;0;1;1;0;0;0;0;0;1;1;0;0;0;0;0;0;1;0;1;0;1;0;1;0;0;35.9189
1;1;0;1;0;1;0;1;0;1;0;0;1;0;1;1;0;0;0;0;0;1;1;0;0;0;0;0;0;1;0;1;0;1;0;1;0;0;38.5740666666667
1;1;0;1;0;1;0;0;1;1;0;0;1;0;1;1;0;0;0;0;0;1;1;0;0;0;0;0;0;1;0;1;0;1;0;1;0;0;41.7774
1;1;0;1;0;1;1;0;0;1;0;0;0;1;1;0;1;0;0;0;0;1;1;0;0;0;0;0;0;1;0;1;0;1;0;1;0;0;45.3003333333333
1;1;0;1;0;1;0;1;0;1;0;0;0;1;1;0;1;0;0;0;0;1;1;0;0;0;0;0;0;1;0;1;0;1;0;1;0;0;48.4514333333333
1;1;0;1;0;1;1;0;0;1;0;0;1;0;1;0;0;0;0;0;1;1;1;0;0;0;0;0;0;1;0;1;0;1;0;1;0;0;484.461966666666
1;1;0;1;0;1;0;1;0;1;0;0;1;0;1;0;0;0;0;0;1;1;1;0;0;0;0;0;0;1;0;1;0;1;0;1;0;0;497.638333333333
1;1;0;1;0;1;0;0;1;1;0;0;1;0;1;0;0;0;0;0;1;1;1;0;0;0;0;0;0;1;0;1;0;1;0;1;0;0;504.463333333333
1;1;0;1;0;1;0;1;0;1;0;0;1;0;1;1;0;0;0;0;0;1;1;0;0;0;0;0;0;1;0;0;1;1;0;1;0;0;40.0090666666667
1;1;0;1;0;1;0;1;0;1;0;0;1;0;1;0;0;0;0;0;1;1;1;0;0;0;0;0;0;1;0;0;1;1;0;1;0;0;487.0645
1;1;0;1;0;1;0;1;0;1;0;1;0;0;1;1;0;0;0;0;0;1;1;0;0;0;0;0;0;1;1;0;0;1;0;0;1;0;38.0253
1;1;0;1;0;1;0;1;0;1;0;0;1;0;1;1;0;0;0;0;0;1;1;0;0;0;0;0;0;1;1;0;0;1;0;0;1;0;38.2955333333333
1;1;0;1;0;1;0;1;0;1;0;1;0;0;1;0;0;0;0;0;1;1;1;0;0;0;0;0;0;1;1;0;0;1;0;0;1;0;493.873733333334
1;1;0;1;0;1;0;1;0;1;0;0;1;0;1;0;0;0;0;0;1;1;1;0;0;0;0;0;0;1;1;0;0;1;0;0;1;0;486.350033333333
1;1;0;1;0;1;1;0;0;1;0;0;1;0;1;1;0;0;0;0;0;1;1;0;0;0;0;0;0;1;0;1;0;1;0;0;1;0;35.2066
1;1;0;1;0;1;0;1;0;1;0;0;1;0;1;1;0;0;0;0;0;1;1;0;0;0;0;0;0;1;0;1;0;1;0;0;1;0;38.2154666666667
1;1;0;1;0;1;0;0;1;1;0;0;1;0;1;1;0;0;0;0;0;1;1;0;0;0;0;0;0;1;0;1;0;1;0;0;1;0;40.8300666666667
1;1;0;1;0;1;1;0;0;1;0;0;1;0;1;0;0;0;0;0;1;1;1;0;0;0;0;0;0;1;0;1;0;1;0;0;1;0;478.6399
1;1;0;1;0;1;0;1;0;1;0;0;1;0;1;0;0;0;0;0;1;1;1;0;0;0;0;0;0;1;0;1;0;1;0;0;1;0;498.486566666667
1;1;0;1;0;1;0;0;1;1;0;0;1;0;1;0;0;0;0;0;1;1;1;0;0;0;0;0;0;1;0;1;0;1;0;0;1;0;502.686233333333
1;1;0;1;0;1;0;1;0;1;0;0;1;0;1;1;0;0;0;0;0;1;1;0;0;0;0;0;0;1;0;0;1;1;0;0;1;0;38.3011666666667
1;1;0;1;0;1;0;1;0;1;0;0;1;0;1;0;0;0;0;0;1;1;1;0;0;0;0;0;0;1;0;0;1;1;0;0;1;0;473.614733333333
1;1;0;1;0;1;0;1;0;1;0;0;1;0;1;1;0;0;0;0;0;1;1;0;0;0;0;0;0;1;1;0;0;1;0;0;0;1;39.7891333333333
1;1;0;1;0;1;0;1;0;1;0;0;1;0;1;0;0;0;0;0;1;1;1;0;0;0;0;0;0;1;1;0;0;1;0;0;0;1;494.477066666667
1;1;0;1;0;1;1;0;0;1;0;0;1;0;1;1;0;0;0;0;0;1;1;0;0;0;0;0;0;1;0;1;0;1;0;0;0;1;36.0630333333333
1;1;0;1;0;1;0;1;0;1;0;0;1;0;1;1;0;0;0;0;0;1;1;0;0;0;0;0;0;1;0;1;0;1;0;0;0;1;38.1915
1;1;0;1;0;1;0;0;1;1;0;0;1;0;1;1;0;0;0;0;0;1;1;0;0;0;0;0;0;1;0;1;0;1;0;0;0;1;42.2703666666667
1;1;0;1;0;1;0;1;0;1;0;0;1;0;1;0;0;0;0;0;1;1;1;0;0;0;0;0;0;1;0;1;0;1;0;0;0;1;483.0434
1;1;0;1;0;1;0;0;1;1;0;0;1;0;1;0;0;0;0;0;1;1;1;0;0;0;0;0;0;1;0;1;0;1;0;0;0;1;489.9476
1;1;0;1;0;1;0;1;0;1;0;0;1;0;1;1;0;0;0;0;0;1;1;0;0;0;0;0;0;1;0;0;1;1;0;0;0;1;38.5542
1;1;0;1;0;1;0;1;0;1;0;0;1;0;1;0;0;0;0;0;1;1;1;0;0;0;0;0;0;1;0;0;1;1;0;0;0;1;492.513433333333
1;0;1;0;0;1;1;0;0;1;1;0;0;0;1;1;0;0;0;0;0;1;1;0;0;0;0;0;0;1;1;0;0;1;1;0;0;0;31.5312
1;0;1;0;0;1;0;1;0;1;1;0;0;0;1;1;0;0;0;0;0;1;1;0;0;0;0;0;0;1;1;0;0;1;1;0;0;0;32.6414333333333
1;0;1;0;0;1;0;0;1;1;1;0;0;0;1;1;0;0;0;0;0;1;1;0;0;0;0;0;0;1;1;0;0;1;1;0;0;0;34.5799666666667
1;0;1;0;0;1;1;0;0;1;0;1;0;0;1;1;0;0;0;0;0;1;1;0;0;0;0;0;0;1;1;0;0;1;1;0;0;0;30.5024
1;0;1;0;0;1;0;1;0;1;0;1;0;0;1;1;0;0;0;0;0;1;1;0;0;0;0;0;0;1;1;0;0;1;1;0;0;0;33.3526
1;0;1;0;0;1;0;0;1;1;0;1;0;0;1;1;0;0;0;0;0;1;1;0;0;0;0;0;0;1;1;0;0;1;1;0;0;0;34.5257
1;0;1;0;0;1;1;0;0;1;0;0;1;0;1;1;0;0;0;0;0;1;1;0;0;0;0;0;0;1;1;0;0;1;1;0;0;0;30.3060666666667
1;0;1;0;0;1;0;1;0;1;0;0;1;0;1;1;0;0;0;0;0;1;1;0;0;0;0;0;0;1;1;0;0;1;1;0;0;0;34.3809666666667
1;0;1;0;0;1;0;0;1;1;0;0;1;0;1;1;0;0;0;0;0;1;1;0;0;0;0;0;0;1;1;0;0;1;1;0;0;0;35.917
1;0;1;0;0;1;1;0;0;1;0;0;0;1;1;1;0;0;0;0;0;1;1;0;0;0;0;0;0;1;1;0;0;1;1;0;0;0;31.5044
1;0;1;0;0;1;0;1;0;1;0;0;0;1;1;1;0;0;0;0;0;1;1;0;0;0;0;0;0;1;1;0;0;1;1;0;0;0;31.5557666666667
1;0;1;0;0;1;0;0;1;1;0;0;0;1;1;1;0;0;0;0;0;1;1;0;0;0;0;0;0;1;1;0;0;1;1;0;0;0;32.4376666666667
1;0;1;0;0;1;1;0;0;1;1;0;0;0;1;0;1;0;0;0;0;1;1;0;0;0;0;0;0;1;1;0;0;1;1;0;0;0;35.5561
1;0;1;0;0;1;0;1;0;1;1;0;0;0;1;0;1;0;0;0;0;1;1;0;0;0;0;0;0;1;1;0;0;1;1;0;0;0;38.3078666666667
1;0;1;0;0;1;1;0;0;1;0;1;0;0;1;0;1;0;0;0;0;1;1;0;0;0;0;0;0;1;1;0;0;1;1;0;0;0;36.5644666666667
1;0;1;0;0;1;0;1;0;1;0;1;0;0;1;0;1;0;0;0;0;1;1;0;0;0;0;0;0;1;1;0;0;1;1;0;0;0;42.1574
1;0;1;0;0;1;1;0;0;1;0;0;1;0;1;0;1;0;0;0;0;1;1;0;0;0;0;0;0;1;1;0;0;1;1;0;0;0;38.7335
1;0;1;0;0;1;0;1;0;1;0;0;1;0;1;0;1;0;0;0;0;1;1;0;0;0;0;0;0;1;1;0;0;1;1;0;0;0;39.0912
1;0;1;0;0;1;1;0;0;1;0;0;0;1;1;0;1;0;0;0;0;1;1;0;0;0;0;0;0;1;1;0;0;1;1;0;0;0;37.5191666666667
1;0;1;0;0;1;0;1;0;1;0;0;0;1;1;0;1;0;0;0;0;1;1;0;0;0;0;0;0;1;1;0;0;1;1;0;0;0;40.6667666666667
1;0;1;0;0;1;0;1;0;1;1;0;0;0;1;0;0;1;0;0;0;1;1;0;0;0;0;0;0;1;1;0;0;1;1;0;0;0;41.9385666666667
1;0;1;0;0;1;0;1;0;1;0;1;0;0;1;0;0;1;0;0;0;1;1;0;0;0;0;0;0;1;1;0;0;1;1;0;0;0;40.8699333333333
1;0;1;0;0;1;0;1;0;1;0;0;1;0;1;0;0;1;0;0;0;1;1;0;0;0;0;0;0;1;1;0;0;1;1;0;0;0;41.23658
1;0;1;0;0;1;0;1;0;1;0;0;0;1;1;0;0;1;0;0;0;1;1;0;0;0;0;0;0;1;1;0;0;1;1;0;0;0;40.3943
1;0;1;0;0;1;0;1;0;1;1;0;0;0;1;0;0;0;1;0;0;1;1;0;0;0;0;0;0;1;1;0;0;1;1;0;0;0;47.0180666666667
1;0;1;0;0;1;0;1;0;1;0;0;1;0;1;0;0;0;1;0;0;1;1;0;0;0;0;0;0;1;1;0;0;1;1;0;0;0;47.045
1;0;1;0;0;1;0;1;0;1;0;0;0;1;1;0;0;0;1;0;0;1;1;0;0;0;0;0;0;1;1;0;0;1;1;0;0;0;48.9248666666667
1;0;1;0;0;1;0;1;0;1;0;0;0;1;1;0;0;1;0;0;0;1;0;1;0;0;0;0;0;1;1;0;0;1;1;0;0;0;40.9505
1;0;1;0;0;1;0;1;0;1;0;0;0;1;1;0;0;1;0;0;0;1;0;0;1;0;0;0;0;1;1;0;0;1;1;0;0;0;38.9129
1;0;1;0;0;1;0;1;0;1;0;0;0;1;1;0;0;1;0;0;0;1;0;0;0;1;0;0;0;1;1;0;0;1;1;0;0;0;35.1504333333333
1;0;1;0;0;1;0;1;0;1;0;0;0;1;1;0;0;1;0;0;0;1;0;0;0;0;1;0;0;1;1;0;0;1;1;0;0;0;38.512
1;0;1;0;0;1;0;1;0;1;1;0;0;0;1;0;0;1;0;0;0;1;0;0;0;0;0;1;0;1;1;0;0;1;1;0;0;0;35.5431666666667
1;0;1;0;0;1;0;1;0;1;0;0;1;0;1;0;0;1;0;0;0;1;0;0;0;0;0;1;0;1;1;0;0;1;1;0;0;0;35.3131
1;0;1;0;0;1;1;0;0;1;0;0;0;1;1;0;0;1;0;0;0;1;0;0;0;0;0;1;0;1;1;0;0;1;1;0;0;0;34.706
1;0;1;0;0;1;0;1;0;1;0;0;0;1;1;0;0;1;0;0;0;1;0;0;0;0;0;1;0;1;1;0;0;1;1;0;0;0;35.5653666666667
1;0;1;0;0;1;0;0;1;1;0;0;0;1;1;0;0;1;0;0;0;1;0;0;0;0;0;1;0;1;1;0;0;1;1;0;0;0;34.23456
1;0;1;0;0;1;1;0;0;1;0;0;0;1;1;0;1;0;0;0;0;1;0;0;0;0;0;0;1;1;1;0;0;1;1;0;0;0;35.5528
1;0;1;0;0;1;0;1;0;1;0;0;0;1;1;0;1;0;0;0;0;1;0;0;0;0;0;0;1;1;1;0;0;1;1;0;0;0;37.4126666666667
1;0;1;0;0;1;0;1;0;1;0;0;0;1;1;0;0;1;0;0;0;1;0;0;0;0;0;0;1;1;1;0;0;1;1;0;0;0;35.4232666666667
1;0;1;0;0;1;1;0;0;1;1;0;0;0;1;0;1;0;0;0;0;1;1;0;0;0;0;0;0;1;0;1;0;1;1;0;0;0;38.0710333333333
1;0;1;0;0;1;0;1;0;1;1;0;0;0;1;0;1;0;0;0;0;1;1;0;0;0;0;0;0;1;0;1;0;1;1;0;0;0;39.4437333333333
1;0;1;0;0;1;1;0;0;1;0;0;0;1;1;0;1;0;0;0;0;1;1;0;0;0;0;0;0;1;0;1;0;1;1;0;0;0;37.0087666666667
1;0;1;0;0;1;0;1;0;1;0;0;0;1;1;0;1;0;0;0;0;1;1;0;0;0;0;0;0;1;0;1;0;1;1;0;0;0;37.0444333333333
1;0;1;0;0;1;0;1;0;1;1;0;0;0;1;0;0;1;0;0;0;1;1;0;0;0;0;0;0;1;0;1;0;1;1;0;0;0;39.5418666666667
1;0;1;0;0;1;0;1;0;1;0;0;0;1;1;0;0;1;0;0;0;1;1;0;0;0;0;0;0;1;0;1;0;1;1;0;0;0;40.782
1;0;1;0;0;1;0;1;0;1;0;0;0;1;1;0;0;1;0;0;0;1;0;1;0;0;0;0;0;1;0;1;0;1;1;0;0;0;40.2106333333333
1;0;1;0;0;1;0;1;0;1;0;0;0;1;1;0;0;1;0;0;0;1;0;0;1;0;0;0;0;1;0;1;0;1;1;0;0;0;40.7453
1;0;1;0;0;1;0;1;0;1;0;0;0;1;1;0;0;1;0;0;0;1;0;0;0;1;0;0;0;1;0;1;0;1;1;0;0;0;38.4911
1;0;1;0;0;1;0;1;0;1;0;0;0;1;1;0;0;1;0;0;0;1;0;0;0;0;1;0;0;1;0;1;0;1;1;0;0;0;38.4243666666667
1;0;1;0;0;1;0;1;0;1;1;0;0;0;1;0;0;1;0;0;0;1;0;0;0;0;0;1;0;1;0;1;0;1;1;0;0;0;35.4124
1;0;1;0;0;1;0;1;0;1;0;0;1;0;1;0;0;1;0;0;0;1;0;0;0;0;0;1;0;1;0;1;0;1;1;0;0;0;40.1694333333333
1;0;1;0;0;1;1;0;0;1;0;0;0;1;1;0;0;1;0;0;0;1;0;0;0;0;0;1;0;1;0;1;0;1;1;0;0;0;35.3120333333333
1;0;1;0;0;1;0;1;0;1;0;0;0;1;1;0;0;1;0;0;0;1;0;0;0;0;0;1;0;1;0;1;0;1;1;0;0;0;36.55296
1;0;1;0;0;1;0;0;1;1;0;0;0;1;1;0;0;1;0;0;0;1;0;0;0;0;0;1;0;1;0;1;0;1;1;0;0;0;36.0342333333333
1;0;1;0;0;1;0;1;0;1;0;0;0;1;1;0;0;1;0;0;0;1;0;0;0;0;0;0;1;1;0;1;0;1;1;0;0;0;36.1848666666667
1;0;1;0;0;1;0;1;0;1;1;0;0;0;1;0;0;1;0;0;0;1;1;0;0;0;0;0;0;1;0;0;1;1;1;0;0;0;40.0356333333333
1;0;1;0;0;1;0;1;0;1;0;0;0;1;1;0;0;1;0;0;0;1;1;0;0;0;0;0;0;1;0;0;1;1;1;0;0;0;41.6095
1;0;1;0;0;1;0;1;0;1;0;0;0;1;1;0;0;1;0;0;0;1;0;1;0;0;0;0;0;1;0;0;1;1;1;0;0;0;41.2130333333333
1;0;1;0;0;1;0;1;0;1;0;0;0;1;1;0;0;1;0;0;0;1;0;0;1;0;0;0;0;1;0;0;1;1;1;0;0;0;39.7602666666667
1;0;1;0;0;1;0;1;0;1;0;0;0;1;1;0;0;1;0;0;0;1;0;0;0;1;0;0;0;1;0;0;1;1;1;0;0;0;38.25346
1;0;1;0;0;1;0;1;0;1;0;0;0;1;1;0;0;1;0;0;0;1;0;0;0;0;1;0;0;1;0;0;1;1;1;0;0;0;37.1893333333333
1;0;1;0;0;1;0;1;0;1;1;0;0;0;1;0;0;1;0;0;0;1;0;0;0;0;0;1;0;1;0;0;1;1;1;0;0;0;36.9222
1;0;1;0;0;1;1;0;0;1;0;0;0;1;1;0;0;1;0;0;0;1;0;0;0;0;0;1;0;1;0;0;1;1;1;0;0;0;33.45216
1;0;1;0;0;1;0;1;0;1;0;0;0;1;1;0;0;1;0;0;0;1;0;0;0;0;0;1;0;1;0;0;1;1;1;0;0;0;37.03822
1;0;1;0;0;1;0;0;1;1;0;0;0;1;1;0;0;1;0;0;0;1;0;0;0;0;0;1;0;1;0;0;1;1;1;0;0;0;36.6803666666667
1;0;1;0;0;1;0;1;0;1;0;0;0;1;1;0;0;1;0;0;0;1;0;0;0;0;0;0;1;1;0;0;1;1;1;0;0;0;37.22318
1;0;1;0;0;1;0;1;0;1;0;0;1;0;1;1;0;0;0;0;0;1;1;0;0;0;0;0;0;1;1;0;0;1;0;1;0;0;34.3230666666667
1;0;1;0;0;1;1;0;0;1;0;0;0;1;1;0;1;0;0;0;0;1;1;0;0;0;0;0;0;1;1;0;0;1;0;1;0;0;36.5249666666667
1;0;1;0;0;1;0;1;0;1;0;0;0;1;1;0;1;0;0;0;0;1;1;0;0;0;0;0;0;1;1;0;0;1;0;1;0;0;39.0046666666667
1;0;1;0;0;1;0;1;0;1;0;0;1;0;1;0;0;0;0;0;1;1;1;0;0;0;0;0;0;1;1;0;0;1;0;1;0;0;63.2853333333333
1;0;1;0;0;1;1;0;0;1;0;0;0;1;1;0;1;0;0;0;0;1;0;0;0;0;0;0;1;1;1;0;0;1;0;1;0;0;35.5039
1;0;1;0;0;1;0;1;0;1;0;0;0;1;1;0;1;0;0;0;0;1;0;0;0;0;0;0;1;1;1;0;0;1;0;1;0;0;36.8140666666667
1;0;1;0;0;1;1;0;0;1;0;0;1;0;1;1;0;0;0;0;0;1;1;0;0;0;0;0;0;1;0;1;0;1;0;1;0;0;31.0403333333333
1;0;1;0;0;1;0;1;0;1;0;0;1;0;1;1;0;0;0;0;0;1;1;0;0;0;0;0;0;1;0;1;0;1;0;1;0;0;35.2387666666667
1;0;1;0;0;1;0;0;1;1;0;0;1;0;1;1;0;0;0;0;0;1;1;0;0;0;0;0;0;1;0;1;0;1;0;1;0;0;31.4395
1;0;1;0;0;1;1;0;0;1;0;0;0;1;1;0;1;0;0;0;0;1;1;0;0;0;0;0;0;1;0;1;0;1;0;1;0;0;34.9168333333333
1;0;1;0;0;1;0;1;0;1;0;0;0;1;1;0;1;0;0;0;0;1;1;0;0;0;0;0;0;1;0;1;0;1;0;1;0;0;38.3142
1;0;1;0;0;1;1;0;0;1;0;0;1;0;1;0;0;0;0;0;1;1;1;0;0;0;0;0;0;1;0;1;0;1;0;1;0;0;64.6636
1;0;1;0;0;1;0;1;0;1;0;0;1;0;1;0;0;0;0;0;1;1;1;0;0;0;0;0;0;1;0;1;0;1;0;1;0;0;62.592
1;0;1;0;0;1;0;0;1;1;0;0;1;0;1;0;0;0;0;0;1;1;1;0;0;0;0;0;0;1;0;1;0;1;0;1;0;0;57.60826
1;0;1;0;0;1;0;1;0;1;0;0;1;0;1;1;0;0;0;0;0;1;1;0;0;0;0;0;0;1;0;0;1;1;0;1;0;0;33.4182666666667
1;0;1;0;0;1;0;1;0;1;0;0;1;0;1;0;0;0;0;0;1;1;1;0;0;0;0;0;0;1;0;0;1;1;0;1;0;0;62.4208
1;0;1;0;0;1;0;1;0;1;0;1;0;0;1;1;0;0;0;0;0;1;1;0;0;0;0;0;0;1;1;0;0;1;0;0;1;0;33.4146333333333
1;0;1;0;0;1;0;1;0;1;0;0;1;0;1;1;0;0;0;0;0;1;1;0;0;0;0;0;0;1;1;0;0;1;0;0;1;0;39.2026666666667
1;0;1;0;0;1;0;1;0;1;0;1;0;0;1;0;0;0;0;0;1;1;1;0;0;0;0;0;0;1;1;0;0;1;0;0;1;0;62.3838666666667
1;0;1;0;0;1;0;1;0;1;0;0;1;0;1;0;0;0;0;0;1;1;1;0;0;0;0;0;0;1;1;0;0;1;0;0;1;0;60.048
1;0;1;0;0;1;1;0;0;1;0;0;1;0;1;1;0;0;0;0;0;1;1;0;0;0;0;0;0;1;0;1;0;1;0;0;1;0;29.83316
1;0;1;0;0;1;0;1;0;1;0;0;1;0;1;1;0;0;0;0;0;1;1;0;0;0;0;0;0;1;0;1;0;1;0;0;1;0;33.2258333333333
1;0;1;0;0;1;0;0;1;1;0;0;1;0;1;1;0;0;0;0;0;1;1;0;0;0;0;0;0;1;0;1;0;1;0;0;1;0;32.1197333333333
1;0;1;0;0;1;1;0;0;1;0;0;1;0;1;0;0;0;0;0;1;1;1;0;0;0;0;0;0;1;0;1;0;1;0;0;1;0;58.7831333333333
1;0;1;0;0;1;0;1;0;1;0;0;1;0;1;0;0;0;0;0;1;1;1;0;0;0;0;0;0;1;0;1;0;1;0;0;1;0;61.9739
1;0;1;0;0;1;0;0;1;1;0;0;1;0;1;0;0;0;0;0;1;1;1;0;0;0;0;0;0;1;0;1;0;1;0;0;1;0;60.1857666666667
1;0;1;0;0;1;0;1;0;1;0;0;1;0;1;1;0;0;0;0;0;1;1;0;0;0;0;0;0;1;0;0;1;1;0;0;1;0;33.1939
1;0;1;0;0;1;0;1;0;1;0;0;1;0;1;0;0;0;0;0;1;1;1;0;0;0;0;0;0;1;0;0;1;1;0;0;1;0;63.0866
1;0;1;0;0;1;0;1;0;1;0;0;1;0;1;1;0;0;0;0;0;1;1;0;0;0;0;0;0;1;1;0;0;1;0;0;0;1;34.3476
1;0;1;0;0;1;0;1;0;1;0;0;1;0;1;0;0;0;0;0;1;1;1;0;0;0;0;0;0;1;1;0;0;1;0;0;0;1;63.891
1;0;1;0;0;1;1;0;0;1;0;0;1;0;1;1;0;0;0;0;0;1;1;0;0;0;0;0;0;1;0;1;0;1;0;0;0;1;32.2049333333333
1;0;1;0;0;1;0;1;0;1;0;0;1;0;1;1;0;0;0;0;0;1;1;0;0;0;0;0;0;1;0;1;0;1;0;0;0;1;34.8128666666667
1;0;1;0;0;1;0;0;1;1;0;0;1;0;1;1;0;0;0;0;0;1;1;0;0;0;0;0;0;1;0;1;0;1;0;0;0;1;32.2124
1;0;1;0;0;1;1;0;0;1;0;0;1;0;1;0;0;0;0;0;1;1;1;0;0;0;0;0;0;1;0;1;0;1;0;0;0;1;56.24882
1;0;1;0;0;1;0;1;0;1;0;0;1;0;1;0;0;0;0;0;1;1;1;0;0;0;0;0;0;1;0;1;0;1;0;0;0;1;61.2119666666667
1;0;1;0;0;1;0;0;1;1;0;0;1;0;1;0;0;0;0;0;1;1;1;0;0;0;0;0;0;1;0;1;0;1;0;0;0;1;60.7653666666667
1;0;1;0;0;1;0;1;0;1;0;0;1;0;1;1;0;0;0;0;0;1;1;0;0;0;0;0;0;1;0;0;1;1;0;0;0;1;36.5039
1;0;1;0;0;1;0;1;0;1;0;0;1;0;1;0;0;0;0;0;1;1;1;0;0;0;0;0;0;1;0;0;1;1;0;0;0;1;61.1403333333333
1;1;1;0;0;1;1;0;0;1;1;0;0;0;1;1;0;0;0;0;0;1;1;0;0;0;0;0;0;1;1;0;0;1;1;0;0;0;29.0637666666667
1;1;1;0;0;1;0;1;0;1;1;0;0;0;1;1;0;0;0;0;0;1;1;0;0;0;0;0;0;1;1;0;0;1;1;0;0;0;28.1524
1;1;1;0;0;1;0;0;1;1;1;0;0;0;1;1;0;0;0;0;0;1;1;0;0;0;0;0;0;1;1;0;0;1;1;0;0;0;30.2606
1;1;1;0;0;1;1;0;0;1;0;1;0;0;1;1;0;0;0;0;0;1;1;0;0;0;0;0;0;1;1;0;0;1;1;0;0;0;29.3113666666667
1;1;1;0;0;1;0;1;0;1;0;1;0;0;1;1;0;0;0;0;0;1;1;0;0;0;0;0;0;1;1;0;0;1;1;0;0;0;29.7835333333333
1;1;1;0;0;1;0;0;1;1;0;1;0;0;1;1;0;0;0;0;0;1;1;0;0;0;0;0;0;1;1;0;0;1;1;0;0;0;29.2409
1;1;1;0;0;1;1;0;0;1;0;0;1;0;1;1;0;0;0;0;0;1;1;0;0;0;0;0;0;1;1;0;0;1;1;0;0;0;29.8552
1;1;1;0;0;1;0;1;0;1;0;0;1;0;1;1;0;0;0;0;0;1;1;0;0;0;0;0;0;1;1;0;0;1;1;0;0;0;30.0120666666667
1;1;1;0;0;1;0;0;1;1;0;0;1;0;1;1;0;0;0;0;0;1;1;0;0;0;0;0;0;1;1;0;0;1;1;0;0;0;28.9036666666667
1;1;1;0;0;1;1;0;0;1;0;0;0;1;1;1;0;0;0;0;0;1;1;0;0;0;0;0;0;1;1;0;0;1;1;0;0;0;29.8238333333333
1;1;1;0;0;1;0;1;0;1;0;0;0;1;1;1;0;0;0;0;0;1;1;0;0;0;0;0;0;1;1;0;0;1;1;0;0;0;29.5351666666667
1;1;1;0;0;1;0;0;1;1;0;0;0;1;1;1;0;0;0;0;0;1;1;0;0;0;0;0;0;1;1;0;0;1;1;0;0;0;30.9468666666667
1;1;1;0;0;1;1;0;0;1;1;0;0;0;1;0;1;0;0;0;0;1;1;0;0;0;0;0;0;1;1;0;0;1;1;0;0;0;25.4429333333333
1;1;1;0;0;1;0;1;0;1;1;0;0;0;1;0;1;0;0;0;0;1;1;0;0;0;0;0;0;1;1;0;0;1;1;0;0;0;25.2471
1;1;1;0;0;1;0;1;0;1;0;1;0;0;1;0;1;0;0;0;0;1;1;0;0;0;0;0;0;1;1;0;0;1;1;0;0;0;27.5966333333333
1;1;1;0;0;1;1;0;0;1;0;0;1;0;1;0;1;0;0;0;0;1;1;0;0;0;0;0;0;1;1;0;0;1;1;0;0;0;25.2225
1;1;1;0;0;1;0;1;0;1;0;0;1;0;1;0;1;0;0;0;0;1;1;0;0;0;0;0;0;1;1;0;0;1;1;0;0;0;28.3074333333333
1;1;1;0;0;1;1;0;0;1;0;0;0;1;1;0;1;0;0;0;0;1;1;0;0;0;0;0;0;1;1;0;0;1;1;0;0;0;25.4591666666667
1;1;1;0;0;1;0;1;0;1;0;0;0;1;1;0;1;0;0;0;0;1;1;0;0;0;0;0;0;1;1;0;0;1;1;0;0;0;27.0162333333333
1;1;1;0;0;1;0;1;0;1;1;0;0;0;1;0;0;1;0;0;0;1;1;0;0;0;0;0;0;1;1;0;0;1;1;0;0;0;25.7607666666667
1;1;1;0;0;1;0;1;0;1;0;1;0;0;1;0;0;1;0;0;0;1;1;0;0;0;0;0;0;1;1;0;0;1;1;0;0;0;28.0517
1;1;1;0;0;1;0;1;0;1;0;0;1;0;1;0;0;1;0;0;0;1;1;0;0;0;0;0;0;1;1;0;0;1;1;0;0;0;26.9511
1;1;1;0;0;1;0;1;0;1;0;0;0;1;1;0;0;1;0;0;0;1;1;0;0;0;0;0;0;1;1;0;0;1;1;0;0;0;26.2191
1;1;1;0;0;1;0;1;0;1;1;0;0;0;1;0;0;0;1;0;0;1;1;0;0;0;0;0;0;1;1;0;0;1;1;0;0;0;25.8949333333333
1;1;1;0;0;1;0;1;0;1;0;0;1;0;1;0;0;0;1;0;0;1;1;0;0;0;0;0;0;1;1;0;0;1;1;0;0;0;25.1453
1;1;1;0;0;1;0;1;0;1;0;0;0;1;1;0;0;0;1;0;0;1;1;0;0;0;0;0;0;1;1;0;0;1;1;0;0;0;26.0470666666667
1;1;1;0;0;1;0;1;0;1;0;0;0;1;1;0;0;1;0;0;0;1;0;1;0;0;0;0;0;1;1;0;0;1;1;0;0;0;24.2272333333333
1;1;1;0;0;1;0;1;0;1;0;0;0;1;1;0;0;1;0;0;0;1;0;0;1;0;0;0;0;1;1;0;0;1;1;0;0;0;29.2721333333333
1;1;1;0;0;1;0;1;0;1;0;0;0;1;1;0;0;1;0;0;0;1;0;0;0;1;0;0;0;1;1;0;0;1;1;0;0;0;30.21004
1;1;1;0;0;1;0;1;0;1;0;0;0;1;1;0;0;1;0;0;0;1;0;0;0;0;1;0;0;1;1;0;0;1;1;0;0;0;30.3290666666667
1;1;1;0;0;1;0;1;0;1;1;0;0;0;1;0;0;1;0;0;0;1;0;0;0;0;0;1;0;1;1;0;0;1;1;0;0;0;29.8997666666667
1;1;1;0;0;1;1;0;0;1;0;0;0;1;1;0;0;1;0;0;0;1;0;0;0;0;0;1;0;1;1;0;0;1;1;0;0;0;29.4295666666667
1;1;1;0;0;1;0;1;0;1;0;0;0;1;1;0;0;1;0;0;0;1;0;0;0;0;0;1;0;1;1;0;0;1;1;0;0;0;29.30382
1;1;1;0;0;1;0;0;1;1;0;0;0;1;1;0;0;1;0;0;0;1;0;0;0;0;0;1;0;1;1;0;0;1;1;0;0;0;33.5413333333333
1;1;1;0;0;1;1;0;0;1;0;0;0;1;1;0;1;0;0;0;0;1;0;0;0;0;0;0;1;1;1;0;0;1;1;0;0;0;34.4945
1;1;1;0;0;1;0;1;0;1;0;0;0;1;1;0;1;0;0;0;0;1;0;0;0;0;0;0;1;1;1;0;0;1;1;0;0;0;35.7235
1;1;1;0;0;1;0;1;0;1;0;0;0;1;1;0;0;1;0;0;0;1;0;0;0;0;0;0;1;1;1;0;0;1;1;0;0;0;32.3370666666667
1;1;1;0;0;1;1;0;0;1;1;0;0;0;1;0;1;0;0;0;0;1;1;0;0;0;0;0;0;1;0;1;0;1;1;0;0;0;25.1188666666667
1;1;1;0;0;1;1;0;0;1;0;0;0;1;1;0;1;0;0;0;0;1;1;0;0;0;0;0;0;1;0;1;0;1;1;0;0;0;25.8429
1;1;1;0;0;1;0;1;0;1;0;0;0;1;1;0;1;0;0;0;0;1;1;0;0;0;0;0;0;1;0;1;0;1;1;0;0;0;27.6188
1;1;1;0;0;1;0;1;0;1;0;0;0;1;1;0;0;1;0;0;0;1;1;0;0;0;0;0;0;1;0;1;0;1;1;0;0;0;28.2126
1;1;1;0;0;1;0;1;0;1;0;0;0;1;1;0;0;1;0;0;0;1;0;1;0;0;0;0;0;1;0;1;0;1;1;0;0;0;25.56718
1;1;1;0;0;1;0;1;0;1;0;0;0;1;1;0;0;1;0;0;0;1;0;0;1;0;0;0;0;1;0;1;0;1;1;0;0;0;29.20022
1;1;1;0;0;1;0;1;0;1;0;0;0;1;1;0;0;1;0;0;0;1;0;0;0;1;0;0;0;1;0;1;0;1;1;0;0;0;29.4995
1;1;1;0;0;1;0;1;0;1;0;0;0;1;1;0;0;1;0;0;0;1;0;0;0;0;1;0;0;1;0;1;0;1;1;0;0;0;30.2762
1;1;1;0;0;1;0;1;0;1;1;0;0;0;1;0;0;1;0;0;0;1;0;0;0;0;0;1;0;1;0;1;0;1;1;0;0;0;33.0396333333333
1;1;1;0;0;1;1;0;0;1;0;0;0;1;1;0;0;1;0;0;0;1;0;0;0;0;0;1;0;1;0;1;0;1;1;0;0;0;29.74926
1;1;1;0;0;1;0;1;0;1;0;0;0;1;1;0;0;1;0;0;0;1;0;0;0;0;0;1;0;1;0;1;0;1;1;0;0;0;33.5748333333333
1;1;1;0;0;1;0;0;1;1;0;0;0;1;1;0;0;1;0;0;0;1;0;0;0;0;0;1;0;1;0;1;0;1;1;0;0;0;32.5069666666667
1;1;1;0;0;1;0;1;0;1;0;0;0;1;1;0;0;1;0;0;0;1;0;0;0;0;0;0;1;1;0;1;0;1;1;0;0;0;30.4833333333333
1;1;1;0;0;1;0;1;0;1;0;0;0;1;1;0;0;1;0;0;0;1;1;0;0;0;0;0;0;1;0;0;1;1;1;0;0;0;26.3555333333333
1;1;1;0;0;1;0;1;0;1;0;0;0;1;1;0;0;1;0;0;0;1;0;1;0;0;0;0;0;1;0;0;1;1;1;0;0;0;26.2955333333333
1;1;1;0;0;1;0;1;0;1;0;0;0;1;1;0;0;1;0;0;0;1;0;0;1;0;0;0;0;1;0;0;1;1;1;0;0;0;31.747
1;1;1;0;0;1;0;1;0;1;0;0;0;1;1;0;0;1;0;0;0;1;0;0;0;1;0;0;0;1;0;0;1;1;1;0;0;0;24.93922
1;1;1;0;0;1;0;1;0;1;0;0;0;1;1;0;0;1;0;0;0;1;0;0;0;0;1;0;0;1;0;0;1;1;1;0;0;0;29.7482666666667
1;1;1;0;0;1;0;1;0;1;1;0;0;0;1;0;0;1;0;0;0;1;0;0;0;0;0;1;0;1;0;0;1;1;1;0;0;0;30.9154333333333
1;1;1;0;0;1;1;0;0;1;0;0;0;1;1;0;0;1;0;0;0;1;0;0;0;0;0;1;0;1;0;0;1;1;1;0;0;0;30.9935666666667
1;1;1;0;0;1;0;1;0;1;0;0;0;1;1;0;0;1;0;0;0;1;0;0;0;0;0;1;0;1;0;0;1;1;1;0;0;0;31.8771333333333
1;1;1;0;0;1;0;0;1;1;0;0;0;1;1;0;0;1;0;0;0;1;0;0;0;0;0;1;0;1;0;0;1;1;1;0;0;0;29.30448
1;1;1;0;0;1;0;1;0;1;0;0;0;1;1;0;0;1;0;0;0;1;0;0;0;0;0;0;1;1;0;0;1;1;1;0;0;0;29.5729333333333
1;1;1;0;0;1;0;1;0;1;0;0;1;0;1;1;0;0;0;0;0;1;1;0;0;0;0;0;0;1;1;0;0;1;0;1;0;0;30.0853666666667
1;1;1;0;0;1;1;0;0;1;0;0;0;1;1;0;1;0;0;0;0;1;1;0;0;0;0;0;0;1;1;0;0;1;0;1;0;0;25.588
1;1;1;0;0;1;0;1;0;1;0;0;0;1;1;0;1;0;0;0;0;1;1;0;0;0;0;0;0;1;1;0;0;1;0;1;0;0;26.8007333333333
1;1;1;0;0;1;0;1;0;1;0;0;1;0;1;0;0;0;0;0;1;1;1;0;0;0;0;0;0;1;1;0;0;1;0;1;0;0;79.1645
1;1;1;0;0;1;1;0;0;1;0;0;0;1;1;0;1;0;0;0;0;1;0;0;0;0;0;0;1;1;1;0;0;1;0;1;0;0;34.2674666666667
1;1;1;0;0;1;0;1;0;1;0;0;0;1;1;0;1;0;0;0;0;1;0;0;0;0;0;0;1;1;1;0;0;1;0;1;0;0;35.5976
1;1;1;0;0;1;1;0;0;1;0;0;1;0;1;1;0;0;0;0;0;1;1;0;0;0;0;0;0;1;0;1;0;1;0;1;0;0;28.2500666666667
1;1;1;0;0;1;0;1;0;1;0;0;1;0;1;1;0;0;0;0;0;1;1;0;0;0;0;0;0;1;0;1;0;1;0;1;0;0;28.9545333333333
1;1;1;0;0;1;0;0;1;1;0;0;1;0;1;1;0;0;0;0;0;1;1;0;0;0;0;0;0;1;0;1;0;1;0;1;0;0;28.5965666666667
1;1;1;0;0;1;1;0;0;1;0;0;0;1;1;0;1;0;0;0;0;1;1;0;0;0;0;0;0;1;0;1;0;1;0;1;0;0;24.7868
1;1;1;0;0;1;0;1;0;1;0;0;0;1;1;0;1;0;0;0;0;1;1;0;0;0;0;0;0;1;0;1;0;1;0;1;0;0;26.4921
1;1;1;0;0;1;1;0;0;1;0;0;1;0;1;0;0;0;0;0;1;1;1;0;0;0;0;0;0;1;0;1;0;1;0;1;0;0;81.8682333333334
1;1;1;0;0;1;0;1;0;1;0;0;1;0;1;0;0;0;0;0;1;1;1;0;0;0;0;0;0;1;0;1;0;1;0;1;0;0;79.7797
1;1;1;0;0;1;0;0;1;1;0;0;1;0;1;0;0;0;0;0;1;1;1;0;0;0;0;0;0;1;0;1;0;1;0;1;0;0;79.5114666666667
1;1;1;0;0;1;0;1;0;1;0;0;1;0;1;1;0;0;0;0;0;1;1;0;0;0;0;0;0;1;0;0;1;1;0;1;0;0;29.2058666666667
1;1;1;0;0;1;0;1;0;1;0;0;1;0;1;0;0;0;0;0;1;1;1;0;0;0;0;0;0;1;0;0;1;1;0;1;0;0;78.7403666666667
1;1;1;0;0;1;0;1;0;1;0;1;0;0;1;1;0;0;0;0;0;1;1;0;0;0;0;0;0;1;1;0;0;1;0;0;1;0;29.1349
1;1;1;0;0;1;0;1;0;1;0;0;1;0;1;1;0;0;0;0;0;1;1;0;0;0;0;0;0;1;1;0;0;1;0;0;1;0;30.4616333333333
1;1;1;0;0;1;0;1;0;1;0;1;0;0;1;0;0;0;0;0;1;1;1;0;0;0;0;0;0;1;1;0;0;1;0;0;1;0;80.8969666666667
1;1;1;0;0;1;0;1;0;1;0;0;1;0;1;0;0;0;0;0;1;1;1;0;0;0;0;0;0;1;1;0;0;1;0;0;1;0;81.1566
1;1;1;0;0;1;1;0;0;1;0;0;1;0;1;1;0;0;0;0;0;1;1;0;0;0;0;0;0;1;0;1;0;1;0;0;1;0;28.9269666666667
1;1;1;0;0;1;0;1;0;1;0;0;1;0;1;1;0;0;0;0;0;1;1;0;0;0;0;0;0;1;0;1;0;1;0;0;1;0;29.0297
1;1;1;0;0;1;0;0;1;1;0;0;1;0;1;1;0;0;0;0;0;1;1;0;0;0;0;0;0;1;0;1;0;1;0;0;1;0;28.7038333333333
1;1;1;0;0;1;1;0;0;1;0;0;1;0;1;0;0;0;0;0;1;1;1;0;0;0;0;0;0;1;0;1;0;1;0;0;1;0;80.2208333333333
1;1;1;0;0;1;0;1;0;1;0;0;1;0;1;0;0;0;0;0;1;1;1;0;0;0;0;0;0;1;0;1;0;1;0;0;1;0;79.2960333333333
1;1;1;0;0;1;0;0;1;1;0;0;1;0;1;0;0;0;0;0;1;1;1;0;0;0;0;0;0;1;0;1;0;1;0;0;1;0;82.9598
1;1;1;0;0;1;0;1;0;1;0;0;1;0;1;1;0;0;0;0;0;1;1;0;0;0;0;0;0;1;0;0;1;1;0;0;1;0;27.6154
1;1;1;0;0;1;0;1;0;1;0;0;1;0;1;0;0;0;0;0;1;1;1;0;0;0;0;0;0;1;0;0;1;1;0;0;1;0;80.9348
1;1;1;0;0;1;0;1;0;1;0;0;1;0;1;1;0;0;0;0;0;1;1;0;0;0;0;0;0;1;1;0;0;1;0;0;0;1;29.7343666666667
1;1;1;0;0;1;0;1;0;1;0;0;1;0;1;0;0;0;0;0;1;1;1;0;0;0;0;0;0;1;1;0;0;1;0;0;0;1;79.2807
1;1;1;0;0;1;0;1;0;1;0;0;1;0;1;1;0;0;0;0;0;1;1;0;0;0;0;0;0;1;0;1;0;1;0;0;0;1;28.8587
1;1;1;0;0;1;0;0;1;1;0;0;1;0;1;1;0;0;0;0;0;1;1;0;0;0;0;0;0;1;0;1;0;1;0;0;0;1;29.6843666666667
1;1;1;0;0;1;0;1;0;1;0;0;1;0;1;0;0;0;0;0;1;1;1;0;0;0;0;0;0;1;0;1;0;1;0;0;0;1;77.5425333333333
1;1;1;0;0;1;0;0;1;1;0;0;1;0;1;0;0;0;0;0;1;1;1;0;0;0;0;0;0;1;0;1;0;1;0;0;0;1;79.2179666666667
1;1;1;0;0;1;0;1;0;1;0;0;1;0;1;1;0;0;0;0;0;1;1;0;0;0;0;0;0;1;0;0;1;1;0;0;0;1;28.2312666666667
1;1;1;0;0;1;0;1;0;1;0;0;1;0;1;0;0;0;0;0;1;1;1;0;0;0;0;0;0;1;0;0;1;1;0;0;0;1;84.4427
1;0;1;1;0;1;1;0;0;1;1;0;0;0;1;1;0;0;0;0;0;1;1;0;0;0;0;0;0;1;1;0;0;1;1;0;0;0;34.8334
1;0;1;1;0;1;0;1;0;1;1;0;0;0;1;1;0;0;0;0;0;1;1;0;0;0;0;0;0;1;1;0;0;1;1;0;0;0;38.3654666666667
1;0;1;1;0;1;0;0;1;1;1;0;0;0;1;1;0;0;0;0;0;1;1;0;0;0;0;0;0;1;1;0;0;1;1;0;0;0;41.9254666666667
1;0;1;1;0;1;1;0;0;1;0;1;0;0;1;1;0;0;0;0;0;1;1;0;0;0;0;0;0;1;1;0;0;1;1;0;0;0;35.7784
1;0;1;1;0;1;0;1;0;1;0;1;0;0;1;1;0;0;0;0;0;1;1;0;0;0;0;0;0;1;1;0;0;1;1;0;0;0;38.7190333333333
1;0;1;1;0;1;0;0;1;1;0;1;0;0;1;1;0;0;0;0;0;1;1;0;0;0;0;0;0;1;1;0;0;1;1;0;0;0;40.851
1;0;1;1;0;1;1;0;0;1;0;0;1;0;1;1;0;0;0;0;0;1;1;0;0;0;0;0;0;1;1;0;0;1;1;0;0;0;35.3018666666667
1;0;1;1;0;1;0;1;0;1;0;0;1;0;1;1;0;0;0;0;0;1;1;0;0;0;0;0;0;1;1;0;0;1;1;0;0;0;38.8750333333333
1;0;1;1;0;1;0;0;1;1;0;0;1;0;1;1;0;0;0;0;0;1;1;0;0;0;0;0;0;1;1;0;0;1;1;0;0;0;40.8899666666667
1;0;1;1;0;1;1;0;0;1;0;0;0;1;1;1;0;0;0;0;0;1;1;0;0;0;0;0;0;1;1;0;0;1;1;0;0;0;35.5378
1;0;1;1;0;1;0;1;0;1;0;0;0;1;1;1;0;0;0;0;0;1;1;0;0;0;0;0;0;1;1;0;0;1;1;0;0;0;37.5953333333333
1;0;1;1;0;1;0;0;1;1;0;0;0;1;1;1;0;0;0;0;0;1;1;0;0;0;0;0;0;1;1;0;0;1;1;0;0;0;41.2718666666667
1;0;1;1;0;1;1;0;0;1;1;0;0;0;1;0;1;0;0;0;0;1;1;0;0;0;0;0;0;1;1;0;0;1;1;0;0;0;44.5457333333333
1;0;1;1;0;1;0;1;0;1;1;0;0;0;1;0;1;0;0;0;0;1;1;0;0;0;0;0;0;1;1;0;0;1;1;0;0;0;47.4715
1;0;1;1;0;1;1;0;0;1;0;1;0;0;1;0;1;0;0;0;0;1;1;0;0;0;0;0;0;1;1;0;0;1;1;0;0;0;44.6723333333333
1;0;1;1;0;1;0;1;0;1;0;1;0;0;1;0;1;0;0;0;0;1;1;0;0;0;0;0;0;1;1;0;0;1;1;0;0;0;48.7249666666667
1;0;1;1;0;1;1;0;0;1;0;0;1;0;1;0;1;0;0;0;0;1;1;0;0;0;0;0;0;1;1;0;0;1;1;0;0;0;45.6153666666667
1;0;1;1;0;1;0;1;0;1;0;0;1;0;1;0;1;0;0;0;0;1;1;0;0;0;0;0;0;1;1;0;0;1;1;0;0;0;48.6709
1;0;1;1;0;1;1;0;0;1;0;0;0;1;1;0;1;0;0;0;0;1;1;0;0;0;0;0;0;1;1;0;0;1;1;0;0;0;46.1791666666667
1;0;1;1;0;1;0;1;0;1;0;0;0;1;1;0;1;0;0;0;0;1;1;0;0;0;0;0;0;1;1;0;0;1;1;0;0;0;47.6536333333333
1;0;1;1;0;1;0;1;0;1;1;0;0;0;1;0;0;1;0;0;0;1;1;0;0;0;0;0;0;1;1;0;0;1;1;0;0;0;71.1895
1;0;1;1;0;1;0;1;0;1;0;1;0;0;1;0;0;1;0;0;0;1;1;0;0;0;0;0;0;1;1;0;0;1;1;0;0;0;68.5343333333333
1;0;1;1;0;1;0;1;0;1;0;0;1;0;1;0;0;1;0;0;0;1;1;0;0;0;0;0;0;1;1;0;0;1;1;0;0;0;69.9494
1;0;1;1;0;1;0;1;0;1;0;0;0;1;1;0;0;1;0;0;0;1;1;0;0;0;0;0;0;1;1;0;0;1;1;0;0;0;69.5556333333333
1;0;1;1;0;1;0;1;0;1;1;0;0;0;1;0;0;0;1;0;0;1;1;0;0;0;0;0;0;1;1;0;0;1;1;0;0;0;97.4568666666667
1;0;1;1;0;1;0;1;0;1;0;0;0;1;1;0;0;0;1;0;0;1;1;0;0;0;0;0;0;1;1;0;0;1;1;0;0;0;98.8335666666666
1;0;1;1;0;1;1;0;0;1;0;0;0;1;1;0;0;0;0;0;1;1;1;0;0;0;0;0;0;1;1;0;0;1;1;0;0;0;475.771333333334
1;0;1;1;0;1;0;1;0;1;0;0;0;1;1;0;0;1;0;0;0;1;0;1;0;0;0;0;0;1;1;0;0;1;1;0;0;0;53.8268666666667
1;0;1;1;0;1;0;1;0;1;0;0;0;1;1;0;0;1;0;0;0;1;0;0;1;0;0;0;0;1;1;0;0;1;1;0;0;0;69.3013333333333
1;0;1;1;0;1;0;1;0;1;0;0;0;1;1;0;0;1;0;0;0;1;0;0;0;1;0;0;0;1;1;0;0;1;1;0;0;0;74.0135666666667
1;0;1;1;0;1;0;1;0;1;0;0;0;1;1;0;0;1;0;0;0;1;0;0;0;0;1;0;0;1;1;0;0;1;1;0;0;0;72.8231
1;0;1;1;0;1;0;1;0;1;1;0;0;0;1;0;0;1;0;0;0;1;0;0;0;0;0;1;0;1;1;0;0;1;1;0;0;0;73.8976
1;0;1;1;0;1;1;0;0;1;0;0;0;1;1;0;0;1;0;0;0;1;0;0;0;0;0;1;0;1;1;0;0;1;1;0;0;0;73.7025333333333
1;0;1;1;0;1;0;1;0;1;0;0;0;1;1;0;0;1;0;0;0;1;0;0;0;0;0;1;0;1;1;0;0;1;1;0;0;0;74.3735333333333
1;0;1;1;0;1;0;0;1;1;0;0;0;1;1;0;0;1;0;0;0;1;0;0;0;0;0;1;0;1;1;0;0;1;1;0;0;0;72.6668333333333
1;0;1;1;0;1;1;0;0;1;0;0;0;1;1;0;1;0;0;0;0;1;0;0;0;0;0;0;1;1;1;0;0;1;1;0;0;0;42.653
1;0;1;1;0;1;0;1;0;1;0;0;0;1;1;0;1;0;0;0;0;1;0;0;0;0;0;0;1;1;1;0;0;1;1;0;0;0;44.3282333333333
1;0;1;1;0;1;0;1;0;1;0;0;0;1;1;0;0;1;0;0;0;1;0;0;0;0;0;0;1;1;1;0;0;1;1;0;0;0;71.0755333333333
1;0;1;1;0;1;1;0;0;1;0;0;0;1;1;0;1;0;0;0;0;1;1;0;0;0;0;0;0;1;0;1;0;1;1;0;0;0;46.2003333333333
1;0;1;1;0;1;0;1;0;1;0;0;0;1;1;0;1;0;0;0;0;1;1;0;0;0;0;0;0;1;0;1;0;1;1;0;0;0;47.8419666666667
1;0;1;1;0;1;0;1;0;1;0;0;0;1;1;0;0;1;0;0;0;1;1;0;0;0;0;0;0;1;0;1;0;1;1;0;0;0;67.7571666666667
1;0;1;1;0;1;0;1;0;1;0;0;0;1;1;0;0;1;0;0;0;1;0;1;0;0;0;0;0;1;0;1;0;1;1;0;0;0;52.0074
1;0;1;1;0;1;0;1;0;1;0;0;0;1;1;0;0;1;0;0;0;1;0;0;1;0;0;0;0;1;0;1;0;1;1;0;0;0;72.6661666666667
1;0;1;1;0;1;0;1;0;1;0;0;0;1;1;0;0;1;0;0;0;1;0;0;0;1;0;0;0;1;0;1;0;1;1;0;0;0;75.2801
1;0;1;1;0;1;0;1;0;1;0;0;0;1;1;0;0;1;0;0;0;1;0;0;0;0;1;0;0;1;0;1;0;1;1;0;0;0;72.5776666666667
1;0;1;1;0;1;0;1;0;1;1;0;0;0;1;0;0;1;0;0;0;1;0;0;0;0;0;1;0;1;0;1;0;1;1;0;0;0;72.4607333333333
1;0;1;1;0;1;1;0;0;1;0;0;0;1;1;0;0;1;0;0;0;1;0;0;0;0;0;1;0;1;0;1;0;1;1;0;0;0;74.8122666666667
1;0;1;1;0;1;0;1;0;1;0;0;0;1;1;0;0;1;0;0;0;1;0;0;0;0;0;1;0;1;0;1;0;1;1;0;0;0;70.2106333333333
1;0;1;1;0;1;0;0;1;1;0;0;0;1;1;0;0;1;0;0;0;1;0;0;0;0;0;1;0;1;0;1;0;1;1;0;0;0;69.4599666666667
1;0;1;1;0;1;0;1;0;1;0;0;0;1;1;0;0;1;0;0;0;1;0;0;0;0;0;0;1;1;0;1;0;1;1;0;0;0;73.0221333333333
1;0;1;1;0;1;0;1;0;1;1;0;0;0;1;0;0;1;0;0;0;1;1;0;0;0;0;0;0;1;0;0;1;1;1;0;0;0;68.7801
1;0;1;1;0;1;0;1;0;1;0;0;0;1;1;0;0;1;0;0;0;1;1;0;0;0;0;0;0;1;0;0;1;1;1;0;0;0;69.7109333333333
1;0;1;1;0;1;0;1;0;1;0;0;0;1;1;0;0;1;0;0;0;1;0;1;0;0;0;0;0;1;0;0;1;1;1;0;0;0;53.5957
1;0;1;1;0;1;0;1;0;1;0;0;0;1;1;0;0;1;0;0;0;1;0;0;1;0;0;0;0;1;0;0;1;1;1;0;0;0;71.6044666666667
1;0;1;1;0;1;0;1;0;1;0;0;0;1;1;0;0;1;0;0;0;1;0;0;0;1;0;0;0;1;0;0;1;1;1;0;0;0;71.2969666666667
1;0;1;1;0;1;0;1;0;1;0;0;0;1;1;0;0;1;0;0;0;1;0;0;0;0;1;0;0;1;0;0;1;1;1;0;0;0;68.1066333333333
1;0;1;1;0;1;0;1;0;1;1;0;0;0;1;0;0;1;0;0;0;1;0;0;0;0;0;1;0;1;0;0;1;1;1;0;0;0;72.2757666666667
1;0;1;1;0;1;1;0;0;1;0;0;0;1;1;0;0;1;0;0;0;1;0;0;0;0;0;1;0;1;0;0;1;1;1;0;0;0;73.5827666666667
1;0;1;1;0;1;0;1;0;1;0;0;0;1;1;0;0;1;0;0;0;1;0;0;0;0;0;1;0;1;0;0;1;1;1;0;0;0;72.9906333333333
1;0;1;1;0;1;0;0;1;1;0;0;0;1;1;0;0;1;0;0;0;1;0;0;0;0;0;1;0;1;0;0;1;1;1;0;0;0;68.0066333333333
1;0;1;1;0;1;0;1;0;1;0;0;0;1;1;0;0;1;0;0;0;1;0;0;0;0;0;0;1;1;0;0;1;1;1;0;0;0;72.2520333333333
1;0;1;1;0;1;0;1;0;1;0;0;1;0;1;1;0;0;0;0;0;1;1;0;0;0;0;0;0;1;1;0;0;1;0;1;0;0;39.58
1;0;1;1;0;1;1;0;0;1;0;0;0;1;1;0;1;0;0;0;0;1;1;0;0;0;0;0;0;1;1;0;0;1;0;1;0;0;45.282
1;0;1;1;0;1;0;1;0;1;0;0;0;1;1;0;1;0;0;0;0;1;1;0;0;0;0;0;0;1;1;0;0;1;0;1;0;0;48.8621666666667
1;0;1;1;0;1;0;1;0;1;0;0;1;0;1;0;0;0;0;0;1;1;1;0;0;0;0;0;0;1;1;0;0;1;0;1;0;0;465.824533333333
1;0;1;1;0;1;1;0;0;1;0;0;0;1;1;0;1;0;0;0;0;1;0;0;0;0;0;0;1;1;1;0;0;1;0;1;0;0;42.6562
1;0;1;1;0;1;1;0;0;1;0;0;1;0;1;1;0;0;0;0;0;1;1;0;0;0;0;0;0;1;0;1;0;1;0;1;0;0;35.4769333333333
1;0;1;1;0;1;0;1;0;1;0;0;1;0;1;1;0;0;0;0;0;1;1;0;0;0;0;0;0;1;0;1;0;1;0;1;0;0;38.2045
1;0;1;1;0;1;0;0;1;1;0;0;1;0;1;1;0;0;0;0;0;1;1;0;0;0;0;0;0;1;0;1;0;1;0;1;0;0;40.9207666666667
1;0;1;1;0;1;1;0;0;1;0;0;0;1;1;0;1;0;0;0;0;1;1;0;0;0;0;0;0;1;0;1;0;1;0;1;0;0;44.8198
1;0;1;1;0;1;0;1;0;1;0;0;0;1;1;0;1;0;0;0;0;1;1;0;0;0;0;0;0;1;0;1;0;1;0;1;0;0;49.2747666666667
1;0;1;1;0;1;1;0;0;1;0;0;1;0;1;0;0;0;0;0;1;1;1;0;0;0;0;0;0;1;0;1;0;1;0;1;0;0;482.7749
1;0;1;1;0;1;0;1;0;1;0;0;1;0;1;0;0;0;0;0;1;1;1;0;0;0;0;0;0;1;0;1;0;1;0;1;0;0;485.072133333333
1;0;1;1;0;1;0;0;1;1;0;0;1;0;1;0;0;0;0;0;1;1;1;0;0;0;0;0;0;1;0;1;0;1;0;1;0;0;488.146833333333
1;0;1;1;0;1;0;1;0;1;0;0;1;0;1;1;0;0;0;0;0;1;1;0;0;0;0;0;0;1;0;0;1;1;0;1;0;0;38.6618333333333
1;0;1;1;0;1;0;1;0;1;0;0;1;0;1;0;0;0;0;0;1;1;1;0;0;0;0;0;0;1;0;0;1;1;0;1;0;0;490.909166666667
1;0;1;1;0;1;0;1;0;1;0;1;0;0;1;1;0;0;0;0;0;1;1;0;0;0;0;0;0;1;1;0;0;1;0;0;1;0;38.1035333333333
1;0;1;1;0;1;0;1;0;1;0;0;1;0;1;1;0;0;0;0;0;1;1;0;0;0;0;0;0;1;1;0;0;1;0;0;1;0;38.3038666666667
1;0;1;1;0;1;0;1;0;1;0;1;0;0;1;0;0;0;0;0;1;1;1;0;0;0;0;0;0;1;1;0;0;1;0;0;1;0;483.569966666667
1;0;1;1;0;1;0;1;0;1;0;0;1;0;1;0;0;0;0;0;1;1;1;0;0;0;0;0;0;1;1;0;0;1;0;0;1;0;485.9614
1;0;1;1;0;1;1;0;0;1;0;0;1;0;1;1;0;0;0;0;0;1;1;0;0;0;0;0;0;1;0;1;0;1;0;0;1;0;35.0627333333333
1;0;1;1;0;1;0;1;0;1;0;0;1;0;1;1;0;0;0;0;0;1;1;0;0;0;0;0;0;1;0;1;0;1;0;0;1;0;38.6597333333333
1;0;1;1;0;1;0;0;1;1;0;0;1;0;1;1;0;0;0;0;0;1;1;0;0;0;0;0;0;1;0;1;0;1;0;0;1;0;42.0517333333333
1;0;1;1;0;1;1;0;0;1;0;0;1;0;1;0;0;0;0;0;1;1;1;0;0;0;0;0;0;1;0;1;0;1;0;0;1;0;482.754833333333
1;0;1;1;0;1;0;1;0;1;0;0;1;0;1;0;0;0;0;0;1;1;1;0;0;0;0;0;0;1;0;1;0;1;0;0;1;0;482.408333333334
1;0;1;1;0;1;0;0;1;1;0;0;1;0;1;0;0;0;0;0;1;1;1;0;0;0;0;0;0;1;0;1;0;1;0;0;1;0;496.163866666666
1;0;1;1;0;1;0;1;0;1;0;0;1;0;1;1;0;0;0;0;0;1;1;0;0;0;0;0;0;1;0;0;1;1;0;0;1;0;37.7983
1;0;1;1;0;1;0;1;0;1;0;0;1;0;1;0;0;0;0;0;1;1;1;0;0;0;0;0;0;1;0;0;1;1;0;0;1;0;487.282066666666
1;0;1;1;0;1;0;1;0;1;0;0;1;0;1;1;0;0;0;0;0;1;1;0;0;0;0;0;0;1;1;0;0;1;0;0;0;1;39.4755333333333
1;0;1;1;0;1;0;1;0;1;0;0;1;0;1;0;0;0;0;0;1;1;1;0;0;0;0;0;0;1;1;0;0;1;0;0;0;1;484.338766666667
1;0;1;1;0;1;0;1;0;1;0;0;1;0;1;1;0;0;0;0;0;1;1;0;0;0;0;0;0;1;0;1;0;1;0;0;0;1;37.7226333333333
1;0;1;1;0;1;0;0;1;1;0;0;1;0;1;1;0;0;0;0;0;1;1;0;0;0;0;0;0;1;0;1;0;1;0;0;0;1;42.3639666666667
1;0;1;1;0;1;0;1;0;1;0;0;1;0;1;0;0;0;0;0;1;1;1;0;0;0;0;0;0;1;0;1;0;1;0;0;0;1;497.938533333333
1;0;1;1;0;1;0;0;1;1;0;0;1;0;1;0;0;0;0;0;1;1;1;0;0;0;0;0;0;1;0;1;0;1;0;0;0;1;505.511133333333
1;0;1;1;0;1;0;1;0;1;0;0;1;0;1;1;0;0;0;0;0;1;1;0;0;0;0;0;0;1;0;0;1;1;0;0;0;1;38.2715666666667
1;0;1;1;0;1;0;1;0;1;0;0;1;0;1;0;0;0;0;0;1;1;1;0;0;0;0;0;0;1;0;0;1;1;0;0;0;1;490.947666666667
1;1;1;1;0;1;1;0;0;1;1;0;0;0;1;1;0;0;0;0;0;1;1;0;0;0;0;0;0;1;1;0;0;1;1;0;0;0;34.4362333333333
1;1;1;1;0;1;0;1;0;1;1;0;0;0;1;1;0;0;0;0;0;1;1;0;0;0;0;0;0;1;1;0;0;1;1;0;0;0;39.3173666666667
1;1;1;1;0;1;0;0;1;1;1;0;0;0;1;1;0;0;0;0;0;1;1;0;0;0;0;0;0;1;1;0;0;1;1;0;0;0;41.8528666666667
1;1;1;1;0;1;1;0;0;1;0;1;0;0;1;1;0;0;0;0;0;1;1;0;0;0;0;0;0;1;1;0;0;1;1;0;0;0;34.259
1;1;1;1;0;1;0;1;0;1;0;1;0;0;1;1;0;0;0;0;0;1;1;0;0;0;0;0;0;1;1;0;0;1;1;0;0;0;38.1618666666667
1;1;1;1;0;1;0;0;1;1;0;1;0;0;1;1;0;0;0;0;0;1;1;0;0;0;0;0;0;1;1;0;0;1;1;0;0;0;42.1205
1;1;1;1;0;1;1;0;0;1;0;0;1;0;1;1;0;0;0;0;0;1;1;0;0;0;0;0;0;1;1;0;0;1;1;0;0;0;35.1792666666667
1;1;1;1;0;1;0;1;0;1;0;0;1;0;1;1;0;0;0;0;0;1;1;0;0;0;0;0;0;1;1;0;0;1;1;0;0;0;38.514
1;1;1;1;0;1;0;0;1;1;0;0;1;0;1;1;0;0;0;0;0;1;1;0;0;0;0;0;0;1;1;0;0;1;1;0;0;0;41.1638
1;1;1;1;0;1;1;0;0;1;0;0;0;1;1;1;0;0;0;0;0;1;1;0;0;0;0;0;0;1;1;0;0;1;1;0;0;0;35.9743666666667
1;1;1;1;0;1;0;1;0;1;0;0;0;1;1;1;0;0;0;0;0;1;1;0;0;0;0;0;0;1;1;0;0;1;1;0;0;0;38.5442333333333
1;1;1;1;0;1;0;0;1;1;0;0;0;1;1;1;0;0;0;0;0;1;1;0;0;0;0;0;0;1;1;0;0;1;1;0;0;0;41.5109
1;1;1;1;0;1;1;0;0;1;1;0;0;0;1;0;1;0;0;0;0;1;1;0;0;0;0;0;0;1;1;0;0;1;1;0;0;0;46.1029333333333
1;1;1;1;0;1;0;1;0;1;1;0;0;0;1;0;1;0;0;0;0;1;1;0;0;0;0;0;0;1;1;0;0;1;1;0;0;0;48.7975666666667
1;1;1;1;0;1;0;1;0;1;0;1;0;0;1;0;1;0;0;0;0;1;1;0;0;0;0;0;0;1;1;0;0;1;1;0;0;0;48.6633
1;1;1;1;0;1;1;0;0;1;0;0;1;0;1;0;1;0;0;0;0;1;1;0;0;0;0;0;0;1;1;0;0;1;1;0;0;0;46.0195666666667
1;1;1;1;0;1;0;1;0;1;0;0;1;0;1;0;1;0;0;0;0;1;1;0;0;0;0;0;0;1;1;0;0;1;1;0;0;0;49.3139333333333
1;1;1;1;0;1;1;0;0;1;0;0;0;1;1;0;1;0;0;0;0;1;1;0;0;0;0;0;0;1;1;0;0;1;1;0;0;0;46.9805333333333
1;1;1;1;0;1;0;1;0;1;0;0;0;1;1;0;1;0;0;0;0;1;1;0;0;0;0;0;0;1;1;0;0;1;1;0;0;0;50.3712
1;1;1;1;0;1;0;1;0;1;1;0;0;0;1;0;0;1;0;0;0;1;1;0;0;0;0;0;0;1;1;0;0;1;1;0;0;0;68.3477333333333
1;1;1;1;0;1;0;1;0;1;0;1;0;0;1;0;0;1;0;0;0;1;1;0;0;0;0;0;0;1;1;0;0;1;1;0;0;0;67.6855
1;1;1;1;0;1;0;1;0;1;0;0;1;0;1;0;0;1;0;0;0;1;1;0;0;0;0;0;0;1;1;0;0;1;1;0;0;0;68.7318666666667
1;1;1;1;0;1;0;1;0;1;0;0;0;1;1;0;0;1;0;0;0;1;1;0;0;0;0;0;0;1;1;0;0;1;1;0;0;0;70.2368
1;1;1;1;0;1;0;1;0;1;1;0;0;0;1;0;0;0;1;0;0;1;1;0;0;0;0;0;0;1;1;0;0;1;1;0;0;0;100.545966666667
1;1;1;1;0;1;0;1;0;1;0;0;0;1;1;0;0;0;1;0;0;1;1;0;0;0;0;0;0;1;1;0;0;1;1;0;0;0;99.4117
1;1;1;1;0;1;0;1;0;1;0;0;0;1;1;0;0;1;0;0;0;1;0;1;0;0;0;0;0;1;1;0;0;1;1;0;0;0;52.59944
1;1;1;1;0;1;0;1;0;1;0;0;0;1;1;0;0;1;0;0;0;1;0;0;1;0;0;0;0;1;1;0;0;1;1;0;0;0;69.3986666666667
1;1;1;1;0;1;0;1;0;1;0;0;0;1;1;0;0;1;0;0;0;1;0;0;0;1;0;0;0;1;1;0;0;1;1;0;0;0;73.2887333333333
1;1;1;1;0;1;0;1;0;1;0;0;0;1;1;0;0;1;0;0;0;1;0;0;0;0;1;0;0;1;1;0;0;1;1;0;0;0;72.0397
1;1;1;1;0;1;0;1;0;1;1;0;0;0;1;0;0;1;0;0;0;1;0;0;0;0;0;1;0;1;1;0;0;1;1;0;0;0;72.7922333333333
1;1;1;1;0;1;1;0;0;1;0;0;0;1;1;0;0;1;0;0;0;1;0;0;0;0;0;1;0;1;1;0;0;1;1;0;0;0;73.8725333333333
1;1;1;1;0;1;0;1;0;1;0;0;0;1;1;0;0;1;0;0;0;1;0;0;0;0;0;1;0;1;1;0;0;1;1;0;0;0;70.4266
1;1;1;1;0;1;0;0;1;1;0;0;0;1;1;0;0;1;0;0;0;1;0;0;0;0;0;1;0;1;1;0;0;1;1;0;0;0;70.1172666666667
1;1;1;1;0;1;1;0;0;1;0;0;0;1;1;0;1;0;0;0;0;1;0;0;0;0;0;0;1;1;1;0;0;1;1;0;0;0;44.8038666666667
1;1;1;1;0;1;0;1;0;1;0;0;0;1;1;0;1;0;0;0;0;1;0;0;0;0;0;0;1;1;1;0;0;1;1;0;0;0;44.7626333333333
1;1;1;1;0;1;0;1;0;1;0;0;0;1;1;0;0;1;0;0;0;1;0;0;0;0;0;0;1;1;1;0;0;1;1;0;0;0;71.5207
1;1;1;1;0;1;1;0;0;1;0;0;0;1;1;0;1;0;0;0;0;1;1;0;0;0;0;0;0;1;0;1;0;1;1;0;0;0;44.5182333333333
1;1;1;1;0;1;0;1;0;1;0;0;0;1;1;0;1;0;0;0;0;1;1;0;0;0;0;0;0;1;0;1;0;1;1;0;0;0;47.2817
1;1;1;1;0;1;0;1;0;1;0;0;0;1;1;0;0;1;0;0;0;1;1;0;0;0;0;0;0;1;0;1;0;1;1;0;0;0;68.9716
1;1;1;1;0;1;0;1;0;1;0;0;0;1;1;0;0;1;0;0;0;1;0;1;0;0;0;0;0;1;0;1;0;1;1;0;0;0;52.9150666666667
1;1;1;1;0;1;0;1;0;1;0;0;0;1;1;0;0;1;0;0;0;1;0;0;1;0;0;0;0;1;0;1;0;1;1;0;0;0;70.5037666666667
1;1;1;1;0;1;0;1;0;1;0;0;0;1;1;0;0;1;0;0;0;1;0;0;0;1;0;0;0;1;0;1;0;1;1;0;0;0;71.2044333333333
1;1;1;1;0;1;0;1;0;1;0;0;0;1;1;0;0;1;0;0;0;1;0;0;0;0;1;0;0;1;0;1;0;1;1;0;0;0;70.4309
1;1;1;1;0;1;0;1;0;1;1;0;0;0;1;0;0;1;0;0;0;1;0;0;0;0;0;1;0;1;0;1;0;1;1;0;0;0;70.4714
1;1;1;1;0;1;1;0;0;1;0;0;0;1;1;0;0;1;0;0;0;1;0;0;0;0;0;1;0;1;0;1;0;1;1;0;0;0;72.5371333333333
1;1;1;1;0;1;0;1;0;1;0;0;0;1;1;0;0;1;0;0;0;1;0;0;0;0;0;1;0;1;0;1;0;1;1;0;0;0;69.3043
1;1;1;1;0;1;0;0;1;1;0;0;0;1;1;0;0;1;0;0;0;1;0;0;0;0;0;1;0;1;0;1;0;1;1;0;0;0;69.3136
1;1;1;1;0;1;0;1;0;1;0;0;0;1;1;0;0;1;0;0;0;1;0;0;0;0;0;0;1;1;0;1;0;1;1;0;0;0;70.9871333333333
1;1;1;1;0;1;0;1;0;1;0;0;0;1;1;0;0;1;0;0;0;1;1;0;0;0;0;0;0;1;0;0;1;1;1;0;0;0;69.0988
1;1;1;1;0;1;0;1;0;1;0;0;0;1;1;0;0;1;0;0;0;1;0;1;0;0;0;0;0;1;0;0;1;1;1;0;0;0;54.9403333333333
1;1;1;1;0;1;0;1;0;1;0;0;0;1;1;0;0;1;0;0;0;1;0;0;1;0;0;0;0;1;0;0;1;1;1;0;0;0;70.8728333333333
1;1;1;1;0;1;0;1;0;1;0;0;0;1;1;0;0;1;0;0;0;1;0;0;0;1;0;0;0;1;0;0;1;1;1;0;0;0;71.3381
1;1;1;1;0;1;0;1;0;1;0;0;0;1;1;0;0;1;0;0;0;1;0;0;0;0;1;0;0;1;0;0;1;1;1;0;0;0;72.6334
1;1;1;1;0;1;0;1;0;1;1;0;0;0;1;0;0;1;0;0;0;1;0;0;0;0;0;1;0;1;0;0;1;1;1;0;0;0;70.1384333333333
1;1;1;1;0;1;1;0;0;1;0;0;0;1;1;0;0;1;0;0;0;1;0;0;0;0;0;1;0;1;0;0;1;1;1;0;0;0;73.7812333333333
1;1;1;1;0;1;0;1;0;1;0;0;0;1;1;0;0;1;0;0;0;1;0;0;0;0;0;1;0;1;0;0;1;1;1;0;0;0;69.3659333333333
1;1;1;1;0;1;0;0;1;1;0;0;0;1;1;0;0;1;0;0;0;1;0;0;0;0;0;1;0;1;0;0;1;1;1;0;0;0;71.7092333333333
1;1;1;1;0;1;0;1;0;1;0;0;0;1;1;0;0;1;0;0;0;1;0;0;0;0;0;0;1;1;0;0;1;1;1;0;0;0;70.5426333333333
1;1;1;1;0;1;0;1;0;1;0;0;1;0;1;1;0;0;0;0;0;1;1;0;0;0;0;0;0;1;1;0;0;1;0;1;0;0;38.6452666666667
1;1;1;1;0;1;1;0;0;1;0;0;0;1;1;0;1;0;0;0;0;1;1;0;0;0;0;0;0;1;1;0;0;1;0;1;0;0;45.254
1;1;1;1;0;1;0;1;0;1;0;0;0;1;1;0;1;0;0;0;0;1;1;0;0;0;0;0;0;1;1;0;0;1;0;1;0;0;49.2491
1;1;1;1;0;1;0;1;0;1;0;0;1;0;1;0;0;0;0;0;1;1;1;0;0;0;0;0;0;1;1;0;0;1;0;1;0;0;481.739666666667
1;1;1;1;0;1;1;0;0;1;0;0;1;0;1;1;0;0;0;0;0;1;1;0;0;0;0;0;0;1;0;1;0;1;0;1;0;0;36.2142666666667
1;1;1;1;0;1;0;1;0;1;0;0;1;0;1;1;0;0;0;0;0;1;1;0;0;0;0;0;0;1;0;1;0;1;0;1;0;0;38.0889666666667
1;1;1;1;0;1;0;0;1;1;0;0;1;0;1;1;0;0;0;0;0;1;1;0;0;0;0;0;0;1;0;1;0;1;0;1;0;0;41.6455
1;1;1;1;0;1;1;0;0;1;0;0;0;1;1;0;1;0;0;0;0;1;1;0;0;0;0;0;0;1;0;1;0;1;0;1;0;0;46.0604
1;1;1;1;0;1;0;1;0;1;0;0;0;1;1;0;1;0;0;0;0;1;1;0;0;0;0;0;0;1;0;1;0;1;0;1;0;0;49.4107666666667
1;1;1;1;0;1;1;0;0;1;0;0;1;0;1;0;0;0;0;0;1;1;1;0;0;0;0;0;0;1;0;1;0;1;0;1;0;0;478.5842
1;1;1;1;0;1;0;1;0;1;0;0;1;0;1;0;0;0;0;0;1;1;1;0;0;0;0;0;0;1;0;1;0;1;0;1;0;0;489.736833333333
1;1;1;1;0;1;0;0;1;1;0;0;1;0;1;0;0;0;0;0;1;1;1;0;0;0;0;0;0;1;0;1;0;1;0;1;0;0;493.860233333333
1;1;1;1;0;1;0;1;0;1;0;0;1;0;1;1;0;0;0;0;0;1;1;0;0;0;0;0;0;1;0;0;1;1;0;1;0;0;38.2481333333333
1;1;1;1;0;1;0;1;0;1;0;0;1;0;1;0;0;0;0;0;1;1;1;0;0;0;0;0;0;1;0;0;1;1;0;1;0;0;494.035433333333
1;1;1;1;0;1;0;1;0;1;0;1;0;0;1;1;0;0;0;0;0;1;1;0;0;0;0;0;0;1;1;0;0;1;0;0;1;0;38.6252666666667
1;1;1;1;0;1;0;1;0;1;0;0;1;0;1;1;0;0;0;0;0;1;1;0;0;0;0;0;0;1;1;0;0;1;0;0;1;0;38.5834333333333
1;1;1;1;0;1;0;1;0;1;0;0;1;0;1;0;0;0;0;0;1;1;1;0;0;0;0;0;0;1;1;0;0;1;0;0;1;0;497.210333333333
1;1;1;1;0;1;1;0;0;1;0;0;1;0;1;1;0;0;0;0;0;1;1;0;0;0;0;0;0;1;0;1;0;1;0;0;1;0;35.8114333333333
1;1;1;1;0;1;0;1;0;1;0;0;1;0;1;1;0;0;0;0;0;1;1;0;0;0;0;0;0;1;0;1;0;1;0;0;1;0;38.8125666666667
1;1;1;1;0;1;0;0;1;1;0;0;1;0;1;1;0;0;0;0;0;1;1;0;0;0;0;0;0;1;0;1;0;1;0;0;1;0;41.9615
1;1;1;1;0;1;1;0;0;1;0;0;1;0;1;0;0;0;0;0;1;1;1;0;0;0;0;0;0;1;0;1;0;1;0;0;1;0;481.9715
1;1;1;1;0;1;0;1;0;1;0;0;1;0;1;0;0;0;0;0;1;1;1;0;0;0;0;0;0;1;0;1;0;1;0;0;1;0;489.818533333333
1;1;1;1;0;1;0;0;1;1;0;0;1;0;1;0;0;0;0;0;1;1;1;0;0;0;0;0;0;1;0;1;0;1;0;0;1;0;498.406733333334
1;1;1;1;0;1;0;1;0;1;0;0;1;0;1;1;0;0;0;0;0;1;1;0;0;0;0;0;0;1;0;0;1;1;0;0;1;0;38.5167333333333
1;1;1;1;0;1;0;1;0;1;0;0;1;0;1;0;0;0;0;0;1;1;1;0;0;0;0;0;0;1;0;0;1;1;0;0;1;0;483.558733333333
1;1;1;1;0;1;0;1;0;1;0;0;1;0;1;1;0;0;0;0;0;1;1;0;0;0;0;0;0;1;1;0;0;1;0;0;0;1;38.0777
1;1;1;1;0;1;0;1;0;1;0;0;1;0;1;0;0;0;0;0;1;1;1;0;0;0;0;0;0;1;1;0;0;1;0;0;0;1;494.9782
1;1;1;1;0;1;0;1;0;1;0;0;1;0;1;1;0;0;0;0;0;1;1;0;0;0;0;0;0;1;0;1;0;1;0;0;0;1;38.5132333333333
1;1;1;1;0;1;0;0;1;1;0;0;1;0;1;1;0;0;0;0;0;1;1;0;0;0;0;0;0;1;0;1;0;1;0;0;0;1;42.725
1;1;1;1;0;1;0;1;0;1;0;0;1;0;1;0;0;0;0;0;1;1;1;0;0;0;0;0;0;1;0;1;0;1;0;0;0;1;491.164033333334
1;1;1;1;0;1;0;0;1;1;0;0;1;0;1;0;0;0;0;0;1;1;1;0;0;0;0;0;0;1;0;1;0;1;0;0;0;1;494.611666666667
1;1;1;1;0;1;0;1;0;1;0;0;1;0;1;1;0;0;0;0;0;1;1;0;0;0;0;0;0;1;0;0;1;1;0;0;0;1;38.2877
1;1;1;1;0;1;0;1;0;1;0;0;1;0;1;0;0;0;0;0;1;1;1;0;0;0;0;0;0;1;0;0;1;1;0;0;0;1;488.016833333334
0;0;0;0;1;1;1;0;0;1;1;0;0;0;1;1;0;0;0;0;0;1;1;0;0;0;0;0;0;1;1;0;0;1;1;0;0;0;31.1127
0;0;0;0;1;1;0;1;0;1;1;0;0;0;1;1;0;0;0;0;0;1;1;0;0;0;0;0;0;1;1;0;0;1;1;0;0;0;31.5034666666667
0;0;0;0;1;1;0;0;1;1;1;0;0;0;1;1;0;0;0;0;0;1;1;0;0;0;0;0;0;1;1;0;0;1;1;0;0;0;31.2031333333333
0;0;0;0;1;1;1;0;0;1;0;1;0;0;1;1;0;0;0;0;0;1;1;0;0;0;0;0;0;1;1;0;0;1;1;0;0;0;30.4055
0;0;0;0;1;1;0;1;0;1;0;1;0;0;1;1;0;0;0;0;0;1;1;0;0;0;0;0;0;1;1;0;0;1;1;0;0;0;29.8445
0;0;0;0;1;1;0;0;1;1;0;1;0;0;1;1;0;0;0;0;0;1;1;0;0;0;0;0;0;1;1;0;0;1;1;0;0;0;31.6546
0;0;0;0;1;1;1;0;0;1;0;0;1;0;1;1;0;0;0;0;0;1;1;0;0;0;0;0;0;1;1;0;0;1;1;0;0;0;30.29336
0;0;0;0;1;1;0;1;0;1;0;0;1;0;1;1;0;0;0;0;0;1;1;0;0;0;0;0;0;1;1;0;0;1;1;0;0;0;31.9414
0;0;0;0;1;1;0;0;1;1;0;0;1;0;1;1;0;0;0;0;0;1;1;0;0;0;0;0;0;1;1;0;0;1;1;0;0;0;33.6828666666667
0;0;0;0;1;1;1;0;0;1;0;0;0;1;1;1;0;0;0;0;0;1;1;0;0;0;0;0;0;1;1;0;0;1;1;0;0;0;29.6737333333333
0;0;0;0;1;1;0;1;0;1;0;0;0;1;1;1;0;0;0;0;0;1;1;0;0;0;0;0;0;1;1;0;0;1;1;0;0;0;29.8822
0;0;0;0;1;1;0;0;1;1;0;0;0;1;1;1;0;0;0;0;0;1;1;0;0;0;0;0;0;1;1;0;0;1;1;0;0;0;32.0410666666667
0;0;0;0;1;1;1;0;0;1;1;0;0;0;1;0;1;0;0;0;0;1;1;0;0;0;0;0;0;1;1;0;0;1;1;0;0;0;31.1247
0;0;0;0;1;1;0;1;0;1;1;0;0;0;1;0;1;0;0;0;0;1;1;0;0;0;0;0;0;1;1;0;0;1;1;0;0;0;31.8687
0;0;0;0;1;1;0;0;1;1;1;0;0;0;1;0;1;0;0;0;0;1;1;0;0;0;0;0;0;1;1;0;0;1;1;0;0;0;33.3796333333333
0;0;0;0;1;1;1;0;0;1;0;1;0;0;1;0;1;0;0;0;0;1;1;0;0;0;0;0;0;1;1;0;0;1;1;0;0;0;32.1342
0;0;0;0;1;1;0;1;0;1;0;1;0;0;1;0;1;0;0;0;0;1;1;0;0;0;0;0;0;1;1;0;0;1;1;0;0;0;31.7377333333333
0;0;0;0;1;1;0;0;1;1;0;1;0;0;1;0;1;0;0;0;0;1;1;0;0;0;0;0;0;1;1;0;0;1;1;0;0;0;30.8618333333333
0;0;0;0;1;1;1;0;0;1;0;0;1;0;1;0;1;0;0;0;0;1;1;0;0;0;0;0;0;1;1;0;0;1;1;0;0;0;31.7719666666667
0;0;0;0;1;1;0;1;0;1;0;0;1;0;1;0;1;0;0;0;0;1;1;0;0;0;0;0;0;1;1;0;0;1;1;0;0;0;33.7144
0;0;0;0;1;1;0;0;1;1;0;0;1;0;1;0;1;0;0;0;0;1;1;0;0;0;0;0;0;1;1;0;0;1;1;0;0;0;33.4549
0;0;0;0;1;1;1;0;0;1;0;0;0;1;1;0;1;0;0;0;0;1;1;0;0;0;0;0;0;1;1;0;0;1;1;0;0;0;33.0347333333333
0;0;0;0;1;1;0;1;0;1;0;0;0;1;1;0;1;0;0;0;0;1;1;0;0;0;0;0;0;1;1;0;0;1;1;0;0;0;31.7793666666667
0;0;0;0;1;1;0;0;1;1;0;0;0;1;1;0;1;0;0;0;0;1;1;0;0;0;0;0;0;1;1;0;0;1;1;0;0;0;30.6664333333333
0;0;0;0;1;1;0;1;0;1;1;0;0;0;1;0;0;1;0;0;0;1;1;0;0;0;0;0;0;1;1;0;0;1;1;0;0;0;40.5990666666667
0;0;0;0;1;1;0;1;0;1;0;1;0;0;1;0;0;1;0;0;0;1;1;0;0;0;0;0;0;1;1;0;0;1;1;0;0;0;39.3449333333333
0;0;0;0;1;1;0;1;0;1;0;0;1;0;1;0;0;1;0;0;0;1;1;0;0;0;0;0;0;1;1;0;0;1;1;0;0;0;38.7977333333333
0;0;0;0;1;1;1;0;0;1;0;0;0;1;1;0;0;1;0;0;0;1;1;0;0;0;0;0;0;1;1;0;0;1;1;0;0;0;40.3107666666667
0;0;0;0;1;1;0;1;0;1;0;0;0;1;1;0;0;1;0;0;0;1;1;0;0;0;0;0;0;1;1;0;0;1;1;0;0;0;43.1715333333333
0;0;0;0;1;1;0;1;0;1;1;0;0;0;1;0;0;0;1;0;0;1;1;0;0;0;0;0;0;1;1;0;0;1;1;0;0;0;43.0621333333333
0;0;0;0;1;1;0;1;0;1;0;0;1;0;1;0;0;0;1;0;0;1;1;0;0;0;0;0;0;1;1;0;0;1;1;0;0;0;48.1712
0;0;0;0;1;1;0;1;0;1;0;0;0;1;1;0;0;0;1;0;0;1;1;0;0;0;0;0;0;1;1;0;0;1;1;0;0;0;45.31942
0;0;0;0;1;1;0;1;0;1;0;0;0;1;1;0;0;0;0;1;0;1;1;0;0;0;0;0;0;1;1;0;0;1;1;0;0;0;48.5313333333333
0;0;0;0;1;1;0;0;1;1;0;0;0;1;1;0;0;0;0;1;0;1;1;0;0;0;0;0;0;1;1;0;0;1;1;0;0;0;54.60956
0;0;0;0;1;1;0;1;0;1;0;1;0;0;1;0;0;0;0;0;1;1;1;0;0;0;0;0;0;1;1;0;0;1;1;0;0;0;55.2420666666667
0;0;0;0;1;1;0;1;0;1;0;0;0;1;1;0;0;0;0;0;1;1;1;0;0;0;0;0;0;1;1;0;0;1;1;0;0;0;50.9624333333333
0;0;0;0;1;1;0;1;0;1;1;0;0;0;1;1;0;0;0;0;0;1;0;1;0;0;0;0;0;1;1;0;0;1;1;0;0;0;24.8660666666667
0;0;0;0;1;1;0;1;0;1;1;0;0;0;1;0;0;1;0;0;0;1;0;1;0;0;0;0;0;1;1;0;0;1;1;0;0;0;32.07058
0;0;0;0;1;1;0;1;0;1;0;0;0;1;1;0;0;1;0;0;0;1;0;1;0;0;0;0;0;1;1;0;0;1;1;0;0;0;28.3587333333333
0;0;0;0;1;1;0;1;0;1;1;0;0;0;1;0;0;1;0;0;0;1;0;0;1;0;0;0;0;1;1;0;0;1;1;0;0;0;35.3581333333333
0;0;0;0;1;1;0;1;0;1;0;0;0;1;1;0;0;1;0;0;0;1;0;0;1;0;0;0;0;1;1;0;0;1;1;0;0;0;33.5585666666667
0;0;0;0;1;1;0;0;1;1;0;0;0;1;1;0;0;1;0;0;0;1;0;0;1;0;0;0;0;1;1;0;0;1;1;0;0;0;33.5055
0;0;0;0;1;1;0;1;0;1;1;0;0;0;1;0;0;1;0;0;0;1;0;0;0;1;0;0;0;1;1;0;0;1;1;0;0;0;36.2779
0;0;0;0;1;1;0;1;0;1;0;0;0;1;1;0;0;1;0;0;0;1;0;0;0;1;0;0;0;1;1;0;0;1;1;0;0;0;33.0372666666667
0;0;0;0;1;1;0;1;0;1;1;0;0;0;1;0;0;1;0;0;0;1;0;0;0;0;1;0;0;1;1;0;0;1;1;0;0;0;31.2158
0;0;0;0;1;1;0;1;0;1;0;0;0;1;1;0;0;1;0;0;0;1;0;0;0;0;1;0;0;1;1;0;0;1;1;0;0;0;32.2258333333333
0;0;0;0;1;1;0;1;0;1;1;0;0;0;1;0;0;1;0;0;0;1;0;0;0;0;0;1;0;1;1;0;0;1;1;0;0;0;30.38184
0;0;0;0;1;1;0;1;0;1;0;0;1;0;1;0;0;1;0;0;0;1;0;0;0;0;0;1;0;1;1;0;0;1;1;0;0;0;32.2888666666667
0;0;0;0;1;1;1;0;0;1;0;0;0;1;1;0;0;1;0;0;0;1;0;0;0;0;0;1;0;1;1;0;0;1;1;0;0;0;32.2362333333333
0;0;0;0;1;1;0;1;0;1;0;0;0;1;1;0;0;1;0;0;0;1;0;0;0;0;0;1;0;1;1;0;0;1;1;0;0;0;30.849
0;0;0;0;1;1;0;0;1;1;0;0;0;1;1;0;0;1;0;0;0;1;0;0;0;0;0;1;0;1;1;0;0;1;1;0;0;0;33.0098
0;0;0;0;1;1;1;0;0;1;0;0;0;1;1;0;1;0;0;0;0;1;0;0;0;0;0;0;1;1;1;0;0;1;1;0;0;0;31.5987333333333
0;0;0;0;1;1;0;1;0;1;0;0;0;1;1;0;1;0;0;0;0;1;0;0;0;0;0;0;1;1;1;0;0;1;1;0;0;0;33.3806666666667
0;0;0;0;1;1;0;1;0;1;0;0;0;1;1;0;0;1;0;0;0;1;0;0;0;0;0;0;1;1;1;0;0;1;1;0;0;0;31.1299333333333
0;0;0;0;1;1;1;0;0;1;1;0;0;0;1;0;1;0;0;0;0;1;1;0;0;0;0;0;0;1;0;1;0;1;1;0;0;0;32.9316
0;0;0;0;1;1;0;1;0;1;1;0;0;0;1;0;1;0;0;0;0;1;1;0;0;0;0;0;0;1;0;1;0;1;1;0;0;0;33.5685333333333
0;0;0;0;1;1;1;0;0;1;0;0;0;1;1;0;1;0;0;0;0;1;1;0;0;0;0;0;0;1;0;1;0;1;1;0;0;0;32.7380666666667
0;0;0;0;1;1;0;1;0;1;0;0;0;1;1;0;1;0;0;0;0;1;1;0;0;0;0;0;0;1;0;1;0;1;1;0;0;0;33.6798333333333
0;0;0;0;1;1;0;1;0;1;1;0;0;0;1;0;0;1;0;0;0;1;1;0;0;0;0;0;0;1;0;1;0;1;1;0;0;0;40.5446
0;0;0;0;1;1;0;1;0;1;0;1;0;0;1;0;0;1;0;0;0;1;1;0;0;0;0;0;0;1;0;1;0;1;1;0;0;0;39.7871333333333
0;0;0;0;1;1;0;1;0;1;0;0;0;1;1;0;0;1;0;0;0;1;1;0;0;0;0;0;0;1;0;1;0;1;1;0;0;0;41.6309333333333
0;0;0;0;1;1;0;1;0;1;0;0;0;1;1;0;0;0;1;0;0;1;1;0;0;0;0;0;0;1;0;1;0;1;1;0;0;0;47.2509666666667
0;0;0;0;1;1;0;1;0;1;1;0;0;0;1;0;0;1;0;0;0;1;0;1;0;0;0;0;0;1;0;1;0;1;1;0;0;0;26.95422
0;0;0;0;1;1;0;1;0;1;0;0;0;1;1;0;0;1;0;0;0;1;0;1;0;0;0;0;0;1;0;1;0;1;1;0;0;0;28.90786
0;0;0;0;1;1;1;0;0;1;0;0;0;1;1;0;0;1;0;0;0;1;0;0;1;0;0;0;0;1;0;1;0;1;1;0;0;0;32.1149666666667
0;0;0;0;1;1;0;1;0;1;0;0;0;1;1;0;0;1;0;0;0;1;0;0;1;0;0;0;0;1;0;1;0;1;1;0;0;0;33.5742
0;0;0;0;1;1;1;0;0;1;0;0;0;1;1;0;0;1;0;0;0;1;0;0;0;1;0;0;0;1;0;1;0;1;1;0;0;0;31.0103333333333
0;0;0;0;1;1;0;1;0;1;0;0;0;1;1;0;0;1;0;0;0;1;0;0;0;1;0;0;0;1;0;1;0;1;1;0;0;0;34.69806
0;0;0;0;1;1;0;1;0;1;0;0;0;1;1;0;0;1;0;0;0;1;0;0;0;0;1;0;0;1;0;1;0;1;1;0;0;0;36.6742333333333
0;0;0;0;1;1;0;1;0;1;1;0;0;0;1;0;0;1;0;0;0;1;0;0;0;0;0;1;0;1;0;1;0;1;1;0;0;0;31.9480333333333
0;0;0;0;1;1;0;1;0;1;0;1;0;0;1;0;0;1;0;0;0;1;0;0;0;0;0;1;0;1;0;1;0;1;1;0;0;0;32.3028
0;0;0;0;1;1;0;1;0;1;0;0;1;0;1;0;0;1;0;0;0;1;0;0;0;0;0;1;0;1;0;1;0;1;1;0;0;0;30.5434
0;0;0;0;1;1;1;0;0;1;0;0;0;1;1;0;0;1;0;0;0;1;0;0;0;0;0;1;0;1;0;1;0;1;1;0;0;0;34.31876
0;0;0;0;1;1;0;1;0;1;0;0;0;1;1;0;0;1;0;0;0;1;0;0;0;0;0;1;0;1;0;1;0;1;1;0;0;0;32.7352333333333
0;0;0;0;1;1;0;0;1;1;0;0;0;1;1;0;0;1;0;0;0;1;0;0;0;0;0;1;0;1;0;1;0;1;1;0;0;0;33.4860333333333
0;0;0;0;1;1;0;1;0;1;0;0;0;1;1;0;0;1;0;0;0;1;0;0;0;0;0;0;1;1;0;1;0;1;1;0;0;0;32.9660666666667
0;0;0;0;1;1;0;1;0;1;1;0;0;0;1;0;1;0;0;0;0;1;1;0;0;0;0;0;0;1;0;0;1;1;1;0;0;0;30.9147666666667
0;0;0;0;1;1;0;1;0;1;0;0;0;1;1;0;1;0;0;0;0;1;1;0;0;0;0;0;0;1;0;0;1;1;1;0;0;0;31.443
0;0;0;0;1;1;0;1;0;1;1;0;0;0;1;0;0;1;0;0;0;1;1;0;0;0;0;0;0;1;0;0;1;1;1;0;0;0;39.0394333333333
0;0;0;0;1;1;0;1;0;1;0;0;0;1;1;0;0;1;0;0;0;1;1;0;0;0;0;0;0;1;0;0;1;1;1;0;0;0;38.8113666666667
0;0;0;0;1;1;0;1;0;1;0;0;0;1;1;0;0;1;0;0;0;1;0;1;0;0;0;0;0;1;0;0;1;1;1;0;0;0;34.0458666666667
0;0;0;0;1;1;0;1;0;1;0;0;0;1;1;0;0;1;0;0;0;1;0;0;1;0;0;0;0;1;0;0;1;1;1;0;0;0;34.13092
0;0;0;0;1;1;0;1;0;1;0;0;0;1;1;0;0;1;0;0;0;1;0;0;0;1;0;0;0;1;0;0;1;1;1;0;0;0;32.7016333333333
0;0;0;0;1;1;0;1;0;1;0;0;0;1;1;0;0;1;0;0;0;1;0;0;0;0;1;0;0;1;0;0;1;1;1;0;0;0;33.83006
0;0;0;0;1;1;0;1;0;1;1;0;0;0;1;0;0;1;0;0;0;1;0;0;0;0;0;1;0;1;0;0;1;1;1;0;0;0;31.41922
0;0;0;0;1;1;0;1;0;1;0;1;0;0;1;0;0;1;0;0;0;1;0;0;0;0;0;1;0;1;0;0;1;1;1;0;0;0;30.9829666666667
0;0;0;0;1;1;1;0;0;1;0;0;0;1;1;0;0;1;0;0;0;1;0;0;0;0;0;1;0;1;0;0;1;1;1;0;0;0;33.5450333333333
0;0;0;0;1;1;0;1;0;1;0;0;0;1;1;0;0;1;0;0;0;1;0;0;0;0;0;1;0;1;0;0;1;1;1;0;0;0;30.8579
0;0;0;0;1;1;0;0;1;1;0;0;0;1;1;0;0;1;0;0;0;1;0;0;0;0;0;1;0;1;0;0;1;1;1;0;0;0;32.2851666666667
0;0;0;0;1;1;0;1;0;1;0;0;0;1;1;0;0;1;0;0;0;1;0;0;0;0;0;0;1;1;0;0;1;1;1;0;0;0;30.3472333333333
0;0;0;0;1;1;1;0;0;1;0;0;1;0;1;1;0;0;0;0;0;1;1;0;0;0;0;0;0;1;1;0;0;1;0;1;0;0;32.0403
0;0;0;0;1;1;0;1;0;1;0;0;1;0;1;1;0;0;0;0;0;1;1;0;0;0;0;0;0;1;1;0;0;1;0;1;0;0;31.7586333333333
0;0;0;0;1;1;0;0;1;1;0;0;1;0;1;1;0;0;0;0;0;1;1;0;0;0;0;0;0;1;1;0;0;1;0;1;0;0;32.3173666666667
0;0;0;0;1;1;0;1;0;1;0;0;0;1;1;1;0;0;0;0;0;1;1;0;0;0;0;0;0;1;1;0;0;1;0;1;0;0;31.6677666666667
0;0;0;0;1;1;1;0;0;1;0;0;0;1;1;0;1;0;0;0;0;1;1;0;0;0;0;0;0;1;1;0;0;1;0;1;0;0;31.59498
0;0;0;0;1;1;0;1;0;1;0;0;0;1;1;0;1;0;0;0;0;1;1;0;0;0;0;0;0;1;1;0;0;1;0;1;0;0;32.7948666666667
0;0;0;0;1;1;0;1;0;1;0;0;1;0;1;0;0;0;0;0;1;1;1;0;0;0;0;0;0;1;1;0;0;1;0;1;0;0;51.2186333333333
0;0;0;0;1;1;1;0;0;1;0;0;0;1;1;0;1;0;0;0;0;1;0;0;0;0;0;0;1;1;1;0;0;1;0;1;0;0;31.36646
0;0;0;0;1;1;0;1;0;1;0;0;0;1;1;0;1;0;0;0;0;1;0;0;0;0;0;0;1;1;1;0;0;1;0;1;0;0;35.5459
0;0;0;0;1;1;1;0;0;1;0;0;1;0;1;1;0;0;0;0;0;1;1;0;0;0;0;0;0;1;0;1;0;1;0;1;0;0;31.777
0;0;0;0;1;1;0;1;0;1;0;0;1;0;1;1;0;0;0;0;0;1;1;0;0;0;0;0;0;1;0;1;0;1;0;1;0;0;34.3664
0;0;0;0;1;1;0;0;1;1;0;0;1;0;1;1;0;0;0;0;0;1;1;0;0;0;0;0;0;1;0;1;0;1;0;1;0;0;31.4378333333333
0;0;0;0;1;1;1;0;0;1;0;0;0;1;1;0;1;0;0;0;0;1;1;0;0;0;0;0;0;1;0;1;0;1;0;1;0;0;32.2179666666667
0;0;0;0;1;1;0;1;0;1;0;0;0;1;1;0;1;0;0;0;0;1;1;0;0;0;0;0;0;1;0;1;0;1;0;1;0;0;31.9832333333333
0;0;0;0;1;1;1;0;0;1;0;0;1;0;1;0;0;0;0;0;1;1;1;0;0;0;0;0;0;1;0;1;0;1;0;1;0;0;52.98682
0;0;0;0;1;1;0;1;0;1;0;0;1;0;1;0;0;0;0;0;1;1;1;0;0;0;0;0;0;1;0;1;0;1;0;1;0;0;52.0607
0;0;0;0;1;1;0;0;1;1;0;0;1;0;1;0;0;0;0;0;1;1;1;0;0;0;0;0;0;1;0;1;0;1;0;1;0;0;53.97042
0;0;0;0;1;1;0;1;0;1;0;0;1;0;1;1;0;0;0;0;0;1;1;0;0;0;0;0;0;1;0;0;1;1;0;1;0;0;32.6988333333333
0;0;0;0;1;1;0;1;0;1;0;0;1;0;1;0;0;0;0;0;1;1;1;0;0;0;0;0;0;1;0;0;1;1;0;1;0;0;54.6927666666667
0;0;0;0;1;1;0;1;0;1;0;1;0;0;1;1;0;0;0;0;0;1;1;0;0;0;0;0;0;1;1;0;0;1;0;0;1;0;31.1971333333333
0;0;0;0;1;1;1;0;0;1;0;0;1;0;1;1;0;0;0;0;0;1;1;0;0;0;0;0;0;1;1;0;0;1;0;0;1;0;30.5827
0;0;0;0;1;1;0;1;0;1;0;0;1;0;1;1;0;0;0;0;0;1;1;0;0;0;0;0;0;1;1;0;0;1;0;0;1;0;32.6818
0;0;0;0;1;1;0;0;1;1;0;0;1;0;1;1;0;0;0;0;0;1;1;0;0;0;0;0;0;1;1;0;0;1;0;0;1;0;30.5427
0;0;0;0;1;1;0;1;0;1;0;0;0;1;1;1;0;0;0;0;0;1;1;0;0;0;0;0;0;1;1;0;0;1;0;0;1;0;31.3932333333333
0;0;0;0;1;1;0;1;0;1;0;1;0;0;1;0;0;0;0;0;1;1;1;0;0;0;0;0;0;1;1;0;0;1;0;0;1;0;60.2187
0;0;0;0;1;1;0;1;0;1;0;0;1;0;1;0;0;0;0;0;1;1;1;0;0;0;0;0;0;1;1;0;0;1;0;0;1;0;54.8576
0;0;0;0;1;1;1;0;0;1;0;0;1;0;1;1;0;0;0;0;0;1;1;0;0;0;0;0;0;1;0;1;0;1;0;0;1;0;31.9127333333333
0;0;0;0;1;1;0;1;0;1;0;0;1;0;1;1;0;0;0;0;0;1;1;0;0;0;0;0;0;1;0;1;0;1;0;0;1;0;32.61396
0;0;0;0;1;1;0;0;1;1;0;0;1;0;1;1;0;0;0;0;0;1;1;0;0;0;0;0;0;1;0;1;0;1;0;0;1;0;31.3170333333333
0;0;0;0;1;1;1;0;0;1;0;0;1;0;1;0;0;0;0;0;1;1;1;0;0;0;0;0;0;1;0;1;0;1;0;0;1;0;57.6442333333333
0;0;0;0;1;1;0;1;0;1;0;0;1;0;1;0;0;0;0;0;1;1;1;0;0;0;0;0;0;1;0;1;0;1;0;0;1;0;53.4672666666667
0;0;0;0;1;1;0;0;1;1;0;0;1;0;1;0;0;0;0;0;1;1;1;0;0;0;0;0;0;1;0;1;0;1;0;0;1;0;50.5390333333333
0;0;0;0;1;1;0;1;0;1;0;0;1;0;1;1;0;0;0;0;0;1;1;0;0;0;0;0;0;1;0;0;1;1;0;0;1;0;34.6399333333333
0;0;0;0;1;1;0;1;0;1;0;0;1;0;1;0;0;0;0;0;1;1;1;0;0;0;0;0;0;1;0;0;1;1;0;0;1;0;55.8621333333333
0;0;0;0;1;1;0;1;0;1;0;1;0;0;1;1;0;0;0;0;0;1;1;0;0;0;0;0;0;1;1;0;0;1;0;0;0;1;33.1059666666667
0;0;0;0;1;1;0;1;0;1;0;0;1;0;1;1;0;0;0;0;0;1;1;0;0;0;0;0;0;1;1;0;0;1;0;0;0;1;31.1216666666667
0;0;0;0;1;1;0;1;0;1;0;0;1;0;1;0;0;0;0;0;1;1;1;0;0;0;0;0;0;1;1;0;0;1;0;0;0;1;52.46196
0;0;0;0;1;1;1;0;0;1;0;0;1;0;1;1;0;0;0;0;0;1;1;0;0;0;0;0;0;1;0;1;0;1;0;0;0;1;33.2443
0;0;0;0;1;1;0;1;0;1;0;0;1;0;1;1;0;0;0;0;0;1;1;0;0;0;0;0;0;1;0;1;0;1;0;0;0;1;29.52966
0;0;0;0;1;1;0;0;1;1;0;0;1;0;1;1;0;0;0;0;0;1;1;0;0;0;0;0;0;1;0;1;0;1;0;0;0;1;31.58216
0;0;0;0;1;1;1;0;0;1;0;0;1;0;1;0;0;0;0;0;1;1;1;0;0;0;0;0;0;1;0;1;0;1;0;0;0;1;53.5624333333333
0;0;0;0;1;1;0;1;0;1;0;0;1;0;1;0;0;0;0;0;1;1;1;0;0;0;0;0;0;1;0;1;0;1;0;0;0;1;55.2531
0;0;0;0;1;1;0;0;1;1;0;0;1;0;1;0;0;0;0;0;1;1;1;0;0;0;0;0;0;1;0;1;0;1;0;0;0;1;52.0862333333333
0;0;0;0;1;1;0;1;0;1;0;0;1;0;1;1;0;0;0;0;0;1;1;0;0;0;0;0;0;1;0;0;1;1;0;0;0;1;32.1543666666667
0;0;0;0;1;1;0;1;0;1;0;0;1;0;1;0;0;0;0;0;1;1;1;0;0;0;0;0;0;1;0;0;1;1;0;0;0;1;54.41862
0;0;0;1;1;1;1;0;0;1;1;0;0;0;1;1;0;0;0;0;0;1;1;0;0;0;0;0;0;1;1;0;0;1;1;0;0;0;32.5326
0;0;0;1;1;1;0;1;0;1;1;0;0;0;1;1;0;0;0;0;0;1;1;0;0;0;0;0;0;1;1;0;0;1;1;0;0;0;32.7583
0;0;0;1;1;1;0;0;1;1;1;0;0;0;1;1;0;0;0;0;0;1;1;0;0;0;0;0;0;1;1;0;0;1;1;0;0;0;33.6376666666667
0;0;0;1;1;1;1;0;0;1;0;1;0;0;1;1;0;0;0;0;0;1;1;0;0;0;0;0;0;1;1;0;0;1;1;0;0;0;32.7912333333333
0;0;0;1;1;1;0;1;0;1;0;1;0;0;1;1;0;0;0;0;0;1;1;0;0;0;0;0;0;1;1;0;0;1;1;0;0;0;33.4058
0;0;0;1;1;1;0;0;1;1;0;1;0;0;1;1;0;0;0;0;0;1;1;0;0;0;0;0;0;1;1;0;0;1;1;0;0;0;33.2849
0;0;0;1;1;1;1;0;0;1;0;0;1;0;1;1;0;0;0;0;0;1;1;0;0;0;0;0;0;1;1;0;0;1;1;0;0;0;34.2995
0;0;0;1;1;1;0;1;0;1;0;0;1;0;1;1;0;0;0;0;0;1;1;0;0;0;0;0;0;1;1;0;0;1;1;0;0;0;35.8312333333333
0;0;0;1;1;1;0;0;1;1;0;0;1;0;1;1;0;0;0;0;0;1;1;0;0;0;0;0;0;1;1;0;0;1;1;0;0;0;34.4028666666667
0;0;0;1;1;1;1;0;0;1;0;0;0;1;1;1;0;0;0;0;0;1;1;0;0;0;0;0;0;1;1;0;0;1;1;0;0;0;32.5335666666667
0;0;0;1;1;1;0;1;0;1;0;0;0;1;1;1;0;0;0;0;0;1;1;0;0;0;0;0;0;1;1;0;0;1;1;0;0;0;33.6262666666667
0;0;0;1;1;1;0;0;1;1;0;0;0;1;1;1;0;0;0;0;0;1;1;0;0;0;0;0;0;1;1;0;0;1;1;0;0;0;33.7624666666667
0;0;0;1;1;1;1;0;0;1;1;0;0;0;1;0;1;0;0;0;0;1;1;0;0;0;0;0;0;1;1;0;0;1;1;0;0;0;42.3367
0;0;0;1;1;1;0;1;0;1;1;0;0;0;1;0;1;0;0;0;0;1;1;0;0;0;0;0;0;1;1;0;0;1;1;0;0;0;43.10286
0;0;0;1;1;1;1;0;0;1;0;1;0;0;1;0;1;0;0;0;0;1;1;0;0;0;0;0;0;1;1;0;0;1;1;0;0;0;44.7056666666667
0;0;0;1;1;1;0;1;0;1;0;1;0;0;1;0;1;0;0;0;0;1;1;0;0;0;0;0;0;1;1;0;0;1;1;0;0;0;42.8903666666667
0;0;0;1;1;1;1;0;0;1;0;0;1;0;1;0;1;0;0;0;0;1;1;0;0;0;0;0;0;1;1;0;0;1;1;0;0;0;41.6217
0;0;0;1;1;1;0;1;0;1;0;0;1;0;1;0;1;0;0;0;0;1;1;0;0;0;0;0;0;1;1;0;0;1;1;0;0;0;41.6862
0;0;0;1;1;1;0;0;1;1;0;0;1;0;1;0;1;0;0;0;0;1;1;0;0;0;0;0;0;1;1;0;0;1;1;0;0;0;43.4478666666667
0;0;0;1;1;1;1;0;0;1;0;0;0;1;1;0;1;0;0;0;0;1;1;0;0;0;0;0;0;1;1;0;0;1;1;0;0;0;41.8674333333333
0;0;0;1;1;1;0;1;0;1;0;0;0;1;1;0;1;0;0;0;0;1;1;0;0;0;0;0;0;1;1;0;0;1;1;0;0;0;45.1134
0;0;0;1;1;1;0;0;1;1;0;0;0;1;1;0;1;0;0;0;0;1;1;0;0;0;0;0;0;1;1;0;0;1;1;0;0;0;42.3817333333333
0;0;0;1;1;1;0;1;0;1;1;0;0;0;1;0;0;1;0;0;0;1;1;0;0;0;0;0;0;1;1;0;0;1;1;0;0;0;64.72858
0;0;0;1;1;1;0;1;0;1;0;1;0;0;1;0;0;1;0;0;0;1;1;0;0;0;0;0;0;1;1;0;0;1;1;0;0;0;63.6075333333333
0;0;0;1;1;1;0;1;0;1;0;0;1;0;1;0;0;1;0;0;0;1;1;0;0;0;0;0;0;1;1;0;0;1;1;0;0;0;63.1041666666667
0;0;0;1;1;1;0;1;0;1;0;0;0;1;1;0;0;1;0;0;0;1;1;0;0;0;0;0;0;1;1;0;0;1;1;0;0;0;63.0497
0;0;0;1;1;1;0;1;0;1;1;0;0;0;1;0;0;0;1;0;0;1;1;0;0;0;0;0;0;1;1;0;0;1;1;0;0;0;95.6264666666667
0;0;0;1;1;1;0;1;0;1;0;0;0;1;1;0;0;0;1;0;0;1;1;0;0;0;0;0;0;1;1;0;0;1;1;0;0;0;94.6697333333333
0;0;0;1;1;1;0;1;0;1;0;0;0;1;1;0;0;0;0;1;0;1;1;0;0;0;0;0;0;1;1;0;0;1;1;0;0;0;272.9638
0;0;0;1;1;1;0;1;0;1;0;0;0;1;1;0;0;1;0;0;0;1;0;1;0;0;0;0;0;1;1;0;0;1;1;0;0;0;32.8233333333333
0;0;0;1;1;1;0;1;0;1;0;0;0;1;1;0;0;1;0;0;0;1;0;0;1;0;0;0;0;1;1;0;0;1;1;0;0;0;63.3961666666667
0;0;0;1;1;1;0;1;0;1;1;0;0;0;1;0;0;1;0;0;0;1;0;0;0;1;0;0;0;1;1;0;0;1;1;0;0;0;65.6094666666667
0;0;0;1;1;1;0;1;0;1;0;0;0;1;1;0;0;1;0;0;0;1;0;0;0;1;0;0;0;1;1;0;0;1;1;0;0;0;66.6213666666667
0;0;0;1;1;1;0;1;0;1;1;0;0;0;1;0;0;1;0;0;0;1;0;0;0;0;1;0;0;1;1;0;0;1;1;0;0;0;69.2773333333333
0;0;0;1;1;1;0;1;0;1;0;0;0;1;1;0;0;1;0;0;0;1;0;0;0;0;1;0;0;1;1;0;0;1;1;0;0;0;69.0392
0;0;0;1;1;1;0;1;0;1;1;0;0;0;1;0;0;1;0;0;0;1;0;0;0;0;0;1;0;1;1;0;0;1;1;0;0;0;72.3559666666667
0;0;0;1;1;1;1;0;0;1;0;0;0;1;1;0;0;1;0;0;0;1;0;0;0;0;0;1;0;1;1;0;0;1;1;0;0;0;75.1915
0;0;0;1;1;1;0;1;0;1;0;0;0;1;1;0;0;1;0;0;0;1;0;0;0;0;0;1;0;1;1;0;0;1;1;0;0;0;74.3359666666667
0;0;0;1;1;1;0;0;1;1;0;0;0;1;1;0;0;1;0;0;0;1;0;0;0;0;0;1;0;1;1;0;0;1;1;0;0;0;68.4130666666667
0;0;0;1;1;1;1;0;0;1;0;0;0;1;1;0;1;0;0;0;0;1;0;0;0;0;0;0;1;1;1;0;0;1;1;0;0;0;44.6472
0;0;0;1;1;1;0;1;0;1;0;0;0;1;1;0;1;0;0;0;0;1;0;0;0;0;0;0;1;1;1;0;0;1;1;0;0;0;43.8719666666667
0;0;0;1;1;1;0;1;0;1;0;0;0;1;1;0;0;1;0;0;0;1;0;0;0;0;0;0;1;1;1;0;0;1;1;0;0;0;70.491
0;0;0;1;1;1;1;0;0;1;1;0;0;0;1;0;1;0;0;0;0;1;1;0;0;0;0;0;0;1;0;1;0;1;1;0;0;0;41.4427333333333
0;0;0;1;1;1;0;1;0;1;1;0;0;0;1;0;1;0;0;0;0;1;1;0;0;0;0;0;0;1;0;1;0;1;1;0;0;0;45.3785
0;0;0;1;1;1;1;0;0;1;0;0;0;1;1;0;1;0;0;0;0;1;1;0;0;0;0;0;0;1;0;1;0;1;1;0;0;0;41.8406666666667
0;0;0;1;1;1;0;1;0;1;0;0;0;1;1;0;1;0;0;0;0;1;1;0;0;0;0;0;0;1;0;1;0;1;1;0;0;0;41.7266333333333
0;0;0;1;1;1;0;1;0;1;0;0;0;1;1;0;0;1;0;0;0;1;1;0;0;0;0;0;0;1;0;1;0;1;1;0;0;0;63.8762333333333
0;0;0;1;1;1;0;1;0;1;0;0;0;1;1;0;0;1;0;0;0;1;0;1;0;0;0;0;0;1;0;1;0;1;1;0;0;0;38.03794
0;0;0;1;1;1;0;1;0;1;0;0;0;1;1;0;0;1;0;0;0;1;0;0;1;0;0;0;0;1;0;1;0;1;1;0;0;0;67.8739
0;0;0;1;1;1;0;1;0;1;0;0;0;1;1;0;0;1;0;0;0;1;0;0;0;1;0;0;0;1;0;1;0;1;1;0;0;0;70.5611
0;0;0;1;1;1;0;1;0;1;0;0;0;1;1;0;0;1;0;0;0;1;0;0;0;0;1;0;0;1;0;1;0;1;1;0;0;0;69.7856
0;0;0;1;1;1;0;1;0;1;1;0;0;0;1;0;0;1;0;0;0;1;0;0;0;0;0;1;0;1;0;1;0;1;1;0;0;0;70.5987333333333
0;0;0;1;1;1;0;1;0;1;0;0;1;0;1;0;0;1;0;0;0;1;0;0;0;0;0;1;0;1;0;1;0;1;1;0;0;0;68.6325666666667
0;0;0;1;1;1;1;0;0;1;0;0;0;1;1;0;0;1;0;0;0;1;0;0;0;0;0;1;0;1;0;1;0;1;1;0;0;0;74.6045666666667
0;0;0;1;1;1;0;1;0;1;0;0;0;1;1;0;0;1;0;0;0;1;0;0;0;0;0;1;0;1;0;1;0;1;1;0;0;0;70.1376
0;0;0;1;1;1;0;0;1;1;0;0;0;1;1;0;0;1;0;0;0;1;0;0;0;0;0;1;0;1;0;1;0;1;1;0;0;0;65.4044333333333
0;0;0;1;1;1;0;1;0;1;0;0;0;1;1;0;0;1;0;0;0;1;0;0;0;0;0;0;1;1;0;1;0;1;1;0;0;0;70.4218666666667
0;0;0;1;1;1;0;1;0;1;1;0;0;0;1;0;0;1;0;0;0;1;1;0;0;0;0;0;0;1;0;0;1;1;1;0;0;0;64.5767333333333
0;0;0;1;1;1;0;1;0;1;0;0;0;1;1;0;0;1;0;0;0;1;1;0;0;0;0;0;0;1;0;0;1;1;1;0;0;0;64.8629666666667
0;0;0;1;1;1;0;1;0;1;0;0;0;1;1;0;0;1;0;0;0;1;0;1;0;0;0;0;0;1;0;0;1;1;1;0;0;0;33.0844666666667
0;0;0;1;1;1;0;1;0;1;0;0;0;1;1;0;0;1;0;0;0;1;0;0;1;0;0;0;0;1;0;0;1;1;1;0;0;0;65.4083666666667
0;0;0;1;1;1;0;1;0;1;0;0;0;1;1;0;0;1;0;0;0;1;0;0;0;1;0;0;0;1;0;0;1;1;1;0;0;0;68.9976
0;0;0;1;1;1;0;1;0;1;0;0;0;1;1;0;0;1;0;0;0;1;0;0;0;0;1;0;0;1;0;0;1;1;1;0;0;0;69.9967333333333
0;0;0;1;1;1;0;1;0;1;1;0;0;0;1;0;0;1;0;0;0;1;0;0;0;0;0;1;0;1;0;0;1;1;1;0;0;0;70.8307666666667
0;0;0;1;1;1;1;0;0;1;0;0;0;1;1;0;0;1;0;0;0;1;0;0;0;0;0;1;0;1;0;0;1;1;1;0;0;0;75.156
0;0;0;1;1;1;0;1;0;1;0;0;0;1;1;0;0;1;0;0;0;1;0;0;0;0;0;1;0;1;0;0;1;1;1;0;0;0;70.1616333333333
0;0;0;1;1;1;0;0;1;1;0;0;0;1;1;0;0;1;0;0;0;1;0;0;0;0;0;1;0;1;0;0;1;1;1;0;0;0;66.1133
0;0;0;1;1;1;0;1;0;1;0;0;0;1;1;0;0;1;0;0;0;1;0;0;0;0;0;0;1;1;0;0;1;1;1;0;0;0;70.7463333333333
0;0;0;1;1;1;0;1;0;1;0;0;1;0;1;1;0;0;0;0;0;1;1;0;0;0;0;0;0;1;1;0;0;1;0;1;0;0;33.5554666666667
0;0;0;1;1;1;1;0;0;1;0;0;0;1;1;0;1;0;0;0;0;1;1;0;0;0;0;0;0;1;1;0;0;1;0;1;0;0;40.5248666666667
0;0;0;1;1;1;0;1;0;1;0;0;0;1;1;0;1;0;0;0;0;1;1;0;0;0;0;0;0;1;1;0;0;1;0;1;0;0;42.3255333333333
0;0;0;1;1;1;0;1;0;1;0;0;1;0;1;0;0;0;0;0;1;1;1;0;0;0;0;0;0;1;1;0;0;1;0;1;0;0;488.742666666667
0;0;0;1;1;1;1;0;0;1;0;0;0;1;1;0;1;0;0;0;0;1;0;0;0;0;0;0;1;1;1;0;0;1;0;1;0;0;44.5847666666667
0;0;0;1;1;1;0;1;0;1;0;0;0;1;1;0;1;0;0;0;0;1;0;0;0;0;0;0;1;1;1;0;0;1;0;1;0;0;41.9427
0;0;0;1;1;1;1;0;0;1;0;0;1;0;1;1;0;0;0;0;0;1;1;0;0;0;0;0;0;1;0;1;0;1;0;1;0;0;31.6024
0;0;0;1;1;1;0;1;0;1;0;0;1;0;1;1;0;0;0;0;0;1;1;0;0;0;0;0;0;1;0;1;0;1;0;1;0;0;32.8097
0;0;0;1;1;1;0;0;1;1;0;0;1;0;1;1;0;0;0;0;0;1;1;0;0;0;0;0;0;1;0;1;0;1;0;1;0;0;37.7843666666667
0;0;0;1;1;1;1;0;0;1;0;0;0;1;1;0;1;0;0;0;0;1;1;0;0;0;0;0;0;1;0;1;0;1;0;1;0;0;41.6547333333333
0;0;0;1;1;1;0;1;0;1;0;0;0;1;1;0;1;0;0;0;0;1;1;0;0;0;0;0;0;1;0;1;0;1;0;1;0;0;43.4615666666667
0;0;0;1;1;1;1;0;0;1;0;0;1;0;1;0;0;0;0;0;1;1;1;0;0;0;0;0;0;1;0;1;0;1;0;1;0;0;483.8382
0;0;0;1;1;1;0;1;0;1;0;0;1;0;1;0;0;0;0;0;1;1;1;0;0;0;0;0;0;1;0;1;0;1;0;1;0;0;491.705933333333
0;0;0;1;1;1;0;0;1;1;0;0;1;0;1;0;0;0;0;0;1;1;1;0;0;0;0;0;0;1;0;1;0;1;0;1;0;0;493.531966666667
0;0;0;1;1;1;0;1;0;1;0;0;1;0;1;1;0;0;0;0;0;1;1;0;0;0;0;0;0;1;0;0;1;1;0;1;0;0;32.96934
0;0;0;1;1;1;0;1;0;1;0;0;1;0;1;0;0;0;0;0;1;1;1;0;0;0;0;0;0;1;0;0;1;1;0;1;0;0;486.358533333333
0;0;0;1;1;1;0;1;0;1;0;1;0;0;1;1;0;0;0;0;0;1;1;0;0;0;0;0;0;1;1;0;0;1;0;0;1;0;32.6322333333333
0;0;0;1;1;1;1;0;0;1;0;0;1;0;1;1;0;0;0;0;0;1;1;0;0;0;0;0;0;1;1;0;0;1;0;0;1;0;32.2896333333333
0;0;0;1;1;1;0;1;0;1;0;0;1;0;1;1;0;0;0;0;0;1;1;0;0;0;0;0;0;1;1;0;0;1;0;0;1;0;33.4176666666667
0;0;0;1;1;1;0;1;0;1;0;1;0;0;1;0;0;0;0;0;1;1;1;0;0;0;0;0;0;1;1;0;0;1;0;0;1;0;489.9445
0;0;0;1;1;1;0;1;0;1;0;0;1;0;1;0;0;0;0;0;1;1;1;0;0;0;0;0;0;1;1;0;0;1;0;0;1;0;487.6993
0;0;0;1;1;1;1;0;0;1;0;0;1;0;1;1;0;0;0;0;0;1;1;0;0;0;0;0;0;1;0;1;0;1;0;0;1;0;33.67666
0;0;0;1;1;1;0;1;0;1;0;0;1;0;1;1;0;0;0;0;0;1;1;0;0;0;0;0;0;1;0;1;0;1;0;0;1;0;33.3947
0;0;0;1;1;1;0;0;1;1;0;0;1;0;1;1;0;0;0;0;0;1;1;0;0;0;0;0;0;1;0;1;0;1;0;0;1;0;33.3307666666667
0;0;0;1;1;1;1;0;0;1;0;0;1;0;1;0;0;0;0;0;1;1;1;0;0;0;0;0;0;1;0;1;0;1;0;0;1;0;475.383066666667
0;0;0;1;1;1;0;1;0;1;0;0;1;0;1;0;0;0;0;0;1;1;1;0;0;0;0;0;0;1;0;1;0;1;0;0;1;0;487.9117
0;0;0;1;1;1;0;0;1;1;0;0;1;0;1;0;0;0;0;0;1;1;1;0;0;0;0;0;0;1;0;1;0;1;0;0;1;0;500.485366666667
0;0;0;1;1;1;0;1;0;1;0;0;1;0;1;1;0;0;0;0;0;1;1;0;0;0;0;0;0;1;0;0;1;1;0;0;1;0;31.987
0;0;0;1;1;1;0;1;0;1;0;0;1;0;1;0;0;0;0;0;1;1;1;0;0;0;0;0;0;1;0;0;1;1;0;0;1;0;488.7016
0;0;0;1;1;1;0;1;0;1;0;0;1;0;1;1;0;0;0;0;0;1;1;0;0;0;0;0;0;1;1;0;0;1;0;0;0;1;33.1211
0;0;0;1;1;1;0;1;0;1;0;0;1;0;1;0;0;0;0;0;1;1;1;0;0;0;0;0;0;1;1;0;0;1;0;0;0;1;485.551266666667
0;0;0;1;1;1;1;0;0;1;0;0;1;0;1;1;0;0;0;0;0;1;1;0;0;0;0;0;0;1;0;1;0;1;0;0;0;1;31.7883666666667
0;0;0;1;1;1;0;1;0;1;0;0;1;0;1;1;0;0;0;0;0;1;1;0;0;0;0;0;0;1;0;1;0;1;0;0;0;1;32.8979666666667
0;0;0;1;1;1;0;0;1;1;0;0;1;0;1;1;0;0;0;0;0;1;1;0;0;0;0;0;0;1;0;1;0;1;0;0;0;1;32.4285
0;0;0;1;1;1;1;0;0;1;0;0;1;0;1;0;0;0;0;0;1;1;1;0;0;0;0;0;0;1;0;1;0;1;0;0;0;1;480.7921
0;0;0;1;1;1;0;1;0;1;0;0;1;0;1;0;0;0;0;0;1;1;1;0;0;0;0;0;0;1;0;1;0;1;0;0;0;1;486.324433333333
0;0;0;1;1;1;0;0;1;1;0;0;1;0;1;0;0;0;0;0;1;1;1;0;0;0;0;0;0;1;0;1;0;1;0;0;0;1;495.453866666667
0;0;0;1;1;1;0;1;0;1;0;0;1;0;1;1;0;0;0;0;0;1;1;0;0;0;0;0;0;1;0;0;1;1;0;0;0;1;33.9520666666667
0;0;0;1;1;1;0;1;0;1;0;0;1;0;1;0;0;0;0;0;1;1;1;0;0;0;0;0;0;1;0;0;1;1;0;0;0;1;501.899966666667
0;0;1;0;1;1;1;0;0;1;1;0;0;0;1;1;0;0;0;0;0;1;1;0;0;0;0;0;0;1;1;0;0;1;1;0;0;0;31.6648333333333
0;0;1;0;1;1;0;1;0;1;1;0;0;0;1;1;0;0;0;0;0;1;1;0;0;0;0;0;0;1;1;0;0;1;1;0;0;0;31.7645333333333
0;0;1;0;1;1;0;0;1;1;1;0;0;0;1;1;0;0;0;0;0;1;1;0;0;0;0;0;0;1;1;0;0;1;1;0;0;0;31.3999333333333
0;0;1;0;1;1;1;0;0;1;0;1;0;0;1;1;0;0;0;0;0;1;1;0;0;0;0;0;0;1;1;0;0;1;1;0;0;0;31.9939666666667
0;0;1;0;1;1;0;1;0;1;0;1;0;0;1;1;0;0;0;0;0;1;1;0;0;0;0;0;0;1;1;0;0;1;1;0;0;0;31.1333
0;0;1;0;1;1;0;0;1;1;0;1;0;0;1;1;0;0;0;0;0;1;1;0;0;0;0;0;0;1;1;0;0;1;1;0;0;0;31.3452
0;0;1;0;1;1;1;0;0;1;0;0;1;0;1;1;0;0;0;0;0;1;1;0;0;0;0;0;0;1;1;0;0;1;1;0;0;0;29.6156
0;0;1;0;1;1;0;1;0;1;0;0;1;0;1;1;0;0;0;0;0;1;1;0;0;0;0;0;0;1;1;0;0;1;1;0;0;0;33.0296666666667
0;0;1;0;1;1;0;0;1;1;0;0;1;0;1;1;0;0;0;0;0;1;1;0;0;0;0;0;0;1;1;0;0;1;1;0;0;0;33.5353333333333
0;0;1;0;1;1;1;0;0;1;0;0;0;1;1;1;0;0;0;0;0;1;1;0;0;0;0;0;0;1;1;0;0;1;1;0;0;0;29.273
0;0;1;0;1;1;0;1;0;1;0;0;0;1;1;1;0;0;0;0;0;1;1;0;0;0;0;0;0;1;1;0;0;1;1;0;0;0;32.2237666666667
0;0;1;0;1;1;0;0;1;1;0;0;0;1;1;1;0;0;0;0;0;1;1;0;0;0;0;0;0;1;1;0;0;1;1;0;0;0;33.2633666666667
0;0;1;0;1;1;1;0;0;1;1;0;0;0;1;0;1;0;0;0;0;1;1;0;0;0;0;0;0;1;1;0;0;1;1;0;0;0;35.1992333333333
0;0;1;0;1;1;0;1;0;1;1;0;0;0;1;0;1;0;0;0;0;1;1;0;0;0;0;0;0;1;1;0;0;1;1;0;0;0;31.9298
0;0;1;0;1;1;1;0;0;1;0;1;0;0;1;0;1;0;0;0;0;1;1;0;0;0;0;0;0;1;1;0;0;1;1;0;0;0;32.1572333333333
0;0;1;0;1;1;0;1;0;1;0;1;0;0;1;0;1;0;0;0;0;1;1;0;0;0;0;0;0;1;1;0;0;1;1;0;0;0;31.4897333333333
0;0;1;0;1;1;1;0;0;1;0;0;1;0;1;0;1;0;0;0;0;1;1;0;0;0;0;0;0;1;1;0;0;1;1;0;0;0;31.1951666666667
0;0;1;0;1;1;0;1;0;1;0;0;1;0;1;0;1;0;0;0;0;1;1;0;0;0;0;0;0;1;1;0;0;1;1;0;0;0;31.2314666666667
0;0;1;0;1;1;0;0;1;1;0;0;1;0;1;0;1;0;0;0;0;1;1;0;0;0;0;0;0;1;1;0;0;1;1;0;0;0;32.9692666666667
0;0;1;0;1;1;1;0;0;1;0;0;0;1;1;0;1;0;0;0;0;1;1;0;0;0;0;0;0;1;1;0;0;1;1;0;0;0;31.9630333333333
0;0;1;0;1;1;0;1;0;1;0;0;0;1;1;0;1;0;0;0;0;1;1;0;0;0;0;0;0;1;1;0;0;1;1;0;0;0;32.4986666666667
0;0;1;0;1;1;0;1;0;1;1;0;0;0;1;0;0;1;0;0;0;1;1;0;0;0;0;0;0;1;1;0;0;1;1;0;0;0;37.0693333333333
0;0;1;0;1;1;0;1;0;1;0;1;0;0;1;0;0;1;0;0;0;1;1;0;0;0;0;0;0;1;1;0;0;1;1;0;0;0;38.8680666666667
0;0;1;0;1;1;0;1;0;1;0;0;1;0;1;0;0;1;0;0;0;1;1;0;0;0;0;0;0;1;1;0;0;1;1;0;0;0;41.0009666666667
0;0;1;0;1;1;0;1;0;1;0;0;0;1;1;0;0;1;0;0;0;1;1;0;0;0;0;0;0;1;1;0;0;1;1;0;0;0;38.9802
0;0;1;0;1;1;0;1;0;1;1;0;0;0;1;0;0;0;1;0;0;1;1;0;0;0;0;0;0;1;1;0;0;1;1;0;0;0;46.1730666666667
0;0;1;0;1;1;0;1;0;1;0;0;1;0;1;0;0;0;1;0;0;1;1;0;0;0;0;0;0;1;1;0;0;1;1;0;0;0;48.9716666666667
0;0;1;0;1;1;0;1;0;1;0;0;0;1;1;0;0;0;1;0;0;1;1;0;0;0;0;0;0;1;1;0;0;1;1;0;0;0;43.9039
0;0;1;0;1;1;0;1;0;1;0;0;0;1;1;0;0;0;0;1;0;1;1;0;0;0;0;0;0;1;1;0;0;1;1;0;0;0;47.5147666666667
0;0;1;0;1;1;0;1;0;1;0;0;0;1;1;0;0;1;0;0;0;1;0;1;0;0;0;0;0;1;1;0;0;1;1;0;0;0;26.942
0;0;1;0;1;1;0;1;0;1;0;0;0;1;1;0;0;1;0;0;0;1;0;0;1;0;0;0;0;1;1;0;0;1;1;0;0;0;36.2751
0;0;1;0;1;1;0;1;0;1;1;0;0;0;1;0;0;1;0;0;0;1;0;0;0;1;0;0;0;1;1;0;0;1;1;0;0;0;35.6212333333333
0;0;1;0;1;1;0;1;0;1;0;0;0;1;1;0;0;1;0;0;0;1;0;0;0;1;0;0;0;1;1;0;0;1;1;0;0;0;33.2921333333333
0;0;1;0;1;1;0;1;0;1;0;0;0;1;1;0;0;1;0;0;0;1;0;0;0;0;1;0;0;1;1;0;0;1;1;0;0;0;34.4902
0;0;1;0;1;1;0;1;0;1;1;0;0;0;1;0;0;1;0;0;0;1;0;0;0;0;0;1;0;1;1;0;0;1;1;0;0;0;34.2592
0;0;1;0;1;1;1;0;0;1;0;0;0;1;1;0;0;1;0;0;0;1;0;0;0;0;0;1;0;1;1;0;0;1;1;0;0;0;31.6634333333333
0;0;1;0;1;1;0;1;0;1;0;0;0;1;1;0;0;1;0;0;0;1;0;0;0;0;0;1;0;1;1;0;0;1;1;0;0;0;31.7343666666667
0;0;1;0;1;1;0;0;1;1;0;0;0;1;1;0;0;1;0;0;0;1;0;0;0;0;0;1;0;1;1;0;0;1;1;0;0;0;30.2314333333333
0;0;1;0;1;1;1;0;0;1;0;0;0;1;1;0;1;0;0;0;0;1;0;0;0;0;0;0;1;1;1;0;0;1;1;0;0;0;31.0288
0;0;1;0;1;1;0;1;0;1;0;0;0;1;1;0;1;0;0;0;0;1;0;0;0;0;0;0;1;1;1;0;0;1;1;0;0;0;29.5048333333333
0;0;1;0;1;1;0;1;0;1;0;0;0;1;1;0;0;1;0;0;0;1;0;0;0;0;0;0;1;1;1;0;0;1;1;0;0;0;32.17824
0;0;1;0;1;1;1;0;0;1;0;0;0;1;1;0;1;0;0;0;0;1;1;0;0;0;0;0;0;1;0;1;0;1;1;0;0;0;34.1026
0;0;1;0;1;1;0;1;0;1;0;0;0;1;1;0;1;0;0;0;0;1;1;0;0;0;0;0;0;1;0;1;0;1;1;0;0;0;32.7443666666667
0;0;1;0;1;1;0;1;0;1;0;0;0;1;1;0;0;1;0;0;0;1;1;0;0;0;0;0;0;1;0;1;0;1;1;0;0;0;39.0941666666667
0;0;1;0;1;1;0;1;0;1;0;0;0;1;1;0;0;1;0;0;0;1;0;1;0;0;0;0;0;1;0;1;0;1;1;0;0;0;29.9361333333333
0;0;1;0;1;1;0;1;0;1;0;0;0;1;1;0;0;1;0;0;0;1;0;0;1;0;0;0;0;1;0;1;0;1;1;0;0;0;33.4927333333333
0;0;1;0;1;1;0;1;0;1;0;0;0;1;1;0;0;1;0;0;0;1;0;0;0;1;0;0;0;1;0;1;0;1;1;0;0;0;34.1496
0;0;1;0;1;1;0;1;0;1;0;0;0;1;1;0;0;1;0;0;0;1;0;0;0;0;1;0;0;1;0;1;0;1;1;0;0;0;38.1704333333333
0;0;1;0;1;1;0;1;0;1;1;0;0;0;1;0;0;1;0;0;0;1;0;0;0;0;0;1;0;1;0;1;0;1;1;0;0;0;32.7668333333333
0;0;1;0;1;1;0;1;0;1;0;0;1;0;1;0;0;1;0;0;0;1;0;0;0;0;0;1;0;1;0;1;0;1;1;0;0;0;33.4220666666667
0;0;1;0;1;1;1;0;0;1;0;0;0;1;1;0;0;1;0;0;0;1;0;0;0;0;0;1;0;1;0;1;0;1;1;0;0;0;34.8045666666667
0;0;1;0;1;1;0;1;0;1;0;0;0;1;1;0;0;1;0;0;0;1;0;0;0;0;0;1;0;1;0;1;0;1;1;0;0;0;30.4338666666667
0;0;1;0;1;1;0;0;1;1;0;0;0;1;1;0;0;1;0;0;0;1;0;0;0;0;0;1;0;1;0;1;0;1;1;0;0;0;37.4056
0;0;1;0;1;1;0;1;0;1;0;0;0;1;1;0;0;1;0;0;0;1;0;0;0;0;0;0;1;1;0;1;0;1;1;0;0;0;34.1271333333333
0;0;1;0;1;1;0;1;0;1;1;0;0;0;1;0;0;1;0;0;0;1;1;0;0;0;0;0;0;1;0;0;1;1;1;0;0;0;38.4272666666667
0;0;1;0;1;1;0;1;0;1;0;0;0;1;1;0;0;1;0;0;0;1;1;0;0;0;0;0;0;1;0;0;1;1;1;0;0;0;40.7133
0;0;1;0;1;1;0;1;0;1;0;0;0;1;1;0;0;1;0;0;0;1;0;1;0;0;0;0;0;1;0;0;1;1;1;0;0;0;29.613
0;0;1;0;1;1;0;1;0;1;0;0;0;1;1;0;0;1;0;0;0;1;0;0;1;0;0;0;0;1;0;0;1;1;1;0;0;0;36.1535666666667
0;0;1;0;1;1;0;1;0;1;0;0;0;1;1;0;0;1;0;0;0;1;0;0;0;1;0;0;0;1;0;0;1;1;1;0;0;0;33.536
0;0;1;0;1;1;0;1;0;1;0;0;0;1;1;0;0;1;0;0;0;1;0;0;0;0;1;0;0;1;0;0;1;1;1;0;0;0;34.0922666666667
0;0;1;0;1;1;0;1;0;1;1;0;0;0;1;0;0;1;0;0;0;1;0;0;0;0;0;1;0;1;0;0;1;1;1;0;0;0;32.2498333333333
0;0;1;0;1;1;1;0;0;1;0;0;0;1;1;0;0;1;0;0;0;1;0;0;0;0;0;1;0;1;0;0;1;1;1;0;0;0;36.2169666666667
0;0;1;0;1;1;0;1;0;1;0;0;0;1;1;0;0;1;0;0;0;1;0;0;0;0;0;1;0;1;0;0;1;1;1;0;0;0;31.02146
0;0;1;0;1;1;0;0;1;1;0;0;0;1;1;0;0;1;0;0;0;1;0;0;0;0;0;1;0;1;0;0;1;1;1;0;0;0;34.2283
0;0;1;0;1;1;0;1;0;1;0;0;0;1;1;0;0;1;0;0;0;1;0;0;0;0;0;0;1;1;0;0;1;1;1;0;0;0;31.945
0;0;1;0;1;1;0;1;0;1;0;0;1;0;1;1;0;0;0;0;0;1;1;0;0;0;0;0;0;1;1;0;0;1;0;1;0;0;35.7184666666667
0;0;1;0;1;1;1;0;0;1;0;0;0;1;1;0;1;0;0;0;0;1;1;0;0;0;0;0;0;1;1;0;0;1;0;1;0;0;33.5437
0;0;1;0;1;1;0;1;0;1;0;0;0;1;1;0;1;0;0;0;0;1;1;0;0;0;0;0;0;1;1;0;0;1;0;1;0;0;34.06178
0;0;1;0;1;1;0;1;0;1;0;0;1;0;1;0;0;0;0;0;1;1;1;0;0;0;0;0;0;1;1;0;0;1;0;1;0;0;52.85168
0;0;1;0;1;1;1;0;0;1;0;0;0;1;1;0;1;0;0;0;0;1;0;0;0;0;0;0;1;1;1;0;0;1;0;1;0;0;31.22322
0;0;1;0;1;1;0;1;0;1;0;0;0;1;1;0;1;0;0;0;0;1;0;0;0;0;0;0;1;1;1;0;0;1;0;1;0;0;33.7788666666667
0;0;1;0;1;1;1;0;0;1;0;0;1;0;1;1;0;0;0;0;0;1;1;0;0;0;0;0;0;1;0;1;0;1;0;1;0;0;31.05206
0;0;1;0;1;1;0;1;0;1;0;0;1;0;1;1;0;0;0;0;0;1;1;0;0;0;0;0;0;1;0;1;0;1;0;1;0;0;31.8283333333333
0;0;1;0;1;1;0;0;1;1;0;0;1;0;1;1;0;0;0;0;0;1;1;0;0;0;0;0;0;1;0;1;0;1;0;1;0;0;32.2124
0;0;1;0;1;1;1;0;0;1;0;0;0;1;1;0;1;0;0;0;0;1;1;0;0;0;0;0;0;1;0;1;0;1;0;1;0;0;32.6432666666667
0;0;1;0;1;1;0;1;0;1;0;0;0;1;1;0;1;0;0;0;0;1;1;0;0;0;0;0;0;1;0;1;0;1;0;1;0;0;33.9486333333333
0;0;1;0;1;1;1;0;0;1;0;0;1;0;1;0;0;0;0;0;1;1;1;0;0;0;0;0;0;1;0;1;0;1;0;1;0;0;52.6370666666667
0;0;1;0;1;1;0;1;0;1;0;0;1;0;1;0;0;0;0;0;1;1;1;0;0;0;0;0;0;1;0;1;0;1;0;1;0;0;57.2130666666667
0;0;1;0;1;1;0;0;1;1;0;0;1;0;1;0;0;0;0;0;1;1;1;0;0;0;0;0;0;1;0;1;0;1;0;1;0;0;53.9577333333333
0;0;1;0;1;1;0;1;0;1;0;0;1;0;1;1;0;0;0;0;0;1;1;0;0;0;0;0;0;1;0;0;1;1;0;1;0;0;33.3041
0;0;1;0;1;1;0;1;0;1;0;0;1;0;1;0;0;0;0;0;1;1;1;0;0;0;0;0;0;1;0;0;1;1;0;1;0;0;52.7576666666667
0;0;1;0;1;1;0;1;0;1;0;1;0;0;1;1;0;0;0;0;0;1;1;0;0;0;0;0;0;1;1;0;0;1;0;0;1;0;30.7789
0;0;1;0;1;1;1;0;0;1;0;0;1;0;1;1;0;0;0;0;0;1;1;0;0;0;0;0;0;1;1;0;0;1;0;0;1;0;30.9042666666667
0;0;1;0;1;1;0;1;0;1;0;0;1;0;1;1;0;0;0;0;0;1;1;0;0;0;0;0;0;1;1;0;0;1;0;0;1;0;33.0143666666667
0;0;1;0;1;1;0;1;0;1;0;1;0;0;1;0;0;0;0;0;1;1;1;0;0;0;0;0;0;1;1;0;0;1;0;0;1;0;51.9006333333333
0;0;1;0;1;1;0;1;0;1;0;0;1;0;1;0;0;0;0;0;1;1;1;0;0;0;0;0;0;1;1;0;0;1;0;0;1;0;55.0041
0;0;1;0;1;1;1;0;0;1;0;0;1;0;1;1;0;0;0;0;0;1;1;0;0;0;0;0;0;1;0;1;0;1;0;0;1;0;32.6617333333333
0;0;1;0;1;1;0;1;0;1;0;0;1;0;1;1;0;0;0;0;0;1;1;0;0;0;0;0;0;1;0;1;0;1;0;0;1;0;35.90394
0;0;1;0;1;1;0;0;1;1;0;0;1;0;1;1;0;0;0;0;0;1;1;0;0;0;0;0;0;1;0;1;0;1;0;0;1;0;31.7714
0;0;1;0;1;1;1;0;0;1;0;0;1;0;1;0;0;0;0;0;1;1;1;0;0;0;0;0;0;1;0;1;0;1;0;0;1;0;55.0300333333333
0;0;1;0;1;1;0;1;0;1;0;0;1;0;1;0;0;0;0;0;1;1;1;0;0;0;0;0;0;1;0;1;0;1;0;0;1;0;53.6214666666667
0;0;1;0;1;1;0;0;1;1;0;0;1;0;1;0;0;0;0;0;1;1;1;0;0;0;0;0;0;1;0;1;0;1;0;0;1;0;54.3738333333333
0;0;1;0;1;1;0;1;0;1;0;0;1;0;1;1;0;0;0;0;0;1;1;0;0;0;0;0;0;1;0;0;1;1;0;0;1;0;31.0471333333333
0;0;1;0;1;1;0;1;0;1;0;0;1;0;1;0;0;0;0;0;1;1;1;0;0;0;0;0;0;1;0;0;1;1;0;0;1;0;52.1718
0;0;1;0;1;1;0;1;0;1;0;0;1;0;1;1;0;0;0;0;0;1;1;0;0;0;0;0;0;1;1;0;0;1;0;0;0;1;33.019
0;0;1;0;1;1;0;1;0;1;0;0;1;0;1;0;0;0;0;0;1;1;1;0;0;0;0;0;0;1;1;0;0;1;0;0;0;1;50.7402666666667
0;0;1;0;1;1;1;0;0;1;0;0;1;0;1;1;0;0;0;0;0;1;1;0;0;0;0;0;0;1;0;1;0;1;0;0;0;1;31.2940666666667
0;0;1;0;1;1;0;1;0;1;0;0;1;0;1;1;0;0;0;0;0;1;1;0;0;0;0;0;0;1;0;1;0;1;0;0;0;1;30.7839
0;0;1;0;1;1;0;0;1;1;0;0;1;0;1;1;0;0;0;0;0;1;1;0;0;0;0;0;0;1;0;1;0;1;0;0;0;1;31.5818
0;0;1;0;1;1;1;0;0;1;0;0;1;0;1;0;0;0;0;0;1;1;1;0;0;0;0;0;0;1;0;1;0;1;0;0;0;1;52.6811666666667
0;0;1;0;1;1;0;1;0;1;0;0;1;0;1;0;0;0;0;0;1;1;1;0;0;0;0;0;0;1;0;1;0;1;0;0;0;1;52.9328
0;0;1;0;1;1;0;0;1;1;0;0;1;0;1;0;0;0;0;0;1;1;1;0;0;0;0;0;0;1;0;1;0;1;0;0;0;1;50.0391
0;0;1;0;1;1;0;1;0;1;0;0;1;0;1;1;0;0;0;0;0;1;1;0;0;0;0;0;0;1;0;0;1;1;0;0;0;1;31.5753
0;0;1;0;1;1;0;1;0;1;0;0;1;0;1;0;0;0;0;0;1;1;1;0;0;0;0;0;0;1;0;0;1;1;0;0;0;1;51.2776666666667
0;0;1;1;1;1;1;0;0;1;1;0;0;0;1;1;0;0;0;0;0;1;1;0;0;0;0;0;0;1;1;0;0;1;1;0;0;0;32.5293
0;0;1;1;1;1;0;1;0;1;1;0;0;0;1;1;0;0;0;0;0;1;1;0;0;0;0;0;0;1;1;0;0;1;1;0;0;0;36.2973
0;0;1;1;1;1;0;0;1;1;1;0;0;0;1;1;0;0;0;0;0;1;1;0;0;0;0;0;0;1;1;0;0;1;1;0;0;0;33.1064333333333
0;0;1;1;1;1;1;0;0;1;0;1;0;0;1;1;0;0;0;0;0;1;1;0;0;0;0;0;0;1;1;0;0;1;1;0;0;0;33.0769
0;0;1;1;1;1;0;1;0;1;0;1;0;0;1;1;0;0;0;0;0;1;1;0;0;0;0;0;0;1;1;0;0;1;1;0;0;0;33.8805666666667
0;0;1;1;1;1;0;0;1;1;0;1;0;0;1;1;0;0;0;0;0;1;1;0;0;0;0;0;0;1;1;0;0;1;1;0;0;0;34.59374
0;0;1;1;1;1;1;0;0;1;0;0;1;0;1;1;0;0;0;0;0;1;1;0;0;0;0;0;0;1;1;0;0;1;1;0;0;0;34.20322
0;0;1;1;1;1;0;1;0;1;0;0;1;0;1;1;0;0;0;0;0;1;1;0;0;0;0;0;0;1;1;0;0;1;1;0;0;0;33.3795
0;0;1;1;1;1;0;0;1;1;0;0;1;0;1;1;0;0;0;0;0;1;1;0;0;0;0;0;0;1;1;0;0;1;1;0;0;0;32.7237333333333
0;0;1;1;1;1;1;0;0;1;0;0;0;1;1;1;0;0;0;0;0;1;1;0;0;0;0;0;0;1;1;0;0;1;1;0;0;0;32.6678333333333
0;0;1;1;1;1;0;1;0;1;0;0;0;1;1;1;0;0;0;0;0;1;1;0;0;0;0;0;0;1;1;0;0;1;1;0;0;0;35.51932
0;0;1;1;1;1;0;0;1;1;0;0;0;1;1;1;0;0;0;0;0;1;1;0;0;0;0;0;0;1;1;0;0;1;1;0;0;0;33.4185666666667
0;0;1;1;1;1;1;0;0;1;1;0;0;0;1;0;1;0;0;0;0;1;1;0;0;0;0;0;0;1;1;0;0;1;1;0;0;0;41.4099666666667
0;0;1;1;1;1;0;1;0;1;1;0;0;0;1;0;1;0;0;0;0;1;1;0;0;0;0;0;0;1;1;0;0;1;1;0;0;0;41.9415666666667
0;0;1;1;1;1;1;0;0;1;0;1;0;0;1;0;1;0;0;0;0;1;1;0;0;0;0;0;0;1;1;0;0;1;1;0;0;0;41.6751
0;0;1;1;1;1;0;1;0;1;0;1;0;0;1;0;1;0;0;0;0;1;1;0;0;0;0;0;0;1;1;0;0;1;1;0;0;0;43.97298
0;0;1;1;1;1;1;0;0;1;0;0;1;0;1;0;1;0;0;0;0;1;1;0;0;0;0;0;0;1;1;0;0;1;1;0;0;0;42.3067
0;0;1;1;1;1;0;1;0;1;0;0;1;0;1;0;1;0;0;0;0;1;1;0;0;0;0;0;0;1;1;0;0;1;1;0;0;0;42.3437666666667
0;0;1;1;1;1;1;0;0;1;0;0;0;1;1;0;1;0;0;0;0;1;1;0;0;0;0;0;0;1;1;0;0;1;1;0;0;0;40.9445333333333
0;0;1;1;1;1;0;1;0;1;0;0;0;1;1;0;1;0;0;0;0;1;1;0;0;0;0;0;0;1;1;0;0;1;1;0;0;0;41.6705666666667
0;0;1;1;1;1;0;1;0;1;1;0;0;0;1;0;0;1;0;0;0;1;1;0;0;0;0;0;0;1;1;0;0;1;1;0;0;0;64.8271333333334
0;0;1;1;1;1;0;1;0;1;0;1;0;0;1;0;0;1;0;0;0;1;1;0;0;0;0;0;0;1;1;0;0;1;1;0;0;0;66.3798333333333
0;0;1;1;1;1;0;1;0;1;0;0;1;0;1;0;0;1;0;0;0;1;1;0;0;0;0;0;0;1;1;0;0;1;1;0;0;0;65.4792333333333
0;0;1;1;1;1;0;1;0;1;0;0;0;1;1;0;0;1;0;0;0;1;1;0;0;0;0;0;0;1;1;0;0;1;1;0;0;0;64.5189666666667
0;0;1;1;1;1;0;1;0;1;1;0;0;0;1;0;0;0;1;0;0;1;1;0;0;0;0;0;0;1;1;0;0;1;1;0;0;0;93.0533
0;0;1;1;1;1;0;1;0;1;0;0;0;1;1;0;0;0;1;0;0;1;1;0;0;0;0;0;0;1;1;0;0;1;1;0;0;0;93.1211
0;0;1;1;1;1;0;1;0;1;0;0;0;1;1;0;0;1;0;0;0;1;0;1;0;0;0;0;0;1;1;0;0;1;1;0;0;0;40.38572
0;0;1;1;1;1;0;1;0;1;0;0;0;1;1;0;0;1;0;0;0;1;0;0;1;0;0;0;0;1;1;0;0;1;1;0;0;0;61.8179
0;0;1;1;1;1;0;1;0;1;0;0;0;1;1;0;0;1;0;0;0;1;0;0;0;1;0;0;0;1;1;0;0;1;1;0;0;0;67.1405333333333
0;0;1;1;1;1;0;1;0;1;0;0;0;1;1;0;0;1;0;0;0;1;0;0;0;0;1;0;0;1;1;0;0;1;1;0;0;0;71.3259333333333
0;0;1;1;1;1;0;1;0;1;1;0;0;0;1;0;0;1;0;0;0;1;0;0;0;0;0;1;0;1;1;0;0;1;1;0;0;0;70.2470666666667
0;0;1;1;1;1;1;0;0;1;0;0;0;1;1;0;0;1;0;0;0;1;0;0;0;0;0;1;0;1;1;0;0;1;1;0;0;0;74.4216
0;0;1;1;1;1;0;1;0;1;0;0;0;1;1;0;0;1;0;0;0;1;0;0;0;0;0;1;0;1;1;0;0;1;1;0;0;0;73.3625666666667
0;0;1;1;1;1;0;0;1;1;0;0;0;1;1;0;0;1;0;0;0;1;0;0;0;0;0;1;0;1;1;0;0;1;1;0;0;0;67.1950666666667
0;0;1;1;1;1;1;0;0;1;0;0;0;1;1;0;1;0;0;0;0;1;0;0;0;0;0;0;1;1;1;0;0;1;1;0;0;0;45.1066
0;0;1;1;1;1;0;1;0;1;0;0;0;1;1;0;1;0;0;0;0;1;0;0;0;0;0;0;1;1;1;0;0;1;1;0;0;0;43.5297333333333
0;0;1;1;1;1;0;1;0;1;0;0;0;1;1;0;0;1;0;0;0;1;0;0;0;0;0;0;1;1;1;0;0;1;1;0;0;0;72.9589333333333
0;0;1;1;1;1;1;0;0;1;0;0;0;1;1;0;1;0;0;0;0;1;1;0;0;0;0;0;0;1;0;1;0;1;1;0;0;0;43.5541
0;0;1;1;1;1;0;1;0;1;0;0;0;1;1;0;1;0;0;0;0;1;1;0;0;0;0;0;0;1;0;1;0;1;1;0;0;0;41.2674666666667
0;0;1;1;1;1;0;1;0;1;0;0;0;1;1;0;0;1;0;0;0;1;1;0;0;0;0;0;0;1;0;1;0;1;1;0;0;0;63.9226
0;0;1;1;1;1;0;1;0;1;0;0;0;1;1;0;0;1;0;0;0;1;0;1;0;0;0;0;0;1;0;1;0;1;1;0;0;0;46.0416333333333
0;0;1;1;1;1;0;1;0;1;0;0;0;1;1;0;0;1;0;0;0;1;0;0;1;0;0;0;0;1;0;1;0;1;1;0;0;0;65.7731666666667
0;0;1;1;1;1;0;1;0;1;0;0;0;1;1;0;0;1;0;0;0;1;0;0;0;1;0;0;0;1;0;1;0;1;1;0;0;0;67.4862666666667
0;0;1;1;1;1;0;1;0;1;0;0;0;1;1;0;0;1;0;0;0;1;0;0;0;0;1;0;0;1;0;1;0;1;1;0;0;0;70.7107333333333
0;0;1;1;1;1;0;1;0;1;1;0;0;0;1;0;0;1;0;0;0;1;0;0;0;0;0;1;0;1;0;1;0;1;1;0;0;0;71.8205333333333
0;0;1;1;1;1;1;0;0;1;0;0;0;1;1;0;0;1;0;0;0;1;0;0;0;0;0;1;0;1;0;1;0;1;1;0;0;0;74.3609
0;0;1;1;1;1;0;1;0;1;0;0;0;1;1;0;0;1;0;0;0;1;0;0;0;0;0;1;0;1;0;1;0;1;1;0;0;0;72.2468333333333
0;0;1;1;1;1;0;0;1;1;0;0;0;1;1;0;0;1;0;0;0;1;0;0;0;0;0;1;0;1;0;1;0;1;1;0;0;0;68.2400666666667
0;0;1;1;1;1;0;1;0;1;0;0;0;1;1;0;0;1;0;0;0;1;0;0;0;0;0;0;1;1;0;1;0;1;1;0;0;0;70.8109333333333
0;0;1;1;1;1;0;1;0;1;0;0;0;1;1;0;0;1;0;0;0;1;1;0;0;0;0;0;0;1;0;0;1;1;1;0;0;0;65.2227
0;0;1;1;1;1;0;1;0;1;0;0;0;1;1;0;0;1;0;0;0;1;0;1;0;0;0;0;0;1;0;0;1;1;1;0;0;0;44.5146333333333
0;0;1;1;1;1;0;1;0;1;0;0;0;1;1;0;0;1;0;0;0;1;0;0;1;0;0;0;0;1;0;0;1;1;1;0;0;0;63.4263666666667
0;0;1;1;1;1;0;1;0;1;0;0;0;1;1;0;0;1;0;0;0;1;0;0;0;1;0;0;0;1;0;0;1;1;1;0;0;0;67.4454
0;0;1;1;1;1;0;1;0;1;0;0;0;1;1;0;0;1;0;0;0;1;0;0;0;0;1;0;0;1;0;0;1;1;1;0;0;0;72.2777333333333
0;0;1;1;1;1;0;1;0;1;1;0;0;0;1;0;0;1;0;0;0;1;0;0;0;0;0;1;0;1;0;0;1;1;1;0;0;0;69.0922666666666
0;0;1;1;1;1;1;0;0;1;0;0;0;1;1;0;0;1;0;0;0;1;0;0;0;0;0;1;0;1;0;0;1;1;1;0;0;0;71.5880666666667
0;0;1;1;1;1;0;1;0;1;0;0;0;1;1;0;0;1;0;0;0;1;0;0;0;0;0;1;0;1;0;0;1;1;1;0;0;0;73.8328666666667
0;0;1;1;1;1;0;0;1;1;0;0;0;1;1;0;0;1;0;0;0;1;0;0;0;0;0;1;0;1;0;0;1;1;1;0;0;0;66.8826
0;0;1;1;1;1;0;1;0;1;0;0;0;1;1;0;0;1;0;0;0;1;0;0;0;0;0;0;1;1;0;0;1;1;1;0;0;0;75.8334666666667
0;0;1;1;1;1;0;1;0;1;0;0;1;0;1;1;0;0;0;0;0;1;1;0;0;0;0;0;0;1;1;0;0;1;0;1;0;0;33.3436666666667
0;0;1;1;1;1;1;0;0;1;0;0;0;1;1;0;1;0;0;0;0;1;1;0;0;0;0;0;0;1;1;0;0;1;0;1;0;0;41.7323
0;0;1;1;1;1;0;1;0;1;0;0;0;1;1;0;1;0;0;0;0;1;1;0;0;0;0;0;0;1;1;0;0;1;0;1;0;0;42.7527333333333
0;0;1;1;1;1;0;1;0;1;0;0;1;0;1;0;0;0;0;0;1;1;1;0;0;0;0;0;0;1;1;0;0;1;0;1;0;0;485.106933333333
0;0;1;1;1;1;1;0;0;1;0;0;0;1;1;0;1;0;0;0;0;1;0;0;0;0;0;0;1;1;1;0;0;1;0;1;0;0;42.7277666666667
0;0;1;1;1;1;0;1;0;1;0;0;0;1;1;0;1;0;0;0;0;1;0;0;0;0;0;0;1;1;1;0;0;1;0;1;0;0;43.4196333333333
0;0;1;1;1;1;1;0;0;1;0;0;1;0;1;1;0;0;0;0;0;1;1;0;0;0;0;0;0;1;0;1;0;1;0;1;0;0;35.2383666666667
0;0;1;1;1;1;0;1;0;1;0;0;1;0;1;1;0;0;0;0;0;1;1;0;0;0;0;0;0;1;0;1;0;1;0;1;0;0;33.2767666666667
0;0;1;1;1;1;0;0;1;1;0;0;1;0;1;1;0;0;0;0;0;1;1;0;0;0;0;0;0;1;0;1;0;1;0;1;0;0;34.1831333333333
0;0;1;1;1;1;1;0;0;1;0;0;0;1;1;0;1;0;0;0;0;1;1;0;0;0;0;0;0;1;0;1;0;1;0;1;0;0;41.4395
0;0;1;1;1;1;0;1;0;1;0;0;0;1;1;0;1;0;0;0;0;1;1;0;0;0;0;0;0;1;0;1;0;1;0;1;0;0;41.7201666666667
0;0;1;1;1;1;1;0;0;1;0;0;1;0;1;0;0;0;0;0;1;1;1;0;0;0;0;0;0;1;0;1;0;1;0;1;0;0;484.090633333333
0;0;1;1;1;1;0;1;0;1;0;0;1;0;1;0;0;0;0;0;1;1;1;0;0;0;0;0;0;1;0;1;0;1;0;1;0;0;488.912533333333
0;0;1;1;1;1;0;0;1;1;0;0;1;0;1;0;0;0;0;0;1;1;1;0;0;0;0;0;0;1;0;1;0;1;0;1;0;0;492.872133333333
0;0;1;1;1;1;0;1;0;1;0;0;1;0;1;1;0;0;0;0;0;1;1;0;0;0;0;0;0;1;0;0;1;1;0;1;0;0;33.2735
0;0;1;1;1;1;0;1;0;1;0;0;1;0;1;0;0;0;0;0;1;1;1;0;0;0;0;0;0;1;0;0;1;1;0;1;0;0;490.7456
0;0;1;1;1;1;0;1;0;1;0;1;0;0;1;1;0;0;0;0;0;1;1;0;0;0;0;0;0;1;1;0;0;1;0;0;1;0;33.50564
0;0;1;1;1;1;0;1;0;1;0;0;1;0;1;1;0;0;0;0;0;1;1;0;0;0;0;0;0;1;1;0;0;1;0;0;1;0;34.6981666666667
0;0;1;1;1;1;0;1;0;1;0;1;0;0;1;0;0;0;0;0;1;1;1;0;0;0;0;0;0;1;1;0;0;1;0;0;1;0;490.377233333333
0;0;1;1;1;1;0;1;0;1;0;0;1;0;1;0;0;0;0;0;1;1;1;0;0;0;0;0;0;1;1;0;0;1;0;0;1;0;487.3411
0;0;1;1;1;1;1;0;0;1;0;0;1;0;1;1;0;0;0;0;0;1;1;0;0;0;0;0;0;1;0;1;0;1;0;0;1;0;31.6282333333333
0;0;1;1;1;1;0;1;0;1;0;0;1;0;1;1;0;0;0;0;0;1;1;0;0;0;0;0;0;1;0;1;0;1;0;0;1;0;33.3144666666667
0;0;1;1;1;1;0;0;1;1;0;0;1;0;1;1;0;0;0;0;0;1;1;0;0;0;0;0;0;1;0;1;0;1;0;0;1;0;34.9608333333333
0;0;1;1;1;1;1;0;0;1;0;0;1;0;1;0;0;0;0;0;1;1;1;0;0;0;0;0;0;1;0;1;0;1;0;0;1;0;485.518033333333
0;0;1;1;1;1;0;1;0;1;0;0;1;0;1;0;0;0;0;0;1;1;1;0;0;0;0;0;0;1;0;1;0;1;0;0;1;0;490.571666666667
0;0;1;1;1;1;0;0;1;1;0;0;1;0;1;0;0;0;0;0;1;1;1;0;0;0;0;0;0;1;0;1;0;1;0;0;1;0;497.2775
0;0;1;1;1;1;0;1;0;1;0;0;1;0;1;1;0;0;0;0;0;1;1;0;0;0;0;0;0;1;0;0;1;1;0;0;1;0;33.2876
0;0;1;1;1;1;0;1;0;1;0;0;1;0;1;0;0;0;0;0;1;1;1;0;0;0;0;0;0;1;0;0;1;1;0;0;1;0;492.320166666667
0;0;1;1;1;1;0;1;0;1;0;0;1;0;1;1;0;0;0;0;0;1;1;0;0;0;0;0;0;1;1;0;0;1;0;0;0;1;33.1024666666667
0;0;1;1;1;1;0;1;0;1;0;0;1;0;1;0;0;0;0;0;1;1;1;0;0;0;0;0;0;1;1;0;0;1;0;0;0;1;494.800866666667
0;0;1;1;1;1;0;1;0;1;0;0;1;0;1;1;0;0;0;0;0;1;1;0;0;0;0;0;0;1;0;1;0;1;0;0;0;1;35.2807333333333
0;0;1;1;1;1;0;0;1;1;0;0;1;0;1;1;0;0;0;0;0;1;1;0;0;0;0;0;0;1;0;1;0;1;0;0;0;1;32.7635333333333
0;0;1;1;1;1;1;0;0;1;0;0;1;0;1;0;0;0;0;0;1;1;1;0;0;0;0;0;0;1;0;1;0;1;0;0;0;1;488.932066666666
0;0;1;1;1;1;0;1;0;1;0;0;1;0;1;0;0;0;0;0;1;1;1;0;0;0;0;0;0;1;0;1;0;1;0;0;0;1;489.423333333333
0;0;1;1;1;1;0;0;1;1;0;0;1;0;1;0;0;0;0;0;1;1;1;0;0;0;0;0;0;1;0;1;0;1;0;0;0;1;503.958466666667
0;0;1;1;1;1;0;1;0;1;0;0;1;0;1;1;0;0;0;0;0;1;1;0;0;0;0;0;0;1;0;0;1;1;0;0;0;1;33.3642333333333
0;0;1;1;1;1;0;1;0;1;0;0;1;0;1;0;0;0;0;0;1;1;1;0;0;0;0;0;0;1;0;0;1;1;0;0;0;1;505.706066666667
1;0;0;0;1;1;1;0;0;1;1;0;0;0;1;1;0;0;0;0;0;1;1;0;0;0;0;0;0;1;1;0;0;1;1;0;0;0;29.8705
1;0;0;0;1;1;0;1;0;1;1;0;0;0;1;1;0;0;0;0;0;1;1;0;0;0;0;0;0;1;1;0;0;1;1;0;0;0;35.44296
1;0;0;0;1;1;0;0;1;1;1;0;0;0;1;1;0;0;0;0;0;1;1;0;0;0;0;0;0;1;1;0;0;1;1;0;0;0;38.2333333333333
1;0;0;0;1;1;1;0;0;1;0;1;0;0;1;1;0;0;0;0;0;1;1;0;0;0;0;0;0;1;1;0;0;1;1;0;0;0;30.03256
1;0;0;0;1;1;0;1;0;1;0;1;0;0;1;1;0;0;0;0;0;1;1;0;0;0;0;0;0;1;1;0;0;1;1;0;0;0;34.06754
1;0;0;0;1;1;0;0;1;1;0;1;0;0;1;1;0;0;0;0;0;1;1;0;0;0;0;0;0;1;1;0;0;1;1;0;0;0;31.4687
1;0;0;0;1;1;1;0;0;1;0;0;1;0;1;1;0;0;0;0;0;1;1;0;0;0;0;0;0;1;1;0;0;1;1;0;0;0;32.20332
1;0;0;0;1;1;0;1;0;1;0;0;1;0;1;1;0;0;0;0;0;1;1;0;0;0;0;0;0;1;1;0;0;1;1;0;0;0;36.9234333333333
1;0;0;0;1;1;0;0;1;1;0;0;1;0;1;1;0;0;0;0;0;1;1;0;0;0;0;0;0;1;1;0;0;1;1;0;0;0;36.94372
1;0;0;0;1;1;1;0;0;1;0;0;0;1;1;1;0;0;0;0;0;1;1;0;0;0;0;0;0;1;1;0;0;1;1;0;0;0;30.5350333333333
1;0;0;0;1;1;0;1;0;1;0;0;0;1;1;1;0;0;0;0;0;1;1;0;0;0;0;0;0;1;1;0;0;1;1;0;0;0;30.9230333333333
1;0;0;0;1;1;0;0;1;1;0;0;0;1;1;1;0;0;0;0;0;1;1;0;0;0;0;0;0;1;1;0;0;1;1;0;0;0;33.5712
1;0;0;0;1;1;1;0;0;1;1;0;0;0;1;0;1;0;0;0;0;1;1;0;0;0;0;0;0;1;1;0;0;1;1;0;0;0;35.7141666666667
1;0;0;0;1;1;0;1;0;1;1;0;0;0;1;0;1;0;0;0;0;1;1;0;0;0;0;0;0;1;1;0;0;1;1;0;0;0;36.2995
1;0;0;0;1;1;0;0;1;1;1;0;0;0;1;0;1;0;0;0;0;1;1;0;0;0;0;0;0;1;1;0;0;1;1;0;0;0;41.3590666666667
1;0;0;0;1;1;1;0;0;1;0;1;0;0;1;0;1;0;0;0;0;1;1;0;0;0;0;0;0;1;1;0;0;1;1;0;0;0;33.6595333333333
1;0;0;0;1;1;0;1;0;1;0;1;0;0;1;0;1;0;0;0;0;1;1;0;0;0;0;0;0;1;1;0;0;1;1;0;0;0;38.3796333333333
1;0;0;0;1;1;1;0;0;1;0;0;1;0;1;0;1;0;0;0;0;1;1;0;0;0;0;0;0;1;1;0;0;1;1;0;0;0;36.6999333333333
1;0;0;0;1;1;0;1;0;1;0;0;1;0;1;0;1;0;0;0;0;1;1;0;0;0;0;0;0;1;1;0;0;1;1;0;0;0;39.1840333333333
1;0;0;0;1;1;1;0;0;1;0;0;0;1;1;0;1;0;0;0;0;1;1;0;0;0;0;0;0;1;1;0;0;1;1;0;0;0;34.8061333333333
1;0;0;0;1;1;0;1;0;1;0;0;0;1;1;0;1;0;0;0;0;1;1;0;0;0;0;0;0;1;1;0;0;1;1;0;0;0;38.6414666666667
1;0;0;0;1;1;0;1;0;1;1;0;0;0;1;0;0;1;0;0;0;1;1;0;0;0;0;0;0;1;1;0;0;1;1;0;0;0;40.3334
1;0;0;0;1;1;0;1;0;1;0;1;0;0;1;0;0;1;0;0;0;1;1;0;0;0;0;0;0;1;1;0;0;1;1;0;0;0;42.9124
1;0;0;0;1;1;0;1;0;1;0;0;1;0;1;0;0;1;0;0;0;1;1;0;0;0;0;0;0;1;1;0;0;1;1;0;0;0;38.3085666666667
1;0;0;0;1;1;1;0;0;1;0;0;0;1;1;0;0;1;0;0;0;1;1;0;0;0;0;0;0;1;1;0;0;1;1;0;0;0;39.0761666666667
1;0;0;0;1;1;0;1;0;1;0;0;0;1;1;0;0;1;0;0;0;1;1;0;0;0;0;0;0;1;1;0;0;1;1;0;0;0;40.5337
1;0;0;0;1;1;0;1;0;1;1;0;0;0;1;0;0;0;1;0;0;1;1;0;0;0;0;0;0;1;1;0;0;1;1;0;0;0;48.6491333333333
1;0;0;0;1;1;0;1;0;1;0;0;1;0;1;0;0;0;1;0;0;1;1;0;0;0;0;0;0;1;1;0;0;1;1;0;0;0;47.0147666666667
1;0;0;0;1;1;0;1;0;1;0;0;0;1;1;0;0;0;1;0;0;1;1;0;0;0;0;0;0;1;1;0;0;1;1;0;0;0;47.4994666666667
1;0;0;0;1;1;0;1;0;1;0;1;0;0;1;0;0;0;0;0;1;1;1;0;0;0;0;0;0;1;1;0;0;1;1;0;0;0;53.3401333333333
1;0;0;0;1;1;0;1;0;1;1;0;0;0;1;1;0;0;0;0;0;1;0;1;0;0;0;0;0;1;1;0;0;1;1;0;0;0;30.0095666666667
1;0;0;0;1;1;0;1;0;1;0;0;0;1;1;0;0;1;0;0;0;1;0;1;0;0;0;0;0;1;1;0;0;1;1;0;0;0;41.4039333333333
1;0;0;0;1;1;0;1;0;1;0;0;0;1;1;0;0;1;0;0;0;1;0;0;1;0;0;0;0;1;1;0;0;1;1;0;0;0;40.4794333333333
1;0;0;0;1;1;0;1;0;1;1;0;0;0;1;0;0;1;0;0;0;1;0;0;0;1;0;0;0;1;1;0;0;1;1;0;0;0;40.21086
1;0;0;0;1;1;0;1;0;1;0;0;0;1;1;0;0;1;0;0;0;1;0;0;0;1;0;0;0;1;1;0;0;1;1;0;0;0;36.01952
1;0;0;0;1;1;0;1;0;1;0;0;0;1;1;0;0;1;0;0;0;1;0;0;0;0;1;0;0;1;1;0;0;1;1;0;0;0;35.8038333333333
1;0;0;0;1;1;0;1;0;1;1;0;0;0;1;0;0;1;0;0;0;1;0;0;0;0;0;1;0;1;1;0;0;1;1;0;0;0;39.8060666666667
1;0;0;0;1;1;1;0;0;1;0;0;0;1;1;0;0;1;0;0;0;1;0;0;0;0;0;1;0;1;1;0;0;1;1;0;0;0;34.66134
1;0;0;0;1;1;0;1;0;1;0;0;0;1;1;0;0;1;0;0;0;1;0;0;0;0;0;1;0;1;1;0;0;1;1;0;0;0;34.20058
1;0;0;0;1;1;0;0;1;1;0;0;0;1;1;0;0;1;0;0;0;1;0;0;0;0;0;1;0;1;1;0;0;1;1;0;0;0;35.0513
1;0;0;0;1;1;1;0;0;1;0;0;0;1;1;0;1;0;0;0;0;1;0;0;0;0;0;0;1;1;1;0;0;1;1;0;0;0;34.9449
1;0;0;0;1;1;0;1;0;1;0;0;0;1;1;0;1;0;0;0;0;1;0;0;0;0;0;0;1;1;1;0;0;1;1;0;0;0;33.7096333333333
1;0;0;0;1;1;0;1;0;1;0;0;0;1;1;0;0;1;0;0;0;1;0;0;0;0;0;0;1;1;1;0;0;1;1;0;0;0;35.4775666666667
1;0;0;0;1;1;0;1;0;1;1;0;0;0;1;0;1;0;0;0;0;1;1;0;0;0;0;0;0;1;0;1;0;1;1;0;0;0;37.8539666666667
1;0;0;0;1;1;1;0;0;1;0;0;0;1;1;0;1;0;0;0;0;1;1;0;0;0;0;0;0;1;0;1;0;1;1;0;0;0;34.6539666666667
1;0;0;0;1;1;0;1;0;1;0;0;0;1;1;0;1;0;0;0;0;1;1;0;0;0;0;0;0;1;0;1;0;1;1;0;0;0;35.8072
1;0;0;0;1;1;0;1;0;1;1;0;0;0;1;0;0;1;0;0;0;1;1;0;0;0;0;0;0;1;0;1;0;1;1;0;0;0;41.1850666666667
1;0;0;0;1;1;0;1;0;1;0;0;0;1;1;0;0;1;0;0;0;1;1;0;0;0;0;0;0;1;0;1;0;1;1;0;0;0;40.7304
1;0;0;0;1;1;0;1;0;1;0;0;0;1;1;0;0;1;0;0;0;1;0;1;0;0;0;0;0;1;0;1;0;1;1;0;0;0;39.8232
1;0;0;0;1;1;0;1;0;1;0;0;0;1;1;0;0;1;0;0;0;1;0;0;1;0;0;0;0;1;0;1;0;1;1;0;0;0;37.4602333333333
1;0;0;0;1;1;0;1;0;1;0;0;0;1;1;0;0;1;0;0;0;1;0;0;0;1;0;0;0;1;0;1;0;1;1;0;0;0;40.5291666666667
1;0;0;0;1;1;0;1;0;1;0;0;0;1;1;0;0;1;0;0;0;1;0;0;0;0;1;0;0;1;0;1;0;1;1;0;0;0;35.736
1;0;0;0;1;1;0;1;0;1;1;0;0;0;1;0;0;1;0;0;0;1;0;0;0;0;0;1;0;1;0;1;0;1;1;0;0;0;34.8579
1;0;0;0;1;1;0;1;0;1;0;0;1;0;1;0;0;1;0;0;0;1;0;0;0;0;0;1;0;1;0;1;0;1;1;0;0;0;37.9063
1;0;0;0;1;1;1;0;0;1;0;0;0;1;1;0;0;1;0;0;0;1;0;0;0;0;0;1;0;1;0;1;0;1;1;0;0;0;33.3473333333333
1;0;0;0;1;1;0;1;0;1;0;0;0;1;1;0;0;1;0;0;0;1;0;0;0;0;0;1;0;1;0;1;0;1;1;0;0;0;34.7887333333333
1;0;0;0;1;1;0;0;1;1;0;0;0;1;1;0;0;1;0;0;0;1;0;0;0;0;0;1;0;1;0;1;0;1;1;0;0;0;34.4349
1;0;0;0;1;1;0;1;0;1;0;0;0;1;1;0;0;1;0;0;0;1;0;0;0;0;0;0;1;1;0;1;0;1;1;0;0;0;33.4272
1;0;0;0;1;1;0;1;0;1;1;0;0;0;1;0;0;1;0;0;0;1;1;0;0;0;0;0;0;1;0;0;1;1;1;0;0;0;42.1820333333333
1;0;0;0;1;1;0;1;0;1;0;0;0;1;1;0;0;1;0;0;0;1;1;0;0;0;0;0;0;1;0;0;1;1;1;0;0;0;42.3991
1;0;0;0;1;1;0;1;0;1;0;0;0;1;1;0;0;1;0;0;0;1;0;1;0;0;0;0;0;1;0;0;1;1;1;0;0;0;41.0842666666667
1;0;0;0;1;1;0;1;0;1;0;0;0;1;1;0;0;1;0;0;0;1;0;0;1;0;0;0;0;1;0;0;1;1;1;0;0;0;40.11104
1;0;0;0;1;1;0;1;0;1;0;0;0;1;1;0;0;1;0;0;0;1;0;0;0;1;0;0;0;1;0;0;1;1;1;0;0;0;40.0936
1;0;0;0;1;1;0;1;0;1;0;0;0;1;1;0;0;1;0;0;0;1;0;0;0;0;1;0;0;1;0;0;1;1;1;0;0;0;34.8649333333333
1;0;0;0;1;1;0;1;0;1;1;0;0;0;1;0;0;1;0;0;0;1;0;0;0;0;0;1;0;1;0;0;1;1;1;0;0;0;37.43242
1;0;0;0;1;1;1;0;0;1;0;0;0;1;1;0;0;1;0;0;0;1;0;0;0;0;0;1;0;1;0;0;1;1;1;0;0;0;36.5648666666667
1;0;0;0;1;1;0;1;0;1;0;0;0;1;1;0;0;1;0;0;0;1;0;0;0;0;0;1;0;1;0;0;1;1;1;0;0;0;36.8980666666667
1;0;0;0;1;1;0;0;1;1;0;0;0;1;1;0;0;1;0;0;0;1;0;0;0;0;0;1;0;1;0;0;1;1;1;0;0;0;37.0571333333333
1;0;0;0;1;1;0;1;0;1;0;0;0;1;1;0;0;1;0;0;0;1;0;0;0;0;0;0;1;1;0;0;1;1;1;0;0;0;35.2769333333333
1;0;0;0;1;1;0;1;0;1;0;0;1;0;1;1;0;0;0;0;0;1;1;0;0;0;0;0;0;1;1;0;0;1;0;1;0;0;34.50192
1;0;0;0;1;1;1;0;0;1;0;0;0;1;1;0;1;0;0;0;0;1;1;0;0;0;0;0;0;1;1;0;0;1;0;1;0;0;35.3341
1;0;0;0;1;1;0;1;0;1;0;0;0;1;1;0;1;0;0;0;0;1;1;0;0;0;0;0;0;1;1;0;0;1;0;1;0;0;38.3318333333333
1;0;0;0;1;1;0;1;0;1;0;0;1;0;1;0;0;0;0;0;1;1;1;0;0;0;0;0;0;1;1;0;0;1;0;1;0;0;63.676
1;0;0;0;1;1;1;0;0;1;0;0;0;1;1;0;1;0;0;0;0;1;0;0;0;0;0;0;1;1;1;0;0;1;0;1;0;0;34.7029
1;0;0;0;1;1;0;1;0;1;0;0;0;1;1;0;1;0;0;0;0;1;0;0;0;0;0;0;1;1;1;0;0;1;0;1;0;0;35.6451
1;0;0;0;1;1;1;0;0;1;0;0;1;0;1;1;0;0;0;0;0;1;1;0;0;0;0;0;0;1;0;1;0;1;0;1;0;0;30.3511333333333
1;0;0;0;1;1;0;1;0;1;0;0;1;0;1;1;0;0;0;0;0;1;1;0;0;0;0;0;0;1;0;1;0;1;0;1;0;0;34.336
1;0;0;0;1;1;0;0;1;1;0;0;1;0;1;1;0;0;0;0;0;1;1;0;0;0;0;0;0;1;0;1;0;1;0;1;0;0;34.2749333333333
1;0;0;0;1;1;1;0;0;1;0;0;0;1;1;0;1;0;0;0;0;1;1;0;0;0;0;0;0;1;0;1;0;1;0;1;0;0;37.6584
1;0;0;0;1;1;0;1;0;1;0;0;0;1;1;0;1;0;0;0;0;1;1;0;0;0;0;0;0;1;0;1;0;1;0;1;0;0;36.7035333333333
1;0;0;0;1;1;1;0;0;1;0;0;1;0;1;0;0;0;0;0;1;1;1;0;0;0;0;0;0;1;0;1;0;1;0;1;0;0;55.1702
1;0;0;0;1;1;0;1;0;1;0;0;1;0;1;0;0;0;0;0;1;1;1;0;0;0;0;0;0;1;0;1;0;1;0;1;0;0;56.5262666666667
1;0;0;0;1;1;0;0;1;1;0;0;1;0;1;0;0;0;0;0;1;1;1;0;0;0;0;0;0;1;0;1;0;1;0;1;0;0;53.0993666666667
1;0;0;0;1;1;0;1;0;1;0;0;1;0;1;1;0;0;0;0;0;1;1;0;0;0;0;0;0;1;0;0;1;1;0;1;0;0;33.93206
1;0;0;0;1;1;0;1;0;1;0;0;1;0;1;0;0;0;0;0;1;1;1;0;0;0;0;0;0;1;0;0;1;1;0;1;0;0;53.8556
1;0;0;0;1;1;0;1;0;1;0;1;0;0;1;1;0;0;0;0;0;1;1;0;0;0;0;0;0;1;1;0;0;1;0;0;1;0;29.8423666666667
1;0;0;0;1;1;0;1;0;1;0;0;1;0;1;1;0;0;0;0;0;1;1;0;0;0;0;0;0;1;1;0;0;1;0;0;1;0;30.6553
1;0;0;0;1;1;0;1;0;1;0;1;0;0;1;0;0;0;0;0;1;1;1;0;0;0;0;0;0;1;1;0;0;1;0;0;1;0;55.3153
1;0;0;0;1;1;0;1;0;1;0;0;1;0;1;0;0;0;0;0;1;1;1;0;0;0;0;0;0;1;1;0;0;1;0;0;1;0;54.8185333333333
1;0;0;0;1;1;1;0;0;1;0;0;1;0;1;1;0;0;0;0;0;1;1;0;0;0;0;0;0;1;0;1;0;1;0;0;1;0;28.9337333333333
1;0;0;0;1;1;0;1;0;1;0;0;1;0;1;1;0;0;0;0;0;1;1;0;0;0;0;0;0;1;0;1;0;1;0;0;1;0;34.5292
1;0;0;0;1;1;0;0;1;1;0;0;1;0;1;1;0;0;0;0;0;1;1;0;0;0;0;0;0;1;0;1;0;1;0;0;1;0;34.0704333333333
1;0;0;0;1;1;1;0;0;1;0;0;1;0;1;0;0;0;0;0;1;1;1;0;0;0;0;0;0;1;0;1;0;1;0;0;1;0;53.2195666666667
1;0;0;0;1;1;0;1;0;1;0;0;1;0;1;0;0;0;0;0;1;1;1;0;0;0;0;0;0;1;0;1;0;1;0;0;1;0;54.0071666666667
1;0;0;0;1;1;0;0;1;1;0;0;1;0;1;0;0;0;0;0;1;1;1;0;0;0;0;0;0;1;0;1;0;1;0;0;1;0;56.0976
1;0;0;0;1;1;0;1;0;1;0;0;1;0;1;1;0;0;0;0;0;1;1;0;0;0;0;0;0;1;0;0;1;1;0;0;1;0;36.7195666666667
1;0;0;0;1;1;0;1;0;1;0;0;1;0;1;0;0;0;0;0;1;1;1;0;0;0;0;0;0;1;0;0;1;1;0;0;1;0;56.0127
1;0;0;0;1;1;0;1;0;1;0;0;1;0;1;1;0;0;0;0;0;1;1;0;0;0;0;0;0;1;1;0;0;1;0;0;0;1;29.8149333333333
1;0;0;0;1;1;0;1;0;1;0;0;1;0;1;0;0;0;0;0;1;1;1;0;0;0;0;0;0;1;1;0;0;1;0;0;0;1;54.1841666666667
1;0;0;0;1;1;0;1;0;1;0;0;1;0;1;1;0;0;0;0;0;1;1;0;0;0;0;0;0;1;0;1;0;1;0;0;0;1;33.58628
1;0;0;0;1;1;0;0;1;1;0;0;1;0;1;1;0;0;0;0;0;1;1;0;0;0;0;0;0;1;0;1;0;1;0;0;0;1;30.57172
1;0;0;0;1;1;1;0;0;1;0;0;1;0;1;0;0;0;0;0;1;1;1;0;0;0;0;0;0;1;0;1;0;1;0;0;0;1;56.43514
1;0;0;0;1;1;0;1;0;1;0;0;1;0;1;0;0;0;0;0;1;1;1;0;0;0;0;0;0;1;0;1;0;1;0;0;0;1;56.65512
1;0;0;0;1;1;0;0;1;1;0;0;1;0;1;0;0;0;0;0;1;1;1;0;0;0;0;0;0;1;0;1;0;1;0;0;0;1;55.6797
1;0;0;0;1;1;0;1;0;1;0;0;1;0;1;1;0;0;0;0;0;1;1;0;0;0;0;0;0;1;0;0;1;1;0;0;0;1;37.0552
1;0;0;0;1;1;0;1;0;1;0;0;1;0;1;0;0;0;0;0;1;1;1;0;0;0;0;0;0;1;0;0;1;1;0;0;0;1;56.1790666666667
1;0;1;0;1;1;1;0;0;1;1;0;0;0;1;1;0;0;0;0;0;1;1;0;0;0;0;0;0;1;1;0;0;1;1;0;0;0;28.9999
1;0;1;0;1;1;0;1;0;1;1;0;0;0;1;1;0;0;0;0;0;1;1;0;0;0;0;0;0;1;1;0;0;1;1;0;0;0;31.34712
1;0;1;0;1;1;0;0;1;1;1;0;0;0;1;1;0;0;0;0;0;1;1;0;0;0;0;0;0;1;1;0;0;1;1;0;0;0;31.39886
1;0;1;0;1;1;1;0;0;1;0;1;0;0;1;1;0;0;0;0;0;1;1;0;0;0;0;0;0;1;1;0;0;1;1;0;0;0;29.1355
1;0;1;0;1;1;0;1;0;1;0;1;0;0;1;1;0;0;0;0;0;1;1;0;0;0;0;0;0;1;1;0;0;1;1;0;0;0;37.57692
1;0;1;0;1;1;0;0;1;1;0;1;0;0;1;1;0;0;0;0;0;1;1;0;0;0;0;0;0;1;1;0;0;1;1;0;0;0;33.46364
1;0;1;0;1;1;1;0;0;1;0;0;1;0;1;1;0;0;0;0;0;1;1;0;0;0;0;0;0;1;1;0;0;1;1;0;0;0;29.53566
1;0;1;0;1;1;0;1;0;1;0;0;1;0;1;1;0;0;0;0;0;1;1;0;0;0;0;0;0;1;1;0;0;1;1;0;0;0;32.5127
1;0;1;0;1;1;0;0;1;1;0;0;1;0;1;1;0;0;0;0;0;1;1;0;0;0;0;0;0;1;1;0;0;1;1;0;0;0;34.77292
1;0;1;0;1;1;1;0;0;1;0;0;0;1;1;1;0;0;0;0;0;1;1;0;0;0;0;0;0;1;1;0;0;1;1;0;0;0;30.42506
1;0;1;0;1;1;0;1;0;1;0;0;0;1;1;1;0;0;0;0;0;1;1;0;0;0;0;0;0;1;1;0;0;1;1;0;0;0;34.64952
1;0;1;0;1;1;0;0;1;1;0;0;0;1;1;1;0;0;0;0;0;1;1;0;0;0;0;0;0;1;1;0;0;1;1;0;0;0;34.9028
1;0;1;0;1;1;1;0;0;1;1;0;0;0;1;0;1;0;0;0;0;1;1;0;0;0;0;0;0;1;1;0;0;1;1;0;0;0;34.61272
1;0;1;0;1;1;0;1;0;1;1;0;0;0;1;0;1;0;0;0;0;1;1;0;0;0;0;0;0;1;1;0;0;1;1;0;0;0;38.3913
1;0;1;0;1;1;1;0;0;1;0;1;0;0;1;0;1;0;0;0;0;1;1;0;0;0;0;0;0;1;1;0;0;1;1;0;0;0;35.86216
1;0;1;0;1;1;0;1;0;1;0;1;0;0;1;0;1;0;0;0;0;1;1;0;0;0;0;0;0;1;1;0;0;1;1;0;0;0;38.81254
1;0;1;0;1;1;1;0;0;1;0;0;1;0;1;0;1;0;0;0;0;1;1;0;0;0;0;0;0;1;1;0;0;1;1;0;0;0;34.13942
1;0;1;0;1;1;0;1;0;1;0;0;1;0;1;0;1;0;0;0;0;1;1;0;0;0;0;0;0;1;1;0;0;1;1;0;0;0;39.5979
1;0;1;0;1;1;1;0;0;1;0;0;0;1;1;0;1;0;0;0;0;1;1;0;0;0;0;0;0;1;1;0;0;1;1;0;0;0;34.23928
1;0;1;0;1;1;0;1;0;1;0;0;0;1;1;0;1;0;0;0;0;1;1;0;0;0;0;0;0;1;1;0;0;1;1;0;0;0;40.89608
1;0;1;0;1;1;0;1;0;1;1;0;0;0;1;0;0;1;0;0;0;1;1;0;0;0;0;0;0;1;1;0;0;1;1;0;0;0;40.89644
1;0;1;0;1;1;0;1;0;1;0;1;0;0;1;0;0;1;0;0;0;1;1;0;0;0;0;0;0;1;1;0;0;1;1;0;0;0;42.66594
1;0;1;0;1;1;0;1;0;1;0;0;1;0;1;0;0;1;0;0;0;1;1;0;0;0;0;0;0;1;1;0;0;1;1;0;0;0;39.67738
1;0;1;0;1;1;0;1;0;1;0;0;0;1;1;0;0;1;0;0;0;1;1;0;0;0;0;0;0;1;1;0;0;1;1;0;0;0;40.05792
1;0;1;0;1;1;0;1;0;1;1;0;0;0;1;0;0;0;1;0;0;1;1;0;0;0;0;0;0;1;1;0;0;1;1;0;0;0;48.59228
1;0;1;0;1;1;0;1;0;1;0;0;0;1;1;0;0;0;1;0;0;1;1;0;0;0;0;0;0;1;1;0;0;1;1;0;0;0;47.0045
1;0;1;0;1;1;0;1;0;1;0;0;0;1;1;0;0;1;0;0;0;1;0;1;0;0;0;0;0;1;1;0;0;1;1;0;0;0;39.9356333333333
1;0;1;0;1;1;0;1;0;1;0;0;0;1;1;0;0;1;0;0;0;1;0;0;1;0;0;0;0;1;1;0;0;1;1;0;0;0;40.828
1;0;1;0;1;1;0;1;0;1;0;0;0;1;1;0;0;1;0;0;0;1;0;0;0;1;0;0;0;1;1;0;0;1;1;0;0;0;37.01288
1;0;1;0;1;1;0;1;0;1;0;0;0;1;1;0;0;1;0;0;0;1;0;0;0;0;1;0;0;1;1;0;0;1;1;0;0;0;35.50674
1;0;1;0;1;1;0;1;0;1;1;0;0;0;1;0;0;1;0;0;0;1;0;0;0;0;0;1;0;1;1;0;0;1;1;0;0;0;32.0541
1;0;1;0;1;1;1;0;0;1;0;0;0;1;1;0;0;1;0;0;0;1;0;0;0;0;0;1;0;1;1;0;0;1;1;0;0;0;35.2086333333333
1;0;1;0;1;1;0;1;0;1;0;0;0;1;1;0;0;1;0;0;0;1;0;0;0;0;0;1;0;1;1;0;0;1;1;0;0;0;33.9422666666667
1;0;1;0;1;1;0;0;1;1;0;0;0;1;1;0;0;1;0;0;0;1;0;0;0;0;0;1;0;1;1;0;0;1;1;0;0;0;34.2065666666667
1;0;1;0;1;1;1;0;0;1;0;0;0;1;1;0;1;0;0;0;0;1;0;0;0;0;0;0;1;1;1;0;0;1;1;0;0;0;34.5633
1;0;1;0;1;1;0;1;0;1;0;0;0;1;1;0;1;0;0;0;0;1;0;0;0;0;0;0;1;1;1;0;0;1;1;0;0;0;36.4037666666667
1;0;1;0;1;1;0;1;0;1;0;0;0;1;1;0;0;1;0;0;0;1;0;0;0;0;0;0;1;1;1;0;0;1;1;0;0;0;34.2614666666667
1;0;1;0;1;1;1;0;0;1;0;0;0;1;1;0;1;0;0;0;0;1;1;0;0;0;0;0;0;1;0;1;0;1;1;0;0;0;36.0268333333333
1;0;1;0;1;1;0;1;0;1;0;0;0;1;1;0;1;0;0;0;0;1;1;0;0;0;0;0;0;1;0;1;0;1;1;0;0;0;40.1199333333333
1;0;1;0;1;1;0;1;0;1;0;0;0;1;1;0;0;1;0;0;0;1;1;0;0;0;0;0;0;1;0;1;0;1;1;0;0;0;41.5419
1;0;1;0;1;1;0;1;0;1;0;0;0;1;1;0;0;1;0;0;0;1;0;1;0;0;0;0;0;1;0;1;0;1;1;0;0;0;40.4707666666667
1;0;1;0;1;1;0;1;0;1;0;0;0;1;1;0;0;1;0;0;0;1;0;0;1;0;0;0;0;1;0;1;0;1;1;0;0;0;39.1644333333333
1;0;1;0;1;1;0;1;0;1;0;0;0;1;1;0;0;1;0;0;0;1;0;0;0;1;0;0;0;1;0;1;0;1;1;0;0;0;34.9105666666667
1;0;1;0;1;1;0;1;0;1;0;0;0;1;1;0;0;1;0;0;0;1;0;0;0;0;1;0;0;1;0;1;0;1;1;0;0;0;39.1560666666667
1;0;1;0;1;1;0;1;0;1;1;0;0;0;1;0;0;1;0;0;0;1;0;0;0;0;0;1;0;1;0;1;0;1;1;0;0;0;33.2849
1;0;1;0;1;1;1;0;0;1;0;0;0;1;1;0;0;1;0;0;0;1;0;0;0;0;0;1;0;1;0;1;0;1;1;0;0;0;36.3049
1;0;1;0;1;1;0;1;0;1;0;0;0;1;1;0;0;1;0;0;0;1;0;0;0;0;0;1;0;1;0;1;0;1;1;0;0;0;39.6498666666667
1;0;1;0;1;1;0;0;1;1;0;0;0;1;1;0;0;1;0;0;0;1;0;0;0;0;0;1;0;1;0;1;0;1;1;0;0;0;33.1418333333333
1;0;1;0;1;1;0;1;0;1;0;0;0;1;1;0;0;1;0;0;0;1;0;0;0;0;0;0;1;1;0;1;0;1;1;0;0;0;37.4705
1;0;1;0;1;1;0;1;0;1;1;0;0;0;1;0;0;1;0;0;0;1;1;0;0;0;0;0;0;1;0;0;1;1;1;0;0;0;42.0634
1;0;1;0;1;1;0;1;0;1;0;0;0;1;1;0;0;1;0;0;0;1;1;0;0;0;0;0;0;1;0;0;1;1;1;0;0;0;39.3053
1;0;1;0;1;1;0;1;0;1;0;0;0;1;1;0;0;1;0;0;0;1;0;1;0;0;0;0;0;1;0;0;1;1;1;0;0;0;39.4473666666667
1;0;1;0;1;1;0;1;0;1;0;0;0;1;1;0;0;1;0;0;0;1;0;0;1;0;0;0;0;1;0;0;1;1;1;0;0;0;39.8706333333333
1;0;1;0;1;1;0;1;0;1;0;0;0;1;1;0;0;1;0;0;0;1;0;0;0;1;0;0;0;1;0;0;1;1;1;0;0;0;34.0502
1;0;1;0;1;1;0;1;0;1;0;0;0;1;1;0;0;1;0;0;0;1;0;0;0;0;1;0;0;1;0;0;1;1;1;0;0;0;32.5831666666667
1;0;1;0;1;1;0;1;0;1;1;0;0;0;1;0;0;1;0;0;0;1;0;0;0;0;0;1;0;1;0;0;1;1;1;0;0;0;32.7317333333333
1;0;1;0;1;1;1;0;0;1;0;0;0;1;1;0;0;1;0;0;0;1;0;0;0;0;0;1;0;1;0;0;1;1;1;0;0;0;34.7657
1;0;1;0;1;1;0;1;0;1;0;0;0;1;1;0;0;1;0;0;0;1;0;0;0;0;0;1;0;1;0;0;1;1;1;0;0;0;34.3620333333333
1;0;1;0;1;1;0;0;1;1;0;0;0;1;1;0;0;1;0;0;0;1;0;0;0;0;0;1;0;1;0;0;1;1;1;0;0;0;36.25792
1;0;1;0;1;1;0;1;0;1;0;0;0;1;1;0;0;1;0;0;0;1;0;0;0;0;0;0;1;1;0;0;1;1;1;0;0;0;35.26456
1;0;1;0;1;1;0;1;0;1;0;0;1;0;1;1;0;0;0;0;0;1;1;0;0;0;0;0;0;1;1;0;0;1;0;1;0;0;33.9774333333333
1;0;1;0;1;1;1;0;0;1;0;0;0;1;1;0;1;0;0;0;0;1;1;0;0;0;0;0;0;1;1;0;0;1;0;1;0;0;37.296
1;0;1;0;1;1;0;1;0;1;0;0;0;1;1;0;1;0;0;0;0;1;1;0;0;0;0;0;0;1;1;0;0;1;0;1;0;0;38.5236333333333
1;0;1;0;1;1;0;1;0;1;0;0;1;0;1;0;0;0;0;0;1;1;1;0;0;0;0;0;0;1;1;0;0;1;0;1;0;0;54.7179
1;0;1;0;1;1;1;0;0;1;0;0;0;1;1;0;1;0;0;0;0;1;0;0;0;0;0;0;1;1;1;0;0;1;0;1;0;0;34.2407
1;0;1;0;1;1;0;1;0;1;0;0;0;1;1;0;1;0;0;0;0;1;0;0;0;0;0;0;1;1;1;0;0;1;0;1;0;0;35.6713333333333
1;0;1;0;1;1;1;0;0;1;0;0;1;0;1;1;0;0;0;0;0;1;1;0;0;0;0;0;0;1;0;1;0;1;0;1;0;0;29.0221333333333
1;0;1;0;1;1;0;1;0;1;0;0;1;0;1;1;0;0;0;0;0;1;1;0;0;0;0;0;0;1;0;1;0;1;0;1;0;0;36.3114
1;0;1;0;1;1;0;0;1;1;0;0;1;0;1;1;0;0;0;0;0;1;1;0;0;0;0;0;0;1;0;1;0;1;0;1;0;0;36.8679
1;0;1;0;1;1;1;0;0;1;0;0;0;1;1;0;1;0;0;0;0;1;1;0;0;0;0;0;0;1;0;1;0;1;0;1;0;0;34.8537
1;0;1;0;1;1;0;1;0;1;0;0;0;1;1;0;1;0;0;0;0;1;1;0;0;0;0;0;0;1;0;1;0;1;0;1;0;0;37.3045333333333
1;0;1;0;1;1;1;0;0;1;0;0;1;0;1;0;0;0;0;0;1;1;1;0;0;0;0;0;0;1;0;1;0;1;0;1;0;0;54.97194
1;0;1;0;1;1;0;1;0;1;0;0;1;0;1;0;0;0;0;0;1;1;1;0;0;0;0;0;0;1;0;1;0;1;0;1;0;0;56.9674333333333
1;0;1;0;1;1;0;0;1;1;0;0;1;0;1;0;0;0;0;0;1;1;1;0;0;0;0;0;0;1;0;1;0;1;0;1;0;0;54.1819333333333
1;0;1;0;1;1;0;1;0;1;0;0;1;0;1;1;0;0;0;0;0;1;1;0;0;0;0;0;0;1;0;0;1;1;0;1;0;0;32.48458
1;0;1;0;1;1;0;1;0;1;0;0;1;0;1;0;0;0;0;0;1;1;1;0;0;0;0;0;0;1;0;0;1;1;0;1;0;0;56.43034
1;0;1;0;1;1;0;1;0;1;0;1;0;0;1;1;0;0;0;0;0;1;1;0;0;0;0;0;0;1;1;0;0;1;0;0;1;0;33.8924666666667
1;0;1;0;1;1;0;1;0;1;0;0;1;0;1;1;0;0;0;0;0;1;1;0;0;0;0;0;0;1;1;0;0;1;0;0;1;0;36.0469
1;0;1;0;1;1;0;1;0;1;0;1;0;0;1;0;0;0;0;0;1;1;1;0;0;0;0;0;0;1;1;0;0;1;0;0;1;0;54.1898333333333
1;0;1;0;1;1;0;1;0;1;0;0;1;0;1;0;0;0;0;0;1;1;1;0;0;0;0;0;0;1;1;0;0;1;0;0;1;0;54.1620666666667
1;0;1;0;1;1;1;0;0;1;0;0;1;0;1;1;0;0;0;0;0;1;1;0;0;0;0;0;0;1;0;1;0;1;0;0;1;0;33.6006666666667
1;0;1;0;1;1;0;1;0;1;0;0;1;0;1;1;0;0;0;0;0;1;1;0;0;0;0;0;0;1;0;1;0;1;0;0;1;0;34.7886333333333
1;0;1;0;1;1;0;0;1;1;0;0;1;0;1;1;0;0;0;0;0;1;1;0;0;0;0;0;0;1;0;1;0;1;0;0;1;0;32.31676
1;0;1;0;1;1;1;0;0;1;0;0;1;0;1;0;0;0;0;0;1;1;1;0;0;0;0;0;0;1;0;1;0;1;0;0;1;0;56.6653666666667
1;0;1;0;1;1;0;1;0;1;0;0;1;0;1;0;0;0;0;0;1;1;1;0;0;0;0;0;0;1;0;1;0;1;0;0;1;0;57.7065333333333
1;0;1;0;1;1;0;0;1;1;0;0;1;0;1;0;0;0;0;0;1;1;1;0;0;0;0;0;0;1;0;1;0;1;0;0;1;0;55.5754333333333
1;0;1;0;1;1;0;1;0;1;0;0;1;0;1;1;0;0;0;0;0;1;1;0;0;0;0;0;0;1;0;0;1;1;0;0;1;0;35.5300333333333
1;0;1;0;1;1;0;1;0;1;0;0;1;0;1;0;0;0;0;0;1;1;1;0;0;0;0;0;0;1;0;0;1;1;0;0;1;0;55.073
1;0;1;0;1;1;0;1;0;1;0;0;1;0;1;1;0;0;0;0;0;1;1;0;0;0;0;0;0;1;1;0;0;1;0;0;0;1;32.54924
1;0;1;0;1;1;0;1;0;1;0;0;1;0;1;0;0;0;0;0;1;1;1;0;0;0;0;0;0;1;1;0;0;1;0;0;0;1;52.9751
1;0;1;0;1;1;0;1;0;1;0;0;1;0;1;1;0;0;0;0;0;1;1;0;0;0;0;0;0;1;0;1;0;1;0;0;0;1;32.0778666666667
1;0;1;0;1;1;0;0;1;1;0;0;1;0;1;1;0;0;0;0;0;1;1;0;0;0;0;0;0;1;0;1;0;1;0;0;0;1;33.46306
1;0;1;0;1;1;1;0;0;1;0;0;1;0;1;0;0;0;0;0;1;1;1;0;0;0;0;0;0;1;0;1;0;1;0;0;0;1;53.8444333333333
1;0;1;0;1;1;0;1;0;1;0;0;1;0;1;0;0;0;0;0;1;1;1;0;0;0;0;0;0;1;0;1;0;1;0;0;0;1;58.321
1;0;1;0;1;1;0;0;1;1;0;0;1;0;1;0;0;0;0;0;1;1;1;0;0;0;0;0;0;1;0;1;0;1;0;0;0;1;58.0878
1;0;1;0;1;1;0;1;0;1;0;0;1;0;1;1;0;0;0;0;0;1;1;0;0;0;0;0;0;1;0;0;1;1;0;0;0;1;34.1976333333333
1;0;1;0;1;1;0;1;0;1;0;0;1;0;1;0;0;0;0;0;1;1;1;0;0;0;0;0;0;1;0;0;1;1;0;0;0;1;54.3720666666667
1;0;0;1;1;1;1;0;0;1;1;0;0;0;1;1;0;0;0;0;0;1;1;0;0;0;0;0;0;1;1;0;0;1;1;0;0;0;35.6501333333333
1;0;0;1;1;1;0;1;0;1;1;0;0;0;1;1;0;0;0;0;0;1;1;0;0;0;0;0;0;1;1;0;0;1;1;0;0;0;39.4589666666667
1;0;0;1;1;1;0;0;1;1;1;0;0;0;1;1;0;0;0;0;0;1;1;0;0;0;0;0;0;1;1;0;0;1;1;0;0;0;41.9749666666667
1;0;0;1;1;1;1;0;0;1;0;1;0;0;1;1;0;0;0;0;0;1;1;0;0;0;0;0;0;1;1;0;0;1;1;0;0;0;34.5
1;0;0;1;1;1;0;1;0;1;0;1;0;0;1;1;0;0;0;0;0;1;1;0;0;0;0;0;0;1;1;0;0;1;1;0;0;0;38.4780666666667
1;0;0;1;1;1;0;0;1;1;0;1;0;0;1;1;0;0;0;0;0;1;1;0;0;0;0;0;0;1;1;0;0;1;1;0;0;0;42.7458333333333
1;0;0;1;1;1;1;0;0;1;0;0;1;0;1;1;0;0;0;0;0;1;1;0;0;0;0;0;0;1;1;0;0;1;1;0;0;0;34.9286666666667
1;0;0;1;1;1;0;1;0;1;0;0;1;0;1;1;0;0;0;0;0;1;1;0;0;0;0;0;0;1;1;0;0;1;1;0;0;0;39.6105666666667
1;0;0;1;1;1;0;0;1;1;0;0;1;0;1;1;0;0;0;0;0;1;1;0;0;0;0;0;0;1;1;0;0;1;1;0;0;0;41.8686666666667
1;0;0;1;1;1;1;0;0;1;0;0;0;1;1;1;0;0;0;0;0;1;1;0;0;0;0;0;0;1;1;0;0;1;1;0;0;0;35.4012666666667
1;0;0;1;1;1;0;1;0;1;0;0;0;1;1;1;0;0;0;0;0;1;1;0;0;0;0;0;0;1;1;0;0;1;1;0;0;0;38.8831666666667
1;0;0;1;1;1;0;0;1;1;0;0;0;1;1;1;0;0;0;0;0;1;1;0;0;0;0;0;0;1;1;0;0;1;1;0;0;0;42.2173333333333
1;0;0;1;1;1;1;0;0;1;1;0;0;0;1;0;1;0;0;0;0;1;1;0;0;0;0;0;0;1;1;0;0;1;1;0;0;0;45.4237
1;0;0;1;1;1;0;1;0;1;1;0;0;0;1;0;1;0;0;0;0;1;1;0;0;0;0;0;0;1;1;0;0;1;1;0;0;0;48.0981666666667
1;0;0;1;1;1;0;1;0;1;0;1;0;0;1;0;1;0;0;0;0;1;1;0;0;0;0;0;0;1;1;0;0;1;1;0;0;0;48.7582
1;0;0;1;1;1;1;0;0;1;0;0;1;0;1;0;1;0;0;0;0;1;1;0;0;0;0;0;0;1;1;0;0;1;1;0;0;0;45.9811666666667
1;0;0;1;1;1;0;1;0;1;0;0;1;0;1;0;1;0;0;0;0;1;1;0;0;0;0;0;0;1;1;0;0;1;1;0;0;0;48.6276
1;0;0;1;1;1;1;0;0;1;0;0;0;1;1;0;1;0;0;0;0;1;1;0;0;0;0;0;0;1;1;0;0;1;1;0;0;0;44.7605666666667
1;0;0;1;1;1;0;1;0;1;0;0;0;1;1;0;1;0;0;0;0;1;1;0;0;0;0;0;0;1;1;0;0;1;1;0;0;0;48.9126333333333
1;0;0;1;1;1;0;1;0;1;1;0;0;0;1;0;0;1;0;0;0;1;1;0;0;0;0;0;0;1;1;0;0;1;1;0;0;0;69.2997
1;0;0;1;1;1;0;1;0;1;0;1;0;0;1;0;0;1;0;0;0;1;1;0;0;0;0;0;0;1;1;0;0;1;1;0;0;0;67.8426666666667
1;0;0;1;1;1;0;1;0;1;0;0;1;0;1;0;0;1;0;0;0;1;1;0;0;0;0;0;0;1;1;0;0;1;1;0;0;0;69.47846
1;0;0;1;1;1;0;1;0;1;0;0;0;1;1;0;0;1;0;0;0;1;1;0;0;0;0;0;0;1;1;0;0;1;1;0;0;0;72.9719
1;0;0;1;1;1;0;1;0;1;1;0;0;0;1;0;0;0;1;0;0;1;1;0;0;0;0;0;0;1;1;0;0;1;1;0;0;0;103.212833333333
1;0;0;1;1;1;0;1;0;1;0;0;0;1;1;0;0;0;1;0;0;1;1;0;0;0;0;0;0;1;1;0;0;1;1;0;0;0;97.5074
1;0;0;1;1;1;0;1;0;1;0;0;0;1;1;0;0;1;0;0;0;1;0;1;0;0;0;0;0;1;1;0;0;1;1;0;0;0;54.584
1;0;0;1;1;1;0;1;0;1;0;0;0;1;1;0;0;1;0;0;0;1;0;0;1;0;0;0;0;1;1;0;0;1;1;0;0;0;75.4258666666667
1;0;0;1;1;1;0;1;0;1;0;0;0;1;1;0;0;1;0;0;0;1;0;0;0;1;0;0;0;1;1;0;0;1;1;0;0;0;73.6681333333333
1;0;0;1;1;1;0;1;0;1;0;0;0;1;1;0;0;1;0;0;0;1;0;0;0;0;1;0;0;1;1;0;0;1;1;0;0;0;73.2604666666667
1;0;0;1;1;1;0;1;0;1;1;0;0;0;1;0;0;1;0;0;0;1;0;0;0;0;0;1;0;1;1;0;0;1;1;0;0;0;72.0025333333333
1;0;0;1;1;1;1;0;0;1;0;0;0;1;1;0;0;1;0;0;0;1;0;0;0;0;0;1;0;1;1;0;0;1;1;0;0;0;72.9334
1;0;0;1;1;1;0;1;0;1;0;0;0;1;1;0;0;1;0;0;0;1;0;0;0;0;0;1;0;1;1;0;0;1;1;0;0;0;71.0939
1;0;0;1;1;1;0;0;1;1;0;0;0;1;1;0;0;1;0;0;0;1;0;0;0;0;0;1;0;1;1;0;0;1;1;0;0;0;70.9591
1;0;0;1;1;1;1;0;0;1;0;0;0;1;1;0;1;0;0;0;0;1;0;0;0;0;0;0;1;1;1;0;0;1;1;0;0;0;43.1901
1;0;0;1;1;1;0;1;0;1;0;0;0;1;1;0;1;0;0;0;0;1;0;0;0;0;0;0;1;1;1;0;0;1;1;0;0;0;46.2536666666667
1;0;0;1;1;1;0;1;0;1;0;0;0;1;1;0;0;1;0;0;0;1;0;0;0;0;0;0;1;1;1;0;0;1;1;0;0;0;73.1894666666667
1;0;0;1;1;1;1;0;0;1;0;0;0;1;1;0;1;0;0;0;0;1;1;0;0;0;0;0;0;1;0;1;0;1;1;0;0;0;46.2958333333333
1;0;0;1;1;1;0;1;0;1;0;0;0;1;1;0;1;0;0;0;0;1;1;0;0;0;0;0;0;1;0;1;0;1;1;0;0;0;48.5008333333333
1;0;0;1;1;1;0;1;0;1;0;0;0;1;1;0;0;1;0;0;0;1;1;0;0;0;0;0;0;1;0;1;0;1;1;0;0;0;68.7221666666667
1;0;0;1;1;1;0;1;0;1;0;0;0;1;1;0;0;1;0;0;0;1;0;1;0;0;0;0;0;1;0;1;0;1;1;0;0;0;53.8867333333333
1;0;0;1;1;1;0;1;0;1;0;0;0;1;1;0;0;1;0;0;0;1;0;0;1;0;0;0;0;1;0;1;0;1;1;0;0;0;72.1187
1;0;0;1;1;1;0;1;0;1;0;0;0;1;1;0;0;1;0;0;0;1;0;0;0;1;0;0;0;1;0;1;0;1;1;0;0;0;75.6762
1;0;0;1;1;1;0;1;0;1;0;0;0;1;1;0;0;1;0;0;0;1;0;0;0;0;1;0;0;1;0;1;0;1;1;0;0;0;68.2581666666667
1;0;0;1;1;1;0;1;0;1;1;0;0;0;1;0;0;1;0;0;0;1;0;0;0;0;0;1;0;1;0;1;0;1;1;0;0;0;73.0535
1;0;0;1;1;1;1;0;0;1;0;0;0;1;1;0;0;1;0;0;0;1;0;0;0;0;0;1;0;1;0;1;0;1;1;0;0;0;74.0554666666667
1;0;0;1;1;1;0;1;0;1;0;0;0;1;1;0;0;1;0;0;0;1;0;0;0;0;0;1;0;1;0;1;0;1;1;0;0;0;70.8077333333333
1;0;0;1;1;1;0;0;1;1;0;0;0;1;1;0;0;1;0;0;0;1;0;0;0;0;0;1;0;1;0;1;0;1;1;0;0;0;71.6843666666667
1;0;0;1;1;1;0;1;0;1;0;0;0;1;1;0;0;1;0;0;0;1;0;0;0;0;0;0;1;1;0;1;0;1;1;0;0;0;73.6871666666667
1;0;0;1;1;1;0;1;0;1;1;0;0;0;1;0;0;1;0;0;0;1;1;0;0;0;0;0;0;1;0;0;1;1;1;0;0;0;68.8159666666667
1;0;0;1;1;1;0;1;0;1;0;0;0;1;1;0;0;1;0;0;0;1;1;0;0;0;0;0;0;1;0;0;1;1;1;0;0;0;73.1219666666667
1;0;0;1;1;1;0;1;0;1;0;0;0;1;1;0;0;1;0;0;0;1;0;1;0;0;0;0;0;1;0;0;1;1;1;0;0;0;54.74272
1;0;0;1;1;1;0;1;0;1;0;0;0;1;1;0;0;1;0;0;0;1;0;0;1;0;0;0;0;1;0;0;1;1;1;0;0;0;72.9479666666667
1;0;0;1;1;1;0;1;0;1;0;0;0;1;1;0;0;1;0;0;0;1;0;0;0;1;0;0;0;1;0;0;1;1;1;0;0;0;75.3196333333333
1;0;0;1;1;1;0;1;0;1;0;0;0;1;1;0;0;1;0;0;0;1;0;0;0;0;1;0;0;1;0;0;1;1;1;0;0;0;73.0631666666667
1;0;0;1;1;1;0;1;0;1;1;0;0;0;1;0;0;1;0;0;0;1;0;0;0;0;0;1;0;1;0;0;1;1;1;0;0;0;73.5974333333333
1;0;0;1;1;1;1;0;0;1;0;0;0;1;1;0;0;1;0;0;0;1;0;0;0;0;0;1;0;1;0;0;1;1;1;0;0;0;72.8006333333333
1;0;0;1;1;1;0;1;0;1;0;0;0;1;1;0;0;1;0;0;0;1;0;0;0;0;0;1;0;1;0;0;1;1;1;0;0;0;72.9216
1;0;0;1;1;1;0;0;1;1;0;0;0;1;1;0;0;1;0;0;0;1;0;0;0;0;0;1;0;1;0;0;1;1;1;0;0;0;67.9078333333333
1;0;0;1;1;1;0;1;0;1;0;0;0;1;1;0;0;1;0;0;0;1;0;0;0;0;0;0;1;1;0;0;1;1;1;0;0;0;73.7219666666667
1;0;0;1;1;1;0;1;0;1;0;0;1;0;1;1;0;0;0;0;0;1;1;0;0;0;0;0;0;1;1;0;0;1;0;1;0;0;39.4662
1;0;0;1;1;1;1;0;0;1;0;0;0;1;1;0;1;0;0;0;0;1;1;0;0;0;0;0;0;1;1;0;0;1;0;1;0;0;45.9321333333333
1;0;0;1;1;1;0;1;0;1;0;0;0;1;1;0;1;0;0;0;0;1;1;0;0;0;0;0;0;1;1;0;0;1;0;1;0;0;49.1634333333333
1;0;0;1;1;1;0;1;0;1;0;0;1;0;1;0;0;0;0;0;1;1;1;0;0;0;0;0;0;1;1;0;0;1;0;1;0;0;492.536133333333
1;0;0;1;1;1;1;0;0;1;0;0;1;0;1;1;0;0;0;0;0;1;1;0;0;0;0;0;0;1;0;1;0;1;0;1;0;0;34.443
1;0;0;1;1;1;0;1;0;1;0;0;1;0;1;1;0;0;0;0;0;1;1;0;0;0;0;0;0;1;0;1;0;1;0;1;0;0;38.3364666666667
1;0;0;1;1;1;0;0;1;1;0;0;1;0;1;1;0;0;0;0;0;1;1;0;0;0;0;0;0;1;0;1;0;1;0;1;0;0;42.0618666666667
1;0;0;1;1;1;1;0;0;1;0;0;0;1;1;0;1;0;0;0;0;1;1;0;0;0;0;0;0;1;0;1;0;1;0;1;0;0;46.1374666666667
1;0;0;1;1;1;0;1;0;1;0;0;0;1;1;0;1;0;0;0;0;1;1;0;0;0;0;0;0;1;0;1;0;1;0;1;0;0;48.6833333333333
1;0;0;1;1;1;1;0;0;1;0;0;1;0;1;0;0;0;0;0;1;1;1;0;0;0;0;0;0;1;0;1;0;1;0;1;0;0;464.638533333333
1;0;0;1;1;1;0;1;0;1;0;0;1;0;1;0;0;0;0;0;1;1;1;0;0;0;0;0;0;1;0;1;0;1;0;1;0;0;480.4821
1;0;0;1;1;1;0;0;1;1;0;0;1;0;1;0;0;0;0;0;1;1;1;0;0;0;0;0;0;1;0;1;0;1;0;1;0;0;489.432633333333
1;0;0;1;1;1;0;1;0;1;0;0;1;0;1;1;0;0;0;0;0;1;1;0;0;0;0;0;0;1;0;0;1;1;0;1;0;0;37.3150333333333
1;0;0;1;1;1;0;1;0;1;0;0;1;0;1;0;0;0;0;0;1;1;1;0;0;0;0;0;0;1;0;0;1;1;0;1;0;0;472.915166666667
1;0;0;1;1;1;0;1;0;1;0;1;0;0;1;1;0;0;0;0;0;1;1;0;0;0;0;0;0;1;1;0;0;1;0;0;1;0;38.621
1;0;0;1;1;1;0;1;0;1;0;0;1;0;1;1;0;0;0;0;0;1;1;0;0;0;0;0;0;1;1;0;0;1;0;0;1;0;38.5393666666667
1;0;0;1;1;1;0;1;0;1;0;1;0;0;1;0;0;0;0;0;1;1;1;0;0;0;0;0;0;1;1;0;0;1;0;0;1;0;476.825033333333
1;0;0;1;1;1;0;1;0;1;0;0;1;0;1;0;0;0;0;0;1;1;1;0;0;0;0;0;0;1;1;0;0;1;0;0;1;0;475.6944
1;0;0;1;1;1;1;0;0;1;0;0;1;0;1;1;0;0;0;0;0;1;1;0;0;0;0;0;0;1;0;1;0;1;0;0;1;0;34.901
1;0;0;1;1;1;0;1;0;1;0;0;1;0;1;1;0;0;0;0;0;1;1;0;0;0;0;0;0;1;0;1;0;1;0;0;1;0;38.1139
1;0;0;1;1;1;0;0;1;1;0;0;1;0;1;1;0;0;0;0;0;1;1;0;0;0;0;0;0;1;0;1;0;1;0;0;1;0;42.3332666666667
1;0;0;1;1;1;1;0;0;1;0;0;1;0;1;0;0;0;0;0;1;1;1;0;0;0;0;0;0;1;0;1;0;1;0;0;1;0;474.55764
1;0;0;1;1;1;0;1;0;1;0;0;1;0;1;0;0;0;0;0;1;1;1;0;0;0;0;0;0;1;0;1;0;1;0;0;1;0;473.365666666667
1;0;0;1;1;1;0;0;1;1;0;0;1;0;1;0;0;0;0;0;1;1;1;0;0;0;0;0;0;1;0;1;0;1;0;0;1;0;480.4729
1;0;0;1;1;1;0;1;0;1;0;0;1;0;1;1;0;0;0;0;0;1;1;0;0;0;0;0;0;1;0;0;1;1;0;0;1;0;37.81572
1;0;0;1;1;1;0;1;0;1;0;0;1;0;1;0;0;0;0;0;1;1;1;0;0;0;0;0;0;1;0;0;1;1;0;0;1;0;481.766133333333
1;0;0;1;1;1;0;1;0;1;0;0;1;0;1;1;0;0;0;0;0;1;1;0;0;0;0;0;0;1;1;0;0;1;0;0;0;1;37.7871333333333
1;0;0;1;1;1;0;1;0;1;0;0;1;0;1;0;0;0;0;0;1;1;1;0;0;0;0;0;0;1;1;0;0;1;0;0;0;1;479.1428
1;0;0;1;1;1;0;1;0;1;0;0;1;0;1;1;0;0;0;0;0;1;1;0;0;0;0;0;0;1;0;1;0;1;0;0;0;1;39.5068666666667
1;0;0;1;1;1;0;0;1;1;0;0;1;0;1;1;0;0;0;0;0;1;1;0;0;0;0;0;0;1;0;1;0;1;0;0;0;1;41.4945333333333
1;0;0;1;1;1;1;0;0;1;0;0;1;0;1;0;0;0;0;0;1;1;1;0;0;0;0;0;0;1;0;1;0;1;0;0;0;1;481.382366666666
1;0;0;1;1;1;0;1;0;1;0;0;1;0;1;0;0;0;0;0;1;1;1;0;0;0;0;0;0;1;0;1;0;1;0;0;0;1;493.283
1;0;0;1;1;1;0;0;1;1;0;0;1;0;1;0;0;0;0;0;1;1;1;0;0;0;0;0;0;1;0;1;0;1;0;0;0;1;501.159466666667
1;0;0;1;1;1;0;1;0;1;0;0;1;0;1;1;0;0;0;0;0;1;1;0;0;0;0;0;0;1;0;0;1;1;0;0;0;1;37.1469666666667
1;0;0;1;1;1;0;1;0;1;0;0;1;0;1;0;0;0;0;0;1;1;1;0;0;0;0;0;0;1;0;0;1;1;0;0;0;1;490.5467
1;0;1;1;1;1;1;0;0;1;1;0;0;0;1;1;0;0;0;0;0;1;1;0;0;0;0;0;0;1;1;0;0;1;1;0;0;0;36.0606333333333
1;0;1;1;1;1;0;1;0;1;1;0;0;0;1;1;0;0;0;0;0;1;1;0;0;0;0;0;0;1;1;0;0;1;1;0;0;0;38.0623333333333
1;0;1;1;1;1;0;0;1;1;1;0;0;0;1;1;0;0;0;0;0;1;1;0;0;0;0;0;0;1;1;0;0;1;1;0;0;0;41.5170666666667
1;0;1;1;1;1;1;0;0;1;0;1;0;0;1;1;0;0;0;0;0;1;1;0;0;0;0;0;0;1;1;0;0;1;1;0;0;0;35.1008333333333
1;0;1;1;1;1;0;1;0;1;0;1;0;0;1;1;0;0;0;0;0;1;1;0;0;0;0;0;0;1;1;0;0;1;1;0;0;0;38.0745333333333
1;0;1;1;1;1;0;0;1;1;0;1;0;0;1;1;0;0;0;0;0;1;1;0;0;0;0;0;0;1;1;0;0;1;1;0;0;0;40.9843333333333
1;0;1;1;1;1;1;0;0;1;0;0;1;0;1;1;0;0;0;0;0;1;1;0;0;0;0;0;0;1;1;0;0;1;1;0;0;0;35.3243666666667
1;0;1;1;1;1;0;1;0;1;0;0;1;0;1;1;0;0;0;0;0;1;1;0;0;0;0;0;0;1;1;0;0;1;1;0;0;0;38.6373666666667
1;0;1;1;1;1;0;0;1;1;0;0;1;0;1;1;0;0;0;0;0;1;1;0;0;0;0;0;0;1;1;0;0;1;1;0;0;0;41.6798666666667
1;0;1;1;1;1;1;0;0;1;0;0;0;1;1;1;0;0;0;0;0;1;1;0;0;0;0;0;0;1;1;0;0;1;1;0;0;0;34.5724333333333
1;0;1;1;1;1;0;1;0;1;0;0;0;1;1;1;0;0;0;0;0;1;1;0;0;0;0;0;0;1;1;0;0;1;1;0;0;0;37.6640333333333
1;0;1;1;1;1;0;0;1;1;0;0;0;1;1;1;0;0;0;0;0;1;1;0;0;0;0;0;0;1;1;0;0;1;1;0;0;0;41.1442333333333
1;0;1;1;1;1;1;0;0;1;1;0;0;0;1;0;1;0;0;0;0;1;1;0;0;0;0;0;0;1;1;0;0;1;1;0;0;0;44.8981666666667
1;0;1;1;1;1;0;1;0;1;1;0;0;0;1;0;1;0;0;0;0;1;1;0;0;0;0;0;0;1;1;0;0;1;1;0;0;0;49.2459666666667
1;0;1;1;1;1;0;1;0;1;0;1;0;0;1;0;1;0;0;0;0;1;1;0;0;0;0;0;0;1;1;0;0;1;1;0;0;0;49.0821333333333
1;0;1;1;1;1;1;0;0;1;0;0;1;0;1;0;1;0;0;0;0;1;1;0;0;0;0;0;0;1;1;0;0;1;1;0;0;0;44.408
1;0;1;1;1;1;0;1;0;1;0;0;1;0;1;0;1;0;0;0;0;1;1;0;0;0;0;0;0;1;1;0;0;1;1;0;0;0;49.2144666666667
1;0;1;1;1;1;1;0;0;1;0;0;0;1;1;0;1;0;0;0;0;1;1;0;0;0;0;0;0;1;1;0;0;1;1;0;0;0;45.8421
1;0;1;1;1;1;0;1;0;1;0;0;0;1;1;0;1;0;0;0;0;1;1;0;0;0;0;0;0;1;1;0;0;1;1;0;0;0;48.4673
1;0;1;1;1;1;0;1;0;1;1;0;0;0;1;0;0;1;0;0;0;1;1;0;0;0;0;0;0;1;1;0;0;1;1;0;0;0;73.0331333333334
1;0;1;1;1;1;0;1;0;1;0;1;0;0;1;0;0;1;0;0;0;1;1;0;0;0;0;0;0;1;1;0;0;1;1;0;0;0;68.7433
1;0;1;1;1;1;0;1;0;1;0;0;1;0;1;0;0;1;0;0;0;1;1;0;0;0;0;0;0;1;1;0;0;1;1;0;0;0;69.7446
1;0;1;1;1;1;0;1;0;1;0;0;0;1;1;0;0;1;0;0;0;1;1;0;0;0;0;0;0;1;1;0;0;1;1;0;0;0;68.7129
1;0;1;1;1;1;0;1;0;1;1;0;0;0;1;0;0;0;1;0;0;1;1;0;0;0;0;0;0;1;1;0;0;1;1;0;0;0;100.411033333333
1;0;1;1;1;1;0;1;0;1;0;0;0;1;1;0;0;0;1;0;0;1;1;0;0;0;0;0;0;1;1;0;0;1;1;0;0;0;97.6172333333333
1;0;1;1;1;1;0;1;0;1;0;0;0;1;1;0;0;1;0;0;0;1;0;1;0;0;0;0;0;1;1;0;0;1;1;0;0;0;54.5733666666667
1;0;1;1;1;1;0;1;0;1;0;0;0;1;1;0;0;1;0;0;0;1;0;0;1;0;0;0;0;1;1;0;0;1;1;0;0;0;69.8877333333333
1;0;1;1;1;1;0;1;0;1;0;0;0;1;1;0;0;1;0;0;0;1;0;0;0;1;0;0;0;1;1;0;0;1;1;0;0;0;71.7846
1;0;1;1;1;1;0;1;0;1;0;0;0;1;1;0;0;1;0;0;0;1;0;0;0;0;1;0;0;1;1;0;0;1;1;0;0;0;71.2750666666667
1;0;1;1;1;1;0;1;0;1;1;0;0;0;1;0;0;1;0;0;0;1;0;0;0;0;0;1;0;1;1;0;0;1;1;0;0;0;74.8218666666667
1;0;1;1;1;1;1;0;0;1;0;0;0;1;1;0;0;1;0;0;0;1;0;0;0;0;0;1;0;1;1;0;0;1;1;0;0;0;75.3995333333333
1;0;1;1;1;1;0;1;0;1;0;0;0;1;1;0;0;1;0;0;0;1;0;0;0;0;0;1;0;1;1;0;0;1;1;0;0;0;71.5429333333333
1;0;1;1;1;1;0;0;1;1;0;0;0;1;1;0;0;1;0;0;0;1;0;0;0;0;0;1;0;1;1;0;0;1;1;0;0;0;68.8216333333333
1;0;1;1;1;1;1;0;0;1;0;0;0;1;1;0;1;0;0;0;0;1;0;0;0;0;0;0;1;1;1;0;0;1;1;0;0;0;42.8939333333333
1;0;1;1;1;1;0;1;0;1;0;0;0;1;1;0;1;0;0;0;0;1;0;0;0;0;0;0;1;1;1;0;0;1;1;0;0;0;43.7229
1;0;1;1;1;1;0;1;0;1;0;0;0;1;1;0;0;1;0;0;0;1;0;0;0;0;0;0;1;1;1;0;0;1;1;0;0;0;74.3562333333333
1;0;1;1;1;1;1;0;0;1;0;0;0;1;1;0;1;0;0;0;0;1;1;0;0;0;0;0;0;1;0;1;0;1;1;0;0;0;46.9141333333333
1;0;1;1;1;1;0;1;0;1;0;0;0;1;1;0;1;0;0;0;0;1;1;0;0;0;0;0;0;1;0;1;0;1;1;0;0;0;50.0582
1;0;1;1;1;1;0;1;0;1;0;0;0;1;1;0;0;1;0;0;0;1;1;0;0;0;0;0;0;1;0;1;0;1;1;0;0;0;69.4771666666667
1;0;1;1;1;1;0;1;0;1;0;0;0;1;1;0;0;1;0;0;0;1;0;1;0;0;0;0;0;1;0;1;0;1;1;0;0;0;57.7406666666667
1;0;1;1;1;1;0;1;0;1;0;0;0;1;1;0;0;1;0;0;0;1;0;0;1;0;0;0;0;1;0;1;0;1;1;0;0;0;72.8693
1;0;1;1;1;1;0;1;0;1;0;0;0;1;1;0;0;1;0;0;0;1;0;0;0;1;0;0;0;1;0;1;0;1;1;0;0;0;72.5256
1;0;1;1;1;1;0;1;0;1;0;0;0;1;1;0;0;1;0;0;0;1;0;0;0;0;1;0;0;1;0;1;0;1;1;0;0;0;75.4401
1;0;1;1;1;1;0;1;0;1;1;0;0;0;1;0;0;1;0;0;0;1;0;0;0;0;0;1;0;1;0;1;0;1;1;0;0;0;76.6712333333333
1;0;1;1;1;1;1;0;0;1;0;0;0;1;1;0;0;1;0;0;0;1;0;0;0;0;0;1;0;1;0;1;0;1;1;0;0;0;76.0486666666667
1;0;1;1;1;1;0;1;0;1;0;0;0;1;1;0;0;1;0;0;0;1;0;0;0;0;0;1;0;1;0;1;0;1;1;0;0;0;75.1280666666667
1;0;1;1;1;1;0;0;1;1;0;0;0;1;1;0;0;1;0;0;0;1;0;0;0;0;0;1;0;1;0;1;0;1;1;0;0;0;70.4759
1;0;1;1;1;1;0;1;0;1;0;0;0;1;1;0;0;1;0;0;0;1;0;0;0;0;0;0;1;1;0;1;0;1;1;0;0;0;70.8565333333333
1;0;1;1;1;1;0;1;0;1;0;0;0;1;1;0;0;1;0;0;0;1;1;0;0;0;0;0;0;1;0;0;1;1;1;0;0;0;71.5652666666667
1;0;1;1;1;1;0;1;0;1;0;0;0;1;1;0;0;1;0;0;0;1;0;1;0;0;0;0;0;1;0;0;1;1;1;0;0;0;54.2153333333333
1;0;1;1;1;1;0;1;0;1;0;0;0;1;1;0;0;1;0;0;0;1;0;0;1;0;0;0;0;1;0;0;1;1;1;0;0;0;74.4662666666667
1;0;1;1;1;1;0;1;0;1;0;0;0;1;1;0;0;1;0;0;0;1;0;0;0;1;0;0;0;1;0;0;1;1;1;0;0;0;71.7917
1;0;1;1;1;1;0;1;0;1;0;0;0;1;1;0;0;1;0;0;0;1;0;0;0;0;1;0;0;1;0;0;1;1;1;0;0;0;71.6068666666667
1;0;1;1;1;1;0;1;0;1;1;0;0;0;1;0;0;1;0;0;0;1;0;0;0;0;0;1;0;1;0;0;1;1;1;0;0;0;73.1292
1;0;1;1;1;1;1;0;0;1;0;0;0;1;1;0;0;1;0;0;0;1;0;0;0;0;0;1;0;1;0;0;1;1;1;0;0;0;73.3158
1;0;1;1;1;1;0;1;0;1;0;0;0;1;1;0;0;1;0;0;0;1;0;0;0;0;0;1;0;1;0;0;1;1;1;0;0;0;72.8357
1;0;1;1;1;1;0;0;1;1;0;0;0;1;1;0;0;1;0;0;0;1;0;0;0;0;0;1;0;1;0;0;1;1;1;0;0;0;70.2608333333333
1;0;1;1;1;1;0;1;0;1;0;0;0;1;1;0;0;1;0;0;0;1;0;0;0;0;0;0;1;1;0;0;1;1;1;0;0;0;74.4899666666667
1;0;1;1;1;1;0;1;0;1;0;0;1;0;1;1;0;0;0;0;0;1;1;0;0;0;0;0;0;1;1;0;0;1;0;1;0;0;36.9515666666667
1;0;1;1;1;1;1;0;0;1;0;0;0;1;1;0;1;0;0;0;0;1;1;0;0;0;0;0;0;1;1;0;0;1;0;1;0;0;46.5831666666667
1;0;1;1;1;1;0;1;0;1;0;0;0;1;1;0;1;0;0;0;0;1;1;0;0;0;0;0;0;1;1;0;0;1;0;1;0;0;48.0877333333333
1;0;1;1;1;1;0;1;0;1;0;0;1;0;1;0;0;0;0;0;1;1;1;0;0;0;0;0;0;1;1;0;0;1;0;1;0;0;481.638133333333
1;0;1;1;1;1;1;0;0;1;0;0;1;0;1;1;0;0;0;0;0;1;1;0;0;0;0;0;0;1;0;1;0;1;0;1;0;0;35.5241666666667
1;0;1;1;1;1;0;1;0;1;0;0;1;0;1;1;0;0;0;0;0;1;1;0;0;0;0;0;0;1;0;1;0;1;0;1;0;0;39.6744
1;0;1;1;1;1;0;0;1;1;0;0;1;0;1;1;0;0;0;0;0;1;1;0;0;0;0;0;0;1;0;1;0;1;0;1;0;0;42.9204
1;0;1;1;1;1;1;0;0;1;0;0;0;1;1;0;1;0;0;0;0;1;1;0;0;0;0;0;0;1;0;1;0;1;0;1;0;0;46.2150666666667
1;0;1;1;1;1;0;1;0;1;0;0;0;1;1;0;1;0;0;0;0;1;1;0;0;0;0;0;0;1;0;1;0;1;0;1;0;0;49.0568
1;0;1;1;1;1;1;0;0;1;0;0;1;0;1;0;0;0;0;0;1;1;1;0;0;0;0;0;0;1;0;1;0;1;0;1;0;0;490.4838
1;0;1;1;1;1;0;1;0;1;0;0;1;0;1;0;0;0;0;0;1;1;1;0;0;0;0;0;0;1;0;1;0;1;0;1;0;0;492.046233333333
1;0;1;1;1;1;0;0;1;1;0;0;1;0;1;0;0;0;0;0;1;1;1;0;0;0;0;0;0;1;0;1;0;1;0;1;0;0;490.252733333333
1;0;1;1;1;1;0;1;0;1;0;0;1;0;1;1;0;0;0;0;0;1;1;0;0;0;0;0;0;1;0;0;1;1;0;1;0;0;37.5692
1;0;1;1;1;1;0;1;0;1;0;0;1;0;1;0;0;0;0;0;1;1;1;0;0;0;0;0;0;1;0;0;1;1;0;1;0;0;488.731066666667
1;0;1;1;1;1;0;1;0;1;0;1;0;0;1;1;0;0;0;0;0;1;1;0;0;0;0;0;0;1;1;0;0;1;0;0;1;0;38.4071666666667
1;0;1;1;1;1;0;1;0;1;0;0;1;0;1;1;0;0;0;0;0;1;1;0;0;0;0;0;0;1;1;0;0;1;0;0;1;0;37.3141333333333
1;0;1;1;1;1;0;1;0;1;0;1;0;0;1;0;0;0;0;0;1;1;1;0;0;0;0;0;0;1;1;0;0;1;0;0;1;0;512.9782
1;0;1;1;1;1;0;1;0;1;0;0;1;0;1;0;0;0;0;0;1;1;1;0;0;0;0;0;0;1;1;0;0;1;0;0;1;0;495.602666666667
1;0;1;1;1;1;1;0;0;1;0;0;1;0;1;1;0;0;0;0;0;1;1;0;0;0;0;0;0;1;0;1;0;1;0;0;1;0;35.2569333333333
1;0;1;1;1;1;0;1;0;1;0;0;1;0;1;1;0;0;0;0;0;1;1;0;0;0;0;0;0;1;0;1;0;1;0;0;1;0;38.3227333333333
1;0;1;1;1;1;0;0;1;1;0;0;1;0;1;1;0;0;0;0;0;1;1;0;0;0;0;0;0;1;0;1;0;1;0;0;1;0;42.6686
1;0;1;1;1;1;1;0;0;1;0;0;1;0;1;0;0;0;0;0;1;1;1;0;0;0;0;0;0;1;0;1;0;1;0;0;1;0;486.829933333333
1;0;1;1;1;1;0;1;0;1;0;0;1;0;1;0;0;0;0;0;1;1;1;0;0;0;0;0;0;1;0;1;0;1;0;0;1;0;497.260366666667
1;0;1;1;1;1;0;0;1;1;0;0;1;0;1;0;0;0;0;0;1;1;1;0;0;0;0;0;0;1;0;1;0;1;0;0;1;0;504.1479
1;0;1;1;1;1;0;1;0;1;0;0;1;0;1;1;0;0;0;0;0;1;1;0;0;0;0;0;0;1;0;0;1;1;0;0;1;0;38.3746666666667
1;0;1;1;1;1;0;1;0;1;0;0;1;0;1;0;0;0;0;0;1;1;1;0;0;0;0;0;0;1;0;0;1;1;0;0;1;0;486.597133333333
1;0;1;1;1;1;0;1;0;1;0;0;1;0;1;1;0;0;0;0;0;1;1;0;0;0;0;0;0;1;1;0;0;1;0;0;0;1;38.4189666666667
1;0;1;1;1;1;0;1;0;1;0;0;1;0;1;0;0;0;0;0;1;1;1;0;0;0;0;0;0;1;1;0;0;1;0;0;0;1;475.854266666667
1;0;1;1;1;1;0;1;0;1;0;0;1;0;1;1;0;0;0;0;0;1;1;0;0;0;0;0;0;1;0;1;0;1;0;0;0;1;38.2816333333333
1;0;1;1;1;1;0;0;1;1;0;0;1;0;1;1;0;0;0;0;0;1;1;0;0;0;0;0;0;1;0;1;0;1;0;0;0;1;41.6254333333333
1;0;1;1;1;1;0;1;0;1;0;0;1;0;1;0;0;0;0;0;1;1;1;0;0;0;0;0;0;1;0;1;0;1;0;0;0;1;489.985666666667
1;0;1;1;1;1;0;0;1;1;0;0;1;0;1;0;0;0;0;0;1;1;1;0;0;0;0;0;0;1;0;1;0;1;0;0;0;1;501.4236
1;0;1;1;1;1;0;1;0;1;0;0;1;0;1;1;0;0;0;0;0;1;1;0;0;0;0;0;0;1;0;0;1;1;0;0;0;1;38.1908666666667
1;0;1;1;1;1;0;1;0;1;0;0;1;0;1;0;0;0;0;0;1;1;1;0;0;0;0;0;0;1;0;0;1;1;0;0;0;1;491.620933333334
0;1;0;0;1;1;1;0;0;1;1;0;0;0;1;1;0;0;0;0;0;1;1;0;0;0;0;0;0;1;1;0;0;1;1;0;0;0;23.25164
0;1;0;0;1;1;0;1;0;1;1;0;0;0;1;1;0;0;0;0;0;1;1;0;0;0;0;0;0;1;1;0;0;1;1;0;0;0;26.05432
0;1;0;0;1;1;0;0;1;1;1;0;0;0;1;1;0;0;0;0;0;1;1;0;0;0;0;0;0;1;1;0;0;1;1;0;0;0;22.29776
0;1;0;0;1;1;1;0;0;1;0;1;0;0;1;1;0;0;0;0;0;1;1;0;0;0;0;0;0;1;1;0;0;1;1;0;0;0;24.65034
0;1;0;0;1;1;0;1;0;1;0;1;0;0;1;1;0;0;0;0;0;1;1;0;0;0;0;0;0;1;1;0;0;1;1;0;0;0;21.54752
0;1;0;0;1;1;0;0;1;1;0;1;0;0;1;1;0;0;0;0;0;1;1;0;0;0;0;0;0;1;1;0;0;1;1;0;0;0;23.5271666666667
0;1;0;0;1;1;1;0;0;1;0;0;1;0;1;1;0;0;0;0;0;1;1;0;0;0;0;0;0;1;1;0;0;1;1;0;0;0;23.0192
0;1;0;0;1;1;0;1;0;1;0;0;1;0;1;1;0;0;0;0;0;1;1;0;0;0;0;0;0;1;1;0;0;1;1;0;0;0;23.4183666666667
0;1;0;0;1;1;0;0;1;1;0;0;1;0;1;1;0;0;0;0;0;1;1;0;0;0;0;0;0;1;1;0;0;1;1;0;0;0;21.73464
0;1;0;0;1;1;1;0;0;1;0;0;0;1;1;1;0;0;0;0;0;1;1;0;0;0;0;0;0;1;1;0;0;1;1;0;0;0;23.8709666666667
0;1;0;0;1;1;0;1;0;1;0;0;0;1;1;1;0;0;0;0;0;1;1;0;0;0;0;0;0;1;1;0;0;1;1;0;0;0;24.5679333333333
0;1;0;0;1;1;0;0;1;1;0;0;0;1;1;1;0;0;0;0;0;1;1;0;0;0;0;0;0;1;1;0;0;1;1;0;0;0;22.6277
0;1;0;0;1;1;1;0;0;1;1;0;0;0;1;0;1;0;0;0;0;1;1;0;0;0;0;0;0;1;1;0;0;1;1;0;0;0;26.86644
0;1;0;0;1;1;0;1;0;1;1;0;0;0;1;0;1;0;0;0;0;1;1;0;0;0;0;0;0;1;1;0;0;1;1;0;0;0;18.9359333333333
0;1;0;0;1;1;1;0;0;1;0;1;0;0;1;0;1;0;0;0;0;1;1;0;0;0;0;0;0;1;1;0;0;1;1;0;0;0;19.5871
0;1;0;0;1;1;0;1;0;1;0;1;0;0;1;0;1;0;0;0;0;1;1;0;0;0;0;0;0;1;1;0;0;1;1;0;0;0;20.36302
0;1;0;0;1;1;1;0;0;1;0;0;1;0;1;0;1;0;0;0;0;1;1;0;0;0;0;0;0;1;1;0;0;1;1;0;0;0;19.7277
0;1;0;0;1;1;0;1;0;1;0;0;1;0;1;0;1;0;0;0;0;1;1;0;0;0;0;0;0;1;1;0;0;1;1;0;0;0;19.4292333333333
0;1;0;0;1;1;0;0;1;1;0;0;1;0;1;0;1;0;0;0;0;1;1;0;0;0;0;0;0;1;1;0;0;1;1;0;0;0;18.1849666666667
0;1;0;0;1;1;1;0;0;1;0;0;0;1;1;0;1;0;0;0;0;1;1;0;0;0;0;0;0;1;1;0;0;1;1;0;0;0;18.99494
0;1;0;0;1;1;0;1;0;1;0;0;0;1;1;0;1;0;0;0;0;1;1;0;0;0;0;0;0;1;1;0;0;1;1;0;0;0;21.41062
0;1;0;0;1;1;0;1;0;1;1;0;0;0;1;0;0;1;0;0;0;1;1;0;0;0;0;0;0;1;1;0;0;1;1;0;0;0;26.3860333333333
0;1;0;0;1;1;0;1;0;1;0;1;0;0;1;0;0;1;0;0;0;1;1;0;0;0;0;0;0;1;1;0;0;1;1;0;0;0;26.1462333333333
0;1;0;0;1;1;0;1;0;1;0;0;1;0;1;0;0;1;0;0;0;1;1;0;0;0;0;0;0;1;1;0;0;1;1;0;0;0;23.9789
0;1;0;0;1;1;0;1;0;1;0;0;0;1;1;0;0;1;0;0;0;1;1;0;0;0;0;0;0;1;1;0;0;1;1;0;0;0;24.8555333333333
0;1;0;0;1;1;0;1;0;1;1;0;0;0;1;0;0;0;1;0;0;1;1;0;0;0;0;0;0;1;1;0;0;1;1;0;0;0;25.1162333333333
0;1;0;0;1;1;0;1;0;1;0;0;1;0;1;0;0;0;1;0;0;1;1;0;0;0;0;0;0;1;1;0;0;1;1;0;0;0;22.4111666666667
0;1;0;0;1;1;0;1;0;1;0;0;0;1;1;0;0;0;1;0;0;1;1;0;0;0;0;0;0;1;1;0;0;1;1;0;0;0;23.4181333333333
0;1;0;0;1;1;0;1;0;1;0;0;0;1;1;0;0;0;0;0;1;1;1;0;0;0;0;0;0;1;1;0;0;1;1;0;0;0;60.29214
0;1;0;0;1;1;0;1;0;1;1;0;0;0;1;1;0;0;0;0;0;1;0;1;0;0;0;0;0;1;1;0;0;1;1;0;0;0;22.75832
0;1;0;0;1;1;0;1;0;1;0;0;0;1;1;0;0;1;0;0;0;1;0;1;0;0;0;0;0;1;1;0;0;1;1;0;0;0;18.25682
0;1;0;0;1;1;0;1;0;1;0;0;0;1;1;0;0;1;0;0;0;1;0;0;1;0;0;0;0;1;1;0;0;1;1;0;0;0;23.44478
0;1;0;0;1;1;0;1;0;1;1;0;0;0;1;0;0;1;0;0;0;1;0;0;0;1;0;0;0;1;1;0;0;1;1;0;0;0;26.7594333333333
0;1;0;0;1;1;0;1;0;1;0;0;0;1;1;0;0;1;0;0;0;1;0;0;0;1;0;0;0;1;1;0;0;1;1;0;0;0;25.60664
0;1;0;0;1;1;0;1;0;1;0;0;0;1;1;0;0;1;0;0;0;1;0;0;0;0;1;0;0;1;1;0;0;1;1;0;0;0;25.6772666666667
0;1;0;0;1;1;0;1;0;1;1;0;0;0;1;0;0;1;0;0;0;1;0;0;0;0;0;1;0;1;1;0;0;1;1;0;0;0;24.4017333333333
0;1;0;0;1;1;0;1;0;1;0;0;1;0;1;0;0;1;0;0;0;1;0;0;0;0;0;1;0;1;1;0;0;1;1;0;0;0;27.30686
0;1;0;0;1;1;1;0;0;1;0;0;0;1;1;0;0;1;0;0;0;1;0;0;0;0;0;1;0;1;1;0;0;1;1;0;0;0;23.1305666666667
0;1;0;0;1;1;0;1;0;1;0;0;0;1;1;0;0;1;0;0;0;1;0;0;0;0;0;1;0;1;1;0;0;1;1;0;0;0;26.3780333333333
0;1;0;0;1;1;0;0;1;1;0;0;0;1;1;0;0;1;0;0;0;1;0;0;0;0;0;1;0;1;1;0;0;1;1;0;0;0;23.6976666666667
0;1;0;0;1;1;1;0;0;1;0;0;0;1;1;0;1;0;0;0;0;1;0;0;0;0;0;0;1;1;1;0;0;1;1;0;0;0;25.9585666666667
0;1;0;0;1;1;0;1;0;1;0;0;0;1;1;0;1;0;0;0;0;1;0;0;0;0;0;0;1;1;1;0;0;1;1;0;0;0;28.08862
0;1;0;0;1;1;0;1;0;1;0;0;0;1;1;0;0;1;0;0;0;1;0;0;0;0;0;0;1;1;1;0;0;1;1;0;0;0;26.6335
0;1;0;0;1;1;1;0;0;1;1;0;0;0;1;0;1;0;0;0;0;1;1;0;0;0;0;0;0;1;0;1;0;1;1;0;0;0;18.6215
0;1;0;0;1;1;0;1;0;1;1;0;0;0;1;0;1;0;0;0;0;1;1;0;0;0;0;0;0;1;0;1;0;1;1;0;0;0;21.67696
0;1;0;0;1;1;1;0;0;1;0;0;0;1;1;0;1;0;0;0;0;1;1;0;0;0;0;0;0;1;0;1;0;1;1;0;0;0;21.4179666666667
0;1;0;0;1;1;0;1;0;1;0;0;0;1;1;0;1;0;0;0;0;1;1;0;0;0;0;0;0;1;0;1;0;1;1;0;0;0;19.7463333333333
0;1;0;0;1;1;0;1;0;1;1;0;0;0;1;0;0;1;0;0;0;1;1;0;0;0;0;0;0;1;0;1;0;1;1;0;0;0;27.3174
0;1;0;0;1;1;0;1;0;1;0;0;0;1;1;0;0;1;0;0;0;1;1;0;0;0;0;0;0;1;0;1;0;1;1;0;0;0;27.0167333333333
0;1;0;0;1;1;0;1;0;1;0;0;0;1;1;0;0;1;0;0;0;1;0;1;0;0;0;0;0;1;0;1;0;1;1;0;0;0;20.0319333333333
0;1;0;0;1;1;0;1;0;1;0;0;0;1;1;0;0;1;0;0;0;1;0;0;1;0;0;0;0;1;0;1;0;1;1;0;0;0;27.7066
0;1;0;0;1;1;0;1;0;1;0;0;0;1;1;0;0;1;0;0;0;1;0;0;0;1;0;0;0;1;0;1;0;1;1;0;0;0;29.069
0;1;0;0;1;1;0;1;0;1;0;0;0;1;1;0;0;1;0;0;0;1;0;0;0;0;1;0;0;1;0;1;0;1;1;0;0;0;26.84594
0;1;0;0;1;1;0;1;0;1;1;0;0;0;1;0;0;1;0;0;0;1;0;0;0;0;0;1;0;1;0;1;0;1;1;0;0;0;25.54296
0;1;0;0;1;1;0;1;0;1;0;0;1;0;1;0;0;1;0;0;0;1;0;0;0;0;0;1;0;1;0;1;0;1;1;0;0;0;24.7176333333333
0;1;0;0;1;1;1;0;0;1;0;0;0;1;1;0;0;1;0;0;0;1;0;0;0;0;0;1;0;1;0;1;0;1;1;0;0;0;25.4466
0;1;0;0;1;1;0;1;0;1;0;0;0;1;1;0;0;1;0;0;0;1;0;0;0;0;0;1;0;1;0;1;0;1;1;0;0;0;26.8398333333333
0;1;0;0;1;1;0;0;1;1;0;0;0;1;1;0;0;1;0;0;0;1;0;0;0;0;0;1;0;1;0;1;0;1;1;0;0;0;26.9593666666667
0;1;0;0;1;1;0;1;0;1;0;0;0;1;1;0;0;1;0;0;0;1;0;0;0;0;0;0;1;1;0;1;0;1;1;0;0;0;26.43502
0;1;0;0;1;1;0;1;0;1;1;0;0;0;1;0;0;1;0;0;0;1;1;0;0;0;0;0;0;1;0;0;1;1;1;0;0;0;26.34296
0;1;0;0;1;1;0;1;0;1;0;0;0;1;1;0;0;1;0;0;0;1;1;0;0;0;0;0;0;1;0;0;1;1;1;0;0;0;26.1415
0;1;0;0;1;1;0;1;0;1;0;0;0;1;1;0;0;1;0;0;0;1;0;1;0;0;0;0;0;1;0;0;1;1;1;0;0;0;18.4950666666667
0;1;0;0;1;1;0;1;0;1;0;0;0;1;1;0;0;1;0;0;0;1;0;0;1;0;0;0;0;1;0;0;1;1;1;0;0;0;21.0939333333333
0;1;0;0;1;1;0;1;0;1;0;0;0;1;1;0;0;1;0;0;0;1;0;0;0;1;0;0;0;1;0;0;1;1;1;0;0;0;27.20708
0;1;0;0;1;1;0;1;0;1;0;0;0;1;1;0;0;1;0;0;0;1;0;0;0;0;1;0;0;1;0;0;1;1;1;0;0;0;23.46686
0;1;0;0;1;1;0;1;0;1;1;0;0;0;1;0;0;1;0;0;0;1;0;0;0;0;0;1;0;1;0;0;1;1;1;0;0;0;25.8497
0;1;0;0;1;1;0;1;0;1;0;1;0;0;1;0;0;1;0;0;0;1;0;0;0;0;0;1;0;1;0;0;1;1;1;0;0;0;24.53902
0;1;0;0;1;1;1;0;0;1;0;0;0;1;1;0;0;1;0;0;0;1;0;0;0;0;0;1;0;1;0;0;1;1;1;0;0;0;24.63864
0;1;0;0;1;1;0;1;0;1;0;0;0;1;1;0;0;1;0;0;0;1;0;0;0;0;0;1;0;1;0;0;1;1;1;0;0;0;25.8999
0;1;0;0;1;1;0;0;1;1;0;0;0;1;1;0;0;1;0;0;0;1;0;0;0;0;0;1;0;1;0;0;1;1;1;0;0;0;25.29566
0;1;0;0;1;1;0;1;0;1;0;0;0;1;1;0;0;1;0;0;0;1;0;0;0;0;0;0;1;1;0;0;1;1;1;0;0;0;25.6453333333333
0;1;0;0;1;1;0;1;0;1;0;0;1;0;1;1;0;0;0;0;0;1;1;0;0;0;0;0;0;1;1;0;0;1;0;1;0;0;22.67002
0;1;0;0;1;1;1;0;0;1;0;0;0;1;1;0;1;0;0;0;0;1;1;0;0;0;0;0;0;1;1;0;0;1;0;1;0;0;20.31916
0;1;0;0;1;1;0;1;0;1;0;0;0;1;1;0;1;0;0;0;0;1;1;0;0;0;0;0;0;1;1;0;0;1;0;1;0;0;19.9886
0;1;0;0;1;1;0;1;0;1;0;0;1;0;1;0;0;0;0;0;1;1;1;0;0;0;0;0;0;1;1;0;0;1;0;1;0;0;49.3025666666667
0;1;0;0;1;1;1;0;0;1;0;0;0;1;1;0;1;0;0;0;0;1;0;0;0;0;0;0;1;1;1;0;0;1;0;1;0;0;26.31274
0;1;0;0;1;1;0;1;0;1;0;0;0;1;1;0;1;0;0;0;0;1;0;0;0;0;0;0;1;1;1;0;0;1;0;1;0;0;28.87048
0;1;0;0;1;1;1;0;0;1;0;0;1;0;1;1;0;0;0;0;0;1;1;0;0;0;0;0;0;1;0;1;0;1;0;1;0;0;24.1704333333333
0;1;0;0;1;1;0;1;0;1;0;0;1;0;1;1;0;0;0;0;0;1;1;0;0;0;0;0;0;1;0;1;0;1;0;1;0;0;23.3380333333333
0;1;0;0;1;1;0;0;1;1;0;0;1;0;1;1;0;0;0;0;0;1;1;0;0;0;0;0;0;1;0;1;0;1;0;1;0;0;23.2425
0;1;0;0;1;1;1;0;0;1;0;0;0;1;1;0;1;0;0;0;0;1;1;0;0;0;0;0;0;1;0;1;0;1;0;1;0;0;28.9613666666667
0;1;0;0;1;1;0;1;0;1;0;0;0;1;1;0;1;0;0;0;0;1;1;0;0;0;0;0;0;1;0;1;0;1;0;1;0;0;19.6859333333333
0;1;0;0;1;1;1;0;0;1;0;0;1;0;1;0;0;0;0;0;1;1;1;0;0;0;0;0;0;1;0;1;0;1;0;1;0;0;56.92968
0;1;0;0;1;1;0;1;0;1;0;0;1;0;1;0;0;0;0;0;1;1;1;0;0;0;0;0;0;1;0;1;0;1;0;1;0;0;49.5234666666667
0;1;0;0;1;1;0;0;1;1;0;0;1;0;1;0;0;0;0;0;1;1;1;0;0;0;0;0;0;1;0;1;0;1;0;1;0;0;48.6065666666667
0;1;0;0;1;1;0;1;0;1;0;0;1;0;1;1;0;0;0;0;0;1;1;0;0;0;0;0;0;1;0;0;1;1;0;1;0;0;20.99472
0;1;0;0;1;1;0;1;0;1;0;0;1;0;1;0;0;0;0;0;1;1;1;0;0;0;0;0;0;1;0;0;1;1;0;1;0;0;49.3766666666667
0;1;0;0;1;1;0;1;0;1;0;1;0;0;1;1;0;0;0;0;0;1;1;0;0;0;0;0;0;1;1;0;0;1;0;0;1;0;24.2289
0;1;0;0;1;1;0;1;0;1;0;0;1;0;1;1;0;0;0;0;0;1;1;0;0;0;0;0;0;1;1;0;0;1;0;0;1;0;24.46476
0;1;0;0;1;1;0;1;0;1;0;1;0;0;1;0;0;0;0;0;1;1;1;0;0;0;0;0;0;1;1;0;0;1;0;0;1;0;57.36622
0;1;0;0;1;1;0;1;0;1;0;0;1;0;1;0;0;0;0;0;1;1;1;0;0;0;0;0;0;1;1;0;0;1;0;0;1;0;48.2241333333333
0;1;0;0;1;1;1;0;0;1;0;0;1;0;1;1;0;0;0;0;0;1;1;0;0;0;0;0;0;1;0;1;0;1;0;0;1;0;23.168
0;1;0;0;1;1;0;1;0;1;0;0;1;0;1;1;0;0;0;0;0;1;1;0;0;0;0;0;0;1;0;1;0;1;0;0;1;0;24.79562
0;1;0;0;1;1;0;0;1;1;0;0;1;0;1;1;0;0;0;0;0;1;1;0;0;0;0;0;0;1;0;1;0;1;0;0;1;0;24.1206333333333
0;1;0;0;1;1;1;0;0;1;0;0;1;0;1;0;0;0;0;0;1;1;1;0;0;0;0;0;0;1;0;1;0;1;0;0;1;0;48.1403
0;1;0;0;1;1;0;1;0;1;0;0;1;0;1;0;0;0;0;0;1;1;1;0;0;0;0;0;0;1;0;1;0;1;0;0;1;0;50.0131333333333
0;1;0;0;1;1;0;0;1;1;0;0;1;0;1;0;0;0;0;0;1;1;1;0;0;0;0;0;0;1;0;1;0;1;0;0;1;0;50.7225
0;1;0;0;1;1;0;1;0;1;0;0;1;0;1;1;0;0;0;0;0;1;1;0;0;0;0;0;0;1;0;0;1;1;0;0;1;0;23.57934
0;1;0;0;1;1;0;1;0;1;0;0;1;0;1;0;0;0;0;0;1;1;1;0;0;0;0;0;0;1;0;0;1;1;0;0;1;0;54.08752
0;1;0;0;1;1;0;1;0;1;0;0;1;0;1;1;0;0;0;0;0;1;1;0;0;0;0;0;0;1;1;0;0;1;0;0;0;1;23.9563333333333
0;1;0;0;1;1;0;1;0;1;0;0;1;0;1;0;0;0;0;0;1;1;1;0;0;0;0;0;0;1;1;0;0;1;0;0;0;1;53.2202333333333
0;1;0;0;1;1;1;0;0;1;0;0;1;0;1;1;0;0;0;0;0;1;1;0;0;0;0;0;0;1;0;1;0;1;0;0;0;1;22.24804
0;1;0;0;1;1;0;1;0;1;0;0;1;0;1;1;0;0;0;0;0;1;1;0;0;0;0;0;0;1;0;1;0;1;0;0;0;1;23.80108
0;1;0;0;1;1;0;0;1;1;0;0;1;0;1;1;0;0;0;0;0;1;1;0;0;0;0;0;0;1;0;1;0;1;0;0;0;1;20.82344
0;1;0;0;1;1;1;0;0;1;0;0;1;0;1;0;0;0;0;0;1;1;1;0;0;0;0;0;0;1;0;1;0;1;0;0;0;1;49.38328
0;1;0;0;1;1;0;1;0;1;0;0;1;0;1;0;0;0;0;0;1;1;1;0;0;0;0;0;0;1;0;1;0;1;0;0;0;1;56.1507
0;1;0;0;1;1;0;0;1;1;0;0;1;0;1;0;0;0;0;0;1;1;1;0;0;0;0;0;0;1;0;1;0;1;0;0;0;1;50.48182
0;1;0;0;1;1;0;1;0;1;0;0;1;0;1;1;0;0;0;0;0;1;1;0;0;0;0;0;0;1;0;0;1;1;0;0;0;1;25.38184
0;1;0;0;1;1;0;1;0;1;0;0;1;0;1;0;0;0;0;0;1;1;1;0;0;0;0;0;0;1;0;0;1;1;0;0;0;1;47.3392
0;1;0;1;1;1;1;0;0;1;1;0;0;0;1;1;0;0;0;0;0;1;1;0;0;0;0;0;0;1;1;0;0;1;1;0;0;0;32.2284
0;1;0;1;1;1;0;1;0;1;1;0;0;0;1;1;0;0;0;0;0;1;1;0;0;0;0;0;0;1;1;0;0;1;1;0;0;0;32.6849
0;1;0;1;1;1;0;0;1;1;1;0;0;0;1;1;0;0;0;0;0;1;1;0;0;0;0;0;0;1;1;0;0;1;1;0;0;0;34.6629333333333
0;1;0;1;1;1;1;0;0;1;0;1;0;0;1;1;0;0;0;0;0;1;1;0;0;0;0;0;0;1;1;0;0;1;1;0;0;0;34.7973333333333
0;1;0;1;1;1;0;1;0;1;0;1;0;0;1;1;0;0;0;0;0;1;1;0;0;0;0;0;0;1;1;0;0;1;1;0;0;0;32.4797
0;1;0;1;1;1;0;0;1;1;0;1;0;0;1;1;0;0;0;0;0;1;1;0;0;0;0;0;0;1;1;0;0;1;1;0;0;0;33.5929666666667
0;1;0;1;1;1;1;0;0;1;0;0;1;0;1;1;0;0;0;0;0;1;1;0;0;0;0;0;0;1;1;0;0;1;1;0;0;0;33.0544333333333
0;1;0;1;1;1;0;1;0;1;0;0;1;0;1;1;0;0;0;0;0;1;1;0;0;0;0;0;0;1;1;0;0;1;1;0;0;0;33.5387
0;1;0;1;1;1;0;0;1;1;0;0;1;0;1;1;0;0;0;0;0;1;1;0;0;0;0;0;0;1;1;0;0;1;1;0;0;0;34.4732333333333
0;1;0;1;1;1;1;0;0;1;0;0;0;1;1;1;0;0;0;0;0;1;1;0;0;0;0;0;0;1;1;0;0;1;1;0;0;0;33.2038333333333
0;1;0;1;1;1;0;1;0;1;0;0;0;1;1;1;0;0;0;0;0;1;1;0;0;0;0;0;0;1;1;0;0;1;1;0;0;0;33.405
0;1;0;1;1;1;0;0;1;1;0;0;0;1;1;1;0;0;0;0;0;1;1;0;0;0;0;0;0;1;1;0;0;1;1;0;0;0;32.9144666666667
0;1;0;1;1;1;1;0;0;1;1;0;0;0;1;0;1;0;0;0;0;1;1;0;0;0;0;0;0;1;1;0;0;1;1;0;0;0;42.2235
0;1;0;1;1;1;0;1;0;1;1;0;0;0;1;0;1;0;0;0;0;1;1;0;0;0;0;0;0;1;1;0;0;1;1;0;0;0;45.3726333333333
0;1;0;1;1;1;1;0;0;1;0;1;0;0;1;0;1;0;0;0;0;1;1;0;0;0;0;0;0;1;1;0;0;1;1;0;0;0;41.9272
0;1;0;1;1;1;0;1;0;1;0;1;0;0;1;0;1;0;0;0;0;1;1;0;0;0;0;0;0;1;1;0;0;1;1;0;0;0;41.8923
0;1;0;1;1;1;1;0;0;1;0;0;1;0;1;0;1;0;0;0;0;1;1;0;0;0;0;0;0;1;1;0;0;1;1;0;0;0;41.7411333333333
0;1;0;1;1;1;0;1;0;1;0;0;1;0;1;0;1;0;0;0;0;1;1;0;0;0;0;0;0;1;1;0;0;1;1;0;0;0;44.7416333333333
0;1;0;1;1;1;0;0;1;1;0;0;1;0;1;0;1;0;0;0;0;1;1;0;0;0;0;0;0;1;1;0;0;1;1;0;0;0;43.8443333333333
0;1;0;1;1;1;1;0;0;1;0;0;0;1;1;0;1;0;0;0;0;1;1;0;0;0;0;0;0;1;1;0;0;1;1;0;0;0;43.3726333333333
0;1;0;1;1;1;0;1;0;1;0;0;0;1;1;0;1;0;0;0;0;1;1;0;0;0;0;0;0;1;1;0;0;1;1;0;0;0;41.6405
0;1;0;1;1;1;0;1;0;1;1;0;0;0;1;0;0;1;0;0;0;1;1;0;0;0;0;0;0;1;1;0;0;1;1;0;0;0;63.7126333333333
0;1;0;1;1;1;0;1;0;1;0;1;0;0;1;0;0;1;0;0;0;1;1;0;0;0;0;0;0;1;1;0;0;1;1;0;0;0;66.1744
0;1;0;1;1;1;0;1;0;1;0;0;1;0;1;0;0;1;0;0;0;1;1;0;0;0;0;0;0;1;1;0;0;1;1;0;0;0;65.4963666666667
0;1;0;1;1;1;0;1;0;1;0;0;0;1;1;0;0;1;0;0;0;1;1;0;0;0;0;0;0;1;1;0;0;1;1;0;0;0;66.3730666666667
0;1;0;1;1;1;0;1;0;1;1;0;0;0;1;0;0;0;1;0;0;1;1;0;0;0;0;0;0;1;1;0;0;1;1;0;0;0;92.8768
0;1;0;1;1;1;0;1;0;1;0;0;0;1;1;0;0;0;1;0;0;1;1;0;0;0;0;0;0;1;1;0;0;1;1;0;0;0;95.6799333333333
0;1;0;1;1;1;0;1;0;1;0;0;0;1;1;0;0;1;0;0;0;1;0;1;0;0;0;0;0;1;1;0;0;1;1;0;0;0;38.92762
0;1;0;1;1;1;0;1;0;1;0;0;0;1;1;0;0;1;0;0;0;1;0;0;1;0;0;0;0;1;1;0;0;1;1;0;0;0;63.7850666666667
0;1;0;1;1;1;0;1;0;1;0;0;0;1;1;0;0;1;0;0;0;1;0;0;0;1;0;0;0;1;1;0;0;1;1;0;0;0;66.9498666666667
0;1;0;1;1;1;0;1;0;1;0;0;0;1;1;0;0;1;0;0;0;1;0;0;0;0;1;0;0;1;1;0;0;1;1;0;0;0;69.8754
0;1;0;1;1;1;0;1;0;1;1;0;0;0;1;0;0;1;0;0;0;1;0;0;0;0;0;1;0;1;1;0;0;1;1;0;0;0;72.4317
0;1;0;1;1;1;1;0;0;1;0;0;0;1;1;0;0;1;0;0;0;1;0;0;0;0;0;1;0;1;1;0;0;1;1;0;0;0;75.4876666666667
0;1;0;1;1;1;0;1;0;1;0;0;0;1;1;0;0;1;0;0;0;1;0;0;0;0;0;1;0;1;1;0;0;1;1;0;0;0;71.4233666666667
0;1;0;1;1;1;0;0;1;1;0;0;0;1;1;0;0;1;0;0;0;1;0;0;0;0;0;1;0;1;1;0;0;1;1;0;0;0;69.6101666666667
0;1;0;1;1;1;1;0;0;1;0;0;0;1;1;0;1;0;0;0;0;1;0;0;0;0;0;0;1;1;1;0;0;1;1;0;0;0;42.176
0;1;0;1;1;1;0;1;0;1;0;0;0;1;1;0;1;0;0;0;0;1;0;0;0;0;0;0;1;1;1;0;0;1;1;0;0;0;41.5129
0;1;0;1;1;1;0;1;0;1;0;0;0;1;1;0;0;1;0;0;0;1;0;0;0;0;0;0;1;1;1;0;0;1;1;0;0;0;70.1213333333333
0;1;0;1;1;1;1;0;0;1;1;0;0;0;1;0;1;0;0;0;0;1;1;0;0;0;0;0;0;1;0;1;0;1;1;0;0;0;42.6847333333333
0;1;0;1;1;1;0;1;0;1;1;0;0;0;1;0;1;0;0;0;0;1;1;0;0;0;0;0;0;1;0;1;0;1;1;0;0;0;43.5936333333333
0;1;0;1;1;1;1;0;0;1;0;0;0;1;1;0;1;0;0;0;0;1;1;0;0;0;0;0;0;1;0;1;0;1;1;0;0;0;42.9059
0;1;0;1;1;1;0;1;0;1;0;0;0;1;1;0;1;0;0;0;0;1;1;0;0;0;0;0;0;1;0;1;0;1;1;0;0;0;42.1088
0;1;0;1;1;1;0;1;0;1;0;0;0;1;1;0;0;1;0;0;0;1;1;0;0;0;0;0;0;1;0;1;0;1;1;0;0;0;67.4932
0;1;0;1;1;1;0;1;0;1;0;0;0;1;1;0;0;1;0;0;0;1;0;1;0;0;0;0;0;1;0;1;0;1;1;0;0;0;37.88548
0;1;0;1;1;1;0;1;0;1;0;0;0;1;1;0;0;1;0;0;0;1;0;0;1;0;0;0;0;1;0;1;0;1;1;0;0;0;67.5989333333333
0;1;0;1;1;1;0;1;0;1;0;0;0;1;1;0;0;1;0;0;0;1;0;0;0;1;0;0;0;1;0;1;0;1;1;0;0;0;66.2529333333333
0;1;0;1;1;1;0;1;0;1;0;0;0;1;1;0;0;1;0;0;0;1;0;0;0;0;1;0;0;1;0;1;0;1;1;0;0;0;70.4113333333333
0;1;0;1;1;1;0;1;0;1;1;0;0;0;1;0;0;1;0;0;0;1;0;0;0;0;0;1;0;1;0;1;0;1;1;0;0;0;68.7578666666667
0;1;0;1;1;1;0;1;0;1;0;0;1;0;1;0;0;1;0;0;0;1;0;0;0;0;0;1;0;1;0;1;0;1;1;0;0;0;70.9249
0;1;0;1;1;1;1;0;0;1;0;0;0;1;1;0;0;1;0;0;0;1;0;0;0;0;0;1;0;1;0;1;0;1;1;0;0;0;71.9902
0;1;0;1;1;1;0;1;0;1;0;0;0;1;1;0;0;1;0;0;0;1;0;0;0;0;0;1;0;1;0;1;0;1;1;0;0;0;70.2864666666667
0;1;0;1;1;1;0;0;1;1;0;0;0;1;1;0;0;1;0;0;0;1;0;0;0;0;0;1;0;1;0;1;0;1;1;0;0;0;65.88268
0;1;0;1;1;1;0;1;0;1;0;0;0;1;1;0;0;1;0;0;0;1;0;0;0;0;0;0;1;1;0;1;0;1;1;0;0;0;71.2983666666667
0;1;0;1;1;1;0;1;0;1;0;0;0;1;1;0;0;1;0;0;0;1;1;0;0;0;0;0;0;1;0;0;1;1;1;0;0;0;66.3636
0;1;0;1;1;1;0;1;0;1;0;0;0;1;1;0;0;1;0;0;0;1;0;1;0;0;0;0;0;1;0;0;1;1;1;0;0;0;43.4549666666667
0;1;0;1;1;1;0;1;0;1;0;0;0;1;1;0;0;1;0;0;0;1;0;0;1;0;0;0;0;1;0;0;1;1;1;0;0;0;63.1617666666667
0;1;0;1;1;1;0;1;0;1;0;0;0;1;1;0;0;1;0;0;0;1;0;0;0;1;0;0;0;1;0;0;1;1;1;0;0;0;65.8765666666667
0;1;0;1;1;1;0;1;0;1;0;0;0;1;1;0;0;1;0;0;0;1;0;0;0;0;1;0;0;1;0;0;1;1;1;0;0;0;71.8995666666667
0;1;0;1;1;1;0;1;0;1;1;0;0;0;1;0;0;1;0;0;0;1;0;0;0;0;0;1;0;1;0;0;1;1;1;0;0;0;71.0281666666667
0;1;0;1;1;1;1;0;0;1;0;0;0;1;1;0;0;1;0;0;0;1;0;0;0;0;0;1;0;1;0;0;1;1;1;0;0;0;72.6037333333334
0;1;0;1;1;1;0;1;0;1;0;0;0;1;1;0;0;1;0;0;0;1;0;0;0;0;0;1;0;1;0;0;1;1;1;0;0;0;68.8242666666667
0;1;0;1;1;1;0;0;1;1;0;0;0;1;1;0;0;1;0;0;0;1;0;0;0;0;0;1;0;1;0;0;1;1;1;0;0;0;66.9473333333333
0;1;0;1;1;1;0;1;0;1;0;0;0;1;1;0;0;1;0;0;0;1;0;0;0;0;0;0;1;1;0;0;1;1;1;0;0;0;70.7135333333333
0;1;0;1;1;1;0;1;0;1;0;0;1;0;1;1;0;0;0;0;0;1;1;0;0;0;0;0;0;1;1;0;0;1;0;1;0;0;32.55
0;1;0;1;1;1;1;0;0;1;0;0;0;1;1;0;1;0;0;0;0;1;1;0;0;0;0;0;0;1;1;0;0;1;0;1;0;0;40.6005666666667
0;1;0;1;1;1;0;1;0;1;0;0;0;1;1;0;1;0;0;0;0;1;1;0;0;0;0;0;0;1;1;0;0;1;0;1;0;0;43.412
0;1;0;1;1;1;0;1;0;1;0;0;1;0;1;0;0;0;0;0;1;1;1;0;0;0;0;0;0;1;1;0;0;1;0;1;0;0;490.9124
0;1;0;1;1;1;1;0;0;1;0;0;0;1;1;0;1;0;0;0;0;1;0;0;0;0;0;0;1;1;1;0;0;1;0;1;0;0;42.2191
0;1;0;1;1;1;1;0;0;1;0;0;1;0;1;1;0;0;0;0;0;1;1;0;0;0;0;0;0;1;0;1;0;1;0;1;0;0;32.4727333333333
0;1;0;1;1;1;0;1;0;1;0;0;1;0;1;1;0;0;0;0;0;1;1;0;0;0;0;0;0;1;0;1;0;1;0;1;0;0;33.9171
0;1;0;1;1;1;0;0;1;1;0;0;1;0;1;1;0;0;0;0;0;1;1;0;0;0;0;0;0;1;0;1;0;1;0;1;0;0;35.9412333333333
0;1;0;1;1;1;1;0;0;1;0;0;0;1;1;0;1;0;0;0;0;1;1;0;0;0;0;0;0;1;0;1;0;1;0;1;0;0;42.4145333333333
0;1;0;1;1;1;0;1;0;1;0;0;0;1;1;0;1;0;0;0;0;1;1;0;0;0;0;0;0;1;0;1;0;1;0;1;0;0;42.1568333333333
0;1;0;1;1;1;1;0;0;1;0;0;1;0;1;0;0;0;0;0;1;1;1;0;0;0;0;0;0;1;0;1;0;1;0;1;0;0;480.703466666667
0;1;0;1;1;1;0;1;0;1;0;0;1;0;1;0;0;0;0;0;1;1;1;0;0;0;0;0;0;1;0;1;0;1;0;1;0;0;491.1383
0;1;0;1;1;1;0;0;1;1;0;0;1;0;1;0;0;0;0;0;1;1;1;0;0;0;0;0;0;1;0;1;0;1;0;1;0;0;497.4897
0;1;0;1;1;1;0;1;0;1;0;0;1;0;1;1;0;0;0;0;0;1;1;0;0;0;0;0;0;1;0;0;1;1;0;1;0;0;34.1705666666667
0;1;0;1;1;1;0;1;0;1;0;0;1;0;1;0;0;0;0;0;1;1;1;0;0;0;0;0;0;1;0;0;1;1;0;1;0;0;489.463533333333
0;1;0;1;1;1;0;1;0;1;0;1;0;0;1;1;0;0;0;0;0;1;1;0;0;0;0;0;0;1;1;0;0;1;0;0;1;0;32.9118333333333
0;1;0;1;1;1;0;1;0;1;0;0;1;0;1;1;0;0;0;0;0;1;1;0;0;0;0;0;0;1;1;0;0;1;0;0;1;0;33.1827333333333
0;1;0;1;1;1;0;1;0;1;0;1;0;0;1;0;0;0;0;0;1;1;1;0;0;0;0;0;0;1;1;0;0;1;0;0;1;0;493.281833333333
0;1;0;1;1;1;0;1;0;1;0;0;1;0;1;0;0;0;0;0;1;1;1;0;0;0;0;0;0;1;1;0;0;1;0;0;1;0;481.7073
0;1;0;1;1;1;1;0;0;1;0;0;1;0;1;1;0;0;0;0;0;1;1;0;0;0;0;0;0;1;0;1;0;1;0;0;1;0;33.4599666666667
0;1;0;1;1;1;0;1;0;1;0;0;1;0;1;1;0;0;0;0;0;1;1;0;0;0;0;0;0;1;0;1;0;1;0;0;1;0;33.1057333333333
0;1;0;1;1;1;0;0;1;1;0;0;1;0;1;1;0;0;0;0;0;1;1;0;0;0;0;0;0;1;0;1;0;1;0;0;1;0;33.9470666666667
0;1;0;1;1;1;1;0;0;1;0;0;1;0;1;0;0;0;0;0;1;1;1;0;0;0;0;0;0;1;0;1;0;1;0;0;1;0;478.644866666666
0;1;0;1;1;1;0;1;0;1;0;0;1;0;1;0;0;0;0;0;1;1;1;0;0;0;0;0;0;1;0;1;0;1;0;0;1;0;484.2102
0;1;0;1;1;1;0;0;1;1;0;0;1;0;1;0;0;0;0;0;1;1;1;0;0;0;0;0;0;1;0;1;0;1;0;0;1;0;492.994266666667
0;1;0;1;1;1;0;1;0;1;0;0;1;0;1;1;0;0;0;0;0;1;1;0;0;0;0;0;0;1;0;0;1;1;0;0;1;0;33.0125
0;1;0;1;1;1;0;1;0;1;0;0;1;0;1;0;0;0;0;0;1;1;1;0;0;0;0;0;0;1;0;0;1;1;0;0;1;0;484.740166666667
0;1;0;1;1;1;0;1;0;1;0;0;1;0;1;1;0;0;0;0;0;1;1;0;0;0;0;0;0;1;1;0;0;1;0;0;0;1;33.8578333333333
0;1;0;1;1;1;0;1;0;1;0;0;1;0;1;0;0;0;0;0;1;1;1;0;0;0;0;0;0;1;1;0;0;1;0;0;0;1;490.182233333333
0;1;0;1;1;1;0;1;0;1;0;0;1;0;1;1;0;0;0;0;0;1;1;0;0;0;0;0;0;1;0;1;0;1;0;0;0;1;32.8107
0;1;0;1;1;1;0;0;1;1;0;0;1;0;1;1;0;0;0;0;0;1;1;0;0;0;0;0;0;1;0;1;0;1;0;0;0;1;34.0644333333333
0;1;0;1;1;1;0;1;0;1;0;0;1;0;1;0;0;0;0;0;1;1;1;0;0;0;0;0;0;1;0;1;0;1;0;0;0;1;488.951033333333
0;1;0;1;1;1;0;0;1;1;0;0;1;0;1;0;0;0;0;0;1;1;1;0;0;0;0;0;0;1;0;1;0;1;0;0;0;1;490.8189
0;1;0;1;1;1;0;1;0;1;0;0;1;0;1;1;0;0;0;0;0;1;1;0;0;0;0;0;0;1;0;0;1;1;0;0;0;1;33.2141666666667
0;1;0;1;1;1;0;1;0;1;0;0;1;0;1;0;0;0;0;0;1;1;1;0;0;0;0;0;0;1;0;0;1;1;0;0;0;1;482.8069
1;1;0;0;1;1;1;0;0;1;1;0;0;0;1;1;0;0;0;0;0;1;1;0;0;0;0;0;0;1;1;0;0;1;1;0;0;0;28.7046
1;1;0;0;1;1;0;1;0;1;1;0;0;0;1;1;0;0;0;0;0;1;1;0;0;0;0;0;0;1;1;0;0;1;1;0;0;0;30.2011
1;1;0;0;1;1;0;0;1;1;1;0;0;0;1;1;0;0;0;0;0;1;1;0;0;0;0;0;0;1;1;0;0;1;1;0;0;0;30.8191666666667
1;1;0;0;1;1;1;0;0;1;0;1;0;0;1;1;0;0;0;0;0;1;1;0;0;0;0;0;0;1;1;0;0;1;1;0;0;0;29.5083333333333
1;1;0;0;1;1;0;1;0;1;0;1;0;0;1;1;0;0;0;0;0;1;1;0;0;0;0;0;0;1;1;0;0;1;1;0;0;0;29.6421666666667
1;1;0;0;1;1;0;0;1;1;0;1;0;0;1;1;0;0;0;0;0;1;1;0;0;0;0;0;0;1;1;0;0;1;1;0;0;0;27.7519333333333
1;1;0;0;1;1;1;0;0;1;0;0;1;0;1;1;0;0;0;0;0;1;1;0;0;0;0;0;0;1;1;0;0;1;1;0;0;0;28.4503333333333
1;1;0;0;1;1;0;1;0;1;0;0;1;0;1;1;0;0;0;0;0;1;1;0;0;0;0;0;0;1;1;0;0;1;1;0;0;0;29.8276
1;1;0;0;1;1;0;0;1;1;0;0;1;0;1;1;0;0;0;0;0;1;1;0;0;0;0;0;0;1;1;0;0;1;1;0;0;0;29.5023
1;1;0;0;1;1;1;0;0;1;0;0;0;1;1;1;0;0;0;0;0;1;1;0;0;0;0;0;0;1;1;0;0;1;1;0;0;0;28.4829333333333
1;1;0;0;1;1;0;1;0;1;0;0;0;1;1;1;0;0;0;0;0;1;1;0;0;0;0;0;0;1;1;0;0;1;1;0;0;0;27.6142666666667
1;1;0;0;1;1;0;0;1;1;0;0;0;1;1;1;0;0;0;0;0;1;1;0;0;0;0;0;0;1;1;0;0;1;1;0;0;0;30.1436333333333
1;1;0;0;1;1;1;0;0;1;1;0;0;0;1;0;1;0;0;0;0;1;1;0;0;0;0;0;0;1;1;0;0;1;1;0;0;0;24.3091
1;1;0;0;1;1;0;1;0;1;1;0;0;0;1;0;1;0;0;0;0;1;1;0;0;0;0;0;0;1;1;0;0;1;1;0;0;0;28.3338333333333
1;1;0;0;1;1;1;0;0;1;0;1;0;0;1;0;1;0;0;0;0;1;1;0;0;0;0;0;0;1;1;0;0;1;1;0;0;0;24.8822666666667
1;1;0;0;1;1;0;1;0;1;0;1;0;0;1;0;1;0;0;0;0;1;1;0;0;0;0;0;0;1;1;0;0;1;1;0;0;0;25.9116666666667
1;1;0;0;1;1;1;0;0;1;0;0;1;0;1;0;1;0;0;0;0;1;1;0;0;0;0;0;0;1;1;0;0;1;1;0;0;0;24.4607333333333
1;1;0;0;1;1;0;1;0;1;0;0;1;0;1;0;1;0;0;0;0;1;1;0;0;0;0;0;0;1;1;0;0;1;1;0;0;0;29.1002
1;1;0;0;1;1;1;0;0;1;0;0;0;1;1;0;1;0;0;0;0;1;1;0;0;0;0;0;0;1;1;0;0;1;1;0;0;0;26.524
1;1;0;0;1;1;0;1;0;1;0;0;0;1;1;0;1;0;0;0;0;1;1;0;0;0;0;0;0;1;1;0;0;1;1;0;0;0;25.8982666666667
1;1;0;0;1;1;0;1;0;1;1;0;0;0;1;0;0;1;0;0;0;1;1;0;0;0;0;0;0;1;1;0;0;1;1;0;0;0;26.6895666666667
1;1;0;0;1;1;0;1;0;1;0;1;0;0;1;0;0;1;0;0;0;1;1;0;0;0;0;0;0;1;1;0;0;1;1;0;0;0;25.6081333333333
1;1;0;0;1;1;0;1;0;1;0;0;1;0;1;0;0;1;0;0;0;1;1;0;0;0;0;0;0;1;1;0;0;1;1;0;0;0;25.6573
1;1;0;0;1;1;0;1;0;1;0;0;0;1;1;0;0;1;0;0;0;1;1;0;0;0;0;0;0;1;1;0;0;1;1;0;0;0;27.4261
1;1;0;0;1;1;0;1;0;1;1;0;0;0;1;0;0;0;1;0;0;1;1;0;0;0;0;0;0;1;1;0;0;1;1;0;0;0;28.5586333333333
1;1;0;0;1;1;0;1;0;1;0;0;0;1;1;0;0;0;1;0;0;1;1;0;0;0;0;0;0;1;1;0;0;1;1;0;0;0;30.4904
1;1;0;0;1;1;0;1;0;1;0;0;0;1;1;0;0;1;0;0;0;1;0;1;0;0;0;0;0;1;1;0;0;1;1;0;0;0;25.0824666666667
1;1;0;0;1;1;0;1;0;1;0;0;0;1;1;0;0;1;0;0;0;1;0;0;1;0;0;0;0;1;1;0;0;1;1;0;0;0;34.3435
1;1;0;0;1;1;0;1;0;1;0;0;0;1;1;0;0;1;0;0;0;1;0;0;0;1;0;0;0;1;1;0;0;1;1;0;0;0;31.2209
1;1;0;0;1;1;0;1;0;1;0;0;0;1;1;0;0;1;0;0;0;1;0;0;0;0;1;0;0;1;1;0;0;1;1;0;0;0;31.0612333333333
1;1;0;0;1;1;0;1;0;1;1;0;0;0;1;0;0;1;0;0;0;1;0;0;0;0;0;1;0;1;1;0;0;1;1;0;0;0;30.0902666666667
1;1;0;0;1;1;1;0;0;1;0;0;0;1;1;0;0;1;0;0;0;1;0;0;0;0;0;1;0;1;1;0;0;1;1;0;0;0;29.0308333333333
1;1;0;0;1;1;0;1;0;1;0;0;0;1;1;0;0;1;0;0;0;1;0;0;0;0;0;1;0;1;1;0;0;1;1;0;0;0;28.9063333333333
1;1;0;0;1;1;0;0;1;1;0;0;0;1;1;0;0;1;0;0;0;1;0;0;0;0;0;1;0;1;1;0;0;1;1;0;0;0;27.908
1;1;0;0;1;1;1;0;0;1;0;0;0;1;1;0;1;0;0;0;0;1;0;0;0;0;0;0;1;1;1;0;0;1;1;0;0;0;33.6854666666667
1;1;0;0;1;1;0;1;0;1;0;0;0;1;1;0;1;0;0;0;0;1;0;0;0;0;0;0;1;1;1;0;0;1;1;0;0;0;34.2400333333333
1;1;0;0;1;1;0;1;0;1;0;0;0;1;1;0;0;1;0;0;0;1;0;0;0;0;0;0;1;1;1;0;0;1;1;0;0;0;28.4756666666667
1;1;0;0;1;1;1;0;0;1;0;0;0;1;1;0;1;0;0;0;0;1;1;0;0;0;0;0;0;1;0;1;0;1;1;0;0;0;26.0676
1;1;0;0;1;1;0;1;0;1;0;0;0;1;1;0;1;0;0;0;0;1;1;0;0;0;0;0;0;1;0;1;0;1;1;0;0;0;28.9259333333333
1;1;0;0;1;1;0;1;0;1;0;0;0;1;1;0;0;1;0;0;0;1;1;0;0;0;0;0;0;1;0;1;0;1;1;0;0;0;27.5429666666667
1;1;0;0;1;1;0;1;0;1;0;0;0;1;1;0;0;1;0;0;0;1;0;1;0;0;0;0;0;1;0;1;0;1;1;0;0;0;24.6212
1;1;0;0;1;1;0;1;0;1;0;0;0;1;1;0;0;1;0;0;0;1;0;0;1;0;0;0;0;1;0;1;0;1;1;0;0;0;29.8971
1;1;0;0;1;1;0;1;0;1;0;0;0;1;1;0;0;1;0;0;0;1;0;0;0;1;0;0;0;1;0;1;0;1;1;0;0;0;32.0378
1;1;0;0;1;1;0;1;0;1;0;0;0;1;1;0;0;1;0;0;0;1;0;0;0;0;1;0;0;1;0;1;0;1;1;0;0;0;32.8540333333333
1;1;0;0;1;1;0;1;0;1;1;0;0;0;1;0;0;1;0;0;0;1;0;0;0;0;0;1;0;1;0;1;0;1;1;0;0;0;31.8638
1;1;0;0;1;1;0;1;0;1;0;0;1;0;1;0;0;1;0;0;0;1;0;0;0;0;0;1;0;1;0;1;0;1;1;0;0;0;28.4596333333333
1;1;0;0;1;1;1;0;0;1;0;0;0;1;1;0;0;1;0;0;0;1;0;0;0;0;0;1;0;1;0;1;0;1;1;0;0;0;29.3186
1;1;0;0;1;1;0;1;0;1;0;0;0;1;1;0;0;1;0;0;0;1;0;0;0;0;0;1;0;1;0;1;0;1;1;0;0;0;28.0546
1;1;0;0;1;1;0;0;1;1;0;0;0;1;1;0;0;1;0;0;0;1;0;0;0;0;0;1;0;1;0;1;0;1;1;0;0;0;31.2705666666667
1;1;0;0;1;1;0;1;0;1;0;0;0;1;1;0;0;1;0;0;0;1;0;0;0;0;0;0;1;1;0;1;0;1;1;0;0;0;30.2485666666667
1;1;0;0;1;1;0;1;0;1;0;0;0;1;1;0;0;1;0;0;0;1;1;0;0;0;0;0;0;1;0;0;1;1;1;0;0;0;27.70842
1;1;0;0;1;1;0;1;0;1;0;0;0;1;1;0;0;1;0;0;0;1;0;1;0;0;0;0;0;1;0;0;1;1;1;0;0;0;25.7886333333333
1;1;0;0;1;1;0;1;0;1;0;0;0;1;1;0;0;1;0;0;0;1;0;0;1;0;0;0;0;1;0;0;1;1;1;0;0;0;30.2144333333333
1;1;0;0;1;1;0;1;0;1;0;0;0;1;1;0;0;1;0;0;0;1;0;0;0;1;0;0;0;1;0;0;1;1;1;0;0;0;32.3768666666667
1;1;0;0;1;1;0;1;0;1;0;0;0;1;1;0;0;1;0;0;0;1;0;0;0;0;1;0;0;1;0;0;1;1;1;0;0;0;30.7574333333333
1;1;0;0;1;1;0;1;0;1;1;0;0;0;1;0;0;1;0;0;0;1;0;0;0;0;0;1;0;1;0;0;1;1;1;0;0;0;27.9289666666667
1;1;0;0;1;1;1;0;0;1;0;0;0;1;1;0;0;1;0;0;0;1;0;0;0;0;0;1;0;1;0;0;1;1;1;0;0;0;29.4527333333333
1;1;0;0;1;1;0;1;0;1;0;0;0;1;1;0;0;1;0;0;0;1;0;0;0;0;0;1;0;1;0;0;1;1;1;0;0;0;31.3907
1;1;0;0;1;1;0;0;1;1;0;0;0;1;1;0;0;1;0;0;0;1;0;0;0;0;0;1;0;1;0;0;1;1;1;0;0;0;29.6639333333333
1;1;0;0;1;1;0;1;0;1;0;0;0;1;1;0;0;1;0;0;0;1;0;0;0;0;0;0;1;1;0;0;1;1;1;0;0;0;31.1811
1;1;0;0;1;1;0;1;0;1;0;0;1;0;1;1;0;0;0;0;0;1;1;0;0;0;0;0;0;1;1;0;0;1;0;1;0;0;27.6881333333333
1;1;0;0;1;1;1;0;0;1;0;0;0;1;1;0;1;0;0;0;0;1;1;0;0;0;0;0;0;1;1;0;0;1;0;1;0;0;26.0588666666667
1;1;0;0;1;1;0;1;0;1;0;0;0;1;1;0;1;0;0;0;0;1;1;0;0;0;0;0;0;1;1;0;0;1;0;1;0;0;26.3042
1;1;0;0;1;1;0;1;0;1;0;0;1;0;1;0;0;0;0;0;1;1;1;0;0;0;0;0;0;1;1;0;0;1;0;1;0;0;82.0422
1;1;0;0;1;1;1;0;0;1;0;0;0;1;1;0;1;0;0;0;0;1;0;0;0;0;0;0;1;1;1;0;0;1;0;1;0;0;33.6628333333333
1;1;0;0;1;1;0;1;0;1;0;0;0;1;1;0;1;0;0;0;0;1;0;0;0;0;0;0;1;1;1;0;0;1;0;1;0;0;34.4967666666667
1;1;0;0;1;1;1;0;0;1;0;0;1;0;1;1;0;0;0;0;0;1;1;0;0;0;0;0;0;1;0;1;0;1;0;1;0;0;27.6438333333333
1;1;0;0;1;1;0;1;0;1;0;0;1;0;1;1;0;0;0;0;0;1;1;0;0;0;0;0;0;1;0;1;0;1;0;1;0;0;29.8633333333333
1;1;0;0;1;1;0;0;1;1;0;0;1;0;1;1;0;0;0;0;0;1;1;0;0;0;0;0;0;1;0;1;0;1;0;1;0;0;28.1895
1;1;0;0;1;1;1;0;0;1;0;0;0;1;1;0;1;0;0;0;0;1;1;0;0;0;0;0;0;1;0;1;0;1;0;1;0;0;25.0819
1;1;0;0;1;1;0;1;0;1;0;0;0;1;1;0;1;0;0;0;0;1;1;0;0;0;0;0;0;1;0;1;0;1;0;1;0;0;27.4988
1;1;0;0;1;1;1;0;0;1;0;0;1;0;1;0;0;0;0;0;1;1;1;0;0;0;0;0;0;1;0;1;0;1;0;1;0;0;81.7738333333333
1;1;0;0;1;1;0;1;0;1;0;0;1;0;1;0;0;0;0;0;1;1;1;0;0;0;0;0;0;1;0;1;0;1;0;1;0;0;82.7500666666667
1;1;0;0;1;1;0;0;1;1;0;0;1;0;1;0;0;0;0;0;1;1;1;0;0;0;0;0;0;1;0;1;0;1;0;1;0;0;82.0400333333333
1;1;0;0;1;1;0;1;0;1;0;0;1;0;1;1;0;0;0;0;0;1;1;0;0;0;0;0;0;1;0;0;1;1;0;1;0;0;28.3080666666667
1;1;0;0;1;1;0;1;0;1;0;0;1;0;1;0;0;0;0;0;1;1;1;0;0;0;0;0;0;1;0;0;1;1;0;1;0;0;84.3531333333333
1;1;0;0;1;1;0;1;0;1;0;1;0;0;1;1;0;0;0;0;0;1;1;0;0;0;0;0;0;1;1;0;0;1;0;0;1;0;30.38566
1;1;0;0;1;1;0;1;0;1;0;0;1;0;1;1;0;0;0;0;0;1;1;0;0;0;0;0;0;1;1;0;0;1;0;0;1;0;29.2471
1;1;0;0;1;1;0;1;0;1;0;1;0;0;1;0;0;0;0;0;1;1;1;0;0;0;0;0;0;1;1;0;0;1;0;0;1;0;79.774
1;1;0;0;1;1;0;1;0;1;0;0;1;0;1;0;0;0;0;0;1;1;1;0;0;0;0;0;0;1;1;0;0;1;0;0;1;0;80.94878
1;1;0;0;1;1;1;0;0;1;0;0;1;0;1;1;0;0;0;0;0;1;1;0;0;0;0;0;0;1;0;1;0;1;0;0;1;0;28.6601666666667
1;1;0;0;1;1;0;1;0;1;0;0;1;0;1;1;0;0;0;0;0;1;1;0;0;0;0;0;0;1;0;1;0;1;0;0;1;0;29.8336333333333
1;1;0;0;1;1;0;0;1;1;0;0;1;0;1;1;0;0;0;0;0;1;1;0;0;0;0;0;0;1;0;1;0;1;0;0;1;0;29.7818
1;1;0;0;1;1;1;0;0;1;0;0;1;0;1;0;0;0;0;0;1;1;1;0;0;0;0;0;0;1;0;1;0;1;0;0;1;0;81.6713
1;1;0;0;1;1;0;1;0;1;0;0;1;0;1;0;0;0;0;0;1;1;1;0;0;0;0;0;0;1;0;1;0;1;0;0;1;0;81.6943333333333
1;1;0;0;1;1;0;0;1;1;0;0;1;0;1;0;0;0;0;0;1;1;1;0;0;0;0;0;0;1;0;1;0;1;0;0;1;0;78.9653666666667
1;1;0;0;1;1;0;1;0;1;0;0;1;0;1;1;0;0;0;0;0;1;1;0;0;0;0;0;0;1;0;0;1;1;0;0;1;0;29.9084333333333
1;1;0;0;1;1;0;1;0;1;0;0;1;0;1;0;0;0;0;0;1;1;1;0;0;0;0;0;0;1;0;0;1;1;0;0;1;0;82.4357333333333
1;1;0;0;1;1;0;1;0;1;0;0;1;0;1;1;0;0;0;0;0;1;1;0;0;0;0;0;0;1;1;0;0;1;0;0;0;1;28.4993333333333
1;1;0;0;1;1;0;1;0;1;0;0;1;0;1;0;0;0;0;0;1;1;1;0;0;0;0;0;0;1;1;0;0;1;0;0;0;1;81.0777
1;1;0;0;1;1;0;1;0;1;0;0;1;0;1;1;0;0;0;0;0;1;1;0;0;0;0;0;0;1;0;1;0;1;0;0;0;1;30.7371333333333
1;1;0;0;1;1;0;0;1;1;0;0;1;0;1;1;0;0;0;0;0;1;1;0;0;0;0;0;0;1;0;1;0;1;0;0;0;1;29.8326666666667
1;1;0;0;1;1;0;1;0;1;0;0;1;0;1;0;0;0;0;0;1;1;1;0;0;0;0;0;0;1;0;1;0;1;0;0;0;1;81.9076
1;1;0;0;1;1;0;0;1;1;0;0;1;0;1;0;0;0;0;0;1;1;1;0;0;0;0;0;0;1;0;1;0;1;0;0;0;1;82.2297
1;1;0;0;1;1;0;1;0;1;0;0;1;0;1;1;0;0;0;0;0;1;1;0;0;0;0;0;0;1;0;0;1;1;0;0;0;1;29.3117666666667
1;1;0;0;1;1;0;1;0;1;0;0;1;0;1;0;0;0;0;0;1;1;1;0;0;0;0;0;0;1;0;0;1;1;0;0;0;1;81.9189
1;1;0;1;1;1;1;0;0;1;1;0;0;0;1;1;0;0;0;0;0;1;1;0;0;0;0;0;0;1;1;0;0;1;1;0;0;0;34.9810333333333
1;1;0;1;1;1;0;1;0;1;1;0;0;0;1;1;0;0;0;0;0;1;1;0;0;0;0;0;0;1;1;0;0;1;1;0;0;0;38.0919
1;1;0;1;1;1;0;0;1;1;1;0;0;0;1;1;0;0;0;0;0;1;1;0;0;0;0;0;0;1;1;0;0;1;1;0;0;0;42.1030666666667
1;1;0;1;1;1;1;0;0;1;0;1;0;0;1;1;0;0;0;0;0;1;1;0;0;0;0;0;0;1;1;0;0;1;1;0;0;0;34.1734
1;1;0;1;1;1;0;1;0;1;0;1;0;0;1;1;0;0;0;0;0;1;1;0;0;0;0;0;0;1;1;0;0;1;1;0;0;0;39.0467666666667
1;1;0;1;1;1;0;0;1;1;0;1;0;0;1;1;0;0;0;0;0;1;1;0;0;0;0;0;0;1;1;0;0;1;1;0;0;0;41.5882
1;1;0;1;1;1;1;0;0;1;0;0;1;0;1;1;0;0;0;0;0;1;1;0;0;0;0;0;0;1;1;0;0;1;1;0;0;0;34.7998
1;1;0;1;1;1;0;1;0;1;0;0;1;0;1;1;0;0;0;0;0;1;1;0;0;0;0;0;0;1;1;0;0;1;1;0;0;0;38.858
1;1;0;1;1;1;0;0;1;1;0;0;1;0;1;1;0;0;0;0;0;1;1;0;0;0;0;0;0;1;1;0;0;1;1;0;0;0;41.8417666666667
1;1;0;1;1;1;1;0;0;1;0;0;0;1;1;1;0;0;0;0;0;1;1;0;0;0;0;0;0;1;1;0;0;1;1;0;0;0;34.4969333333333
1;1;0;1;1;1;0;1;0;1;0;0;0;1;1;1;0;0;0;0;0;1;1;0;0;0;0;0;0;1;1;0;0;1;1;0;0;0;38.3191
1;1;0;1;1;1;0;0;1;1;0;0;0;1;1;1;0;0;0;0;0;1;1;0;0;0;0;0;0;1;1;0;0;1;1;0;0;0;41.324
1;1;0;1;1;1;1;0;0;1;1;0;0;0;1;0;1;0;0;0;0;1;1;0;0;0;0;0;0;1;1;0;0;1;1;0;0;0;46.1336
1;1;0;1;1;1;0;1;0;1;1;0;0;0;1;0;1;0;0;0;0;1;1;0;0;0;0;0;0;1;1;0;0;1;1;0;0;0;47.3362666666667
1;1;0;1;1;1;0;1;0;1;0;1;0;0;1;0;1;0;0;0;0;1;1;0;0;0;0;0;0;1;1;0;0;1;1;0;0;0;48.9804666666667
1;1;0;1;1;1;1;0;0;1;0;0;1;0;1;0;1;0;0;0;0;1;1;0;0;0;0;0;0;1;1;0;0;1;1;0;0;0;46.4456333333333
1;1;0;1;1;1;0;1;0;1;0;0;1;0;1;0;1;0;0;0;0;1;1;0;0;0;0;0;0;1;1;0;0;1;1;0;0;0;49.1789
1;1;0;1;1;1;1;0;0;1;0;0;0;1;1;0;1;0;0;0;0;1;1;0;0;0;0;0;0;1;1;0;0;1;1;0;0;0;44.65
1;1;0;1;1;1;0;1;0;1;0;0;0;1;1;0;1;0;0;0;0;1;1;0;0;0;0;0;0;1;1;0;0;1;1;0;0;0;49.0934
1;1;0;1;1;1;0;1;0;1;1;0;0;0;1;0;0;1;0;0;0;1;1;0;0;0;0;0;0;1;1;0;0;1;1;0;0;0;69.336
1;1;0;1;1;1;0;1;0;1;0;1;0;0;1;0;0;1;0;0;0;1;1;0;0;0;0;0;0;1;1;0;0;1;1;0;0;0;70.0434666666667
1;1;0;1;1;1;0;1;0;1;0;0;1;0;1;0;0;1;0;0;0;1;1;0;0;0;0;0;0;1;1;0;0;1;1;0;0;0;70.5653
1;1;0;1;1;1;0;1;0;1;0;0;0;1;1;0;0;1;0;0;0;1;1;0;0;0;0;0;0;1;1;0;0;1;1;0;0;0;70.4688
1;1;0;1;1;1;0;1;0;1;1;0;0;0;1;0;0;0;1;0;0;1;1;0;0;0;0;0;0;1;1;0;0;1;1;0;0;0;103.731533333333
1;1;0;1;1;1;0;1;0;1;0;0;0;1;1;0;0;0;1;0;0;1;1;0;0;0;0;0;0;1;1;0;0;1;1;0;0;0;106.2482
1;1;0;1;1;1;0;1;0;1;0;0;0;1;1;0;0;1;0;0;0;1;0;1;0;0;0;0;0;1;1;0;0;1;1;0;0;0;60.8105666666667
1;1;0;1;1;1;0;1;0;1;0;0;0;1;1;0;0;1;0;0;0;1;0;0;1;0;0;0;0;1;1;0;0;1;1;0;0;0;67.7948666666667
1;1;0;1;1;1;0;1;0;1;0;0;0;1;1;0;0;1;0;0;0;1;0;0;0;1;0;0;0;1;1;0;0;1;1;0;0;0;73.6443666666667
1;1;0;1;1;1;0;1;0;1;0;0;0;1;1;0;0;1;0;0;0;1;0;0;0;0;1;0;0;1;1;0;0;1;1;0;0;0;70.9695
1;1;0;1;1;1;0;1;0;1;1;0;0;0;1;0;0;1;0;0;0;1;0;0;0;0;0;1;0;1;1;0;0;1;1;0;0;0;71.0704333333333
1;1;0;1;1;1;1;0;0;1;0;0;0;1;1;0;0;1;0;0;0;1;0;0;0;0;0;1;0;1;1;0;0;1;1;0;0;0;75.1879333333333
1;1;0;1;1;1;0;1;0;1;0;0;0;1;1;0;0;1;0;0;0;1;0;0;0;0;0;1;0;1;1;0;0;1;1;0;0;0;70.0676
1;1;0;1;1;1;0;0;1;1;0;0;0;1;1;0;0;1;0;0;0;1;0;0;0;0;0;1;0;1;1;0;0;1;1;0;0;0;66.8899333333333
1;1;0;1;1;1;1;0;0;1;0;0;0;1;1;0;1;0;0;0;0;1;0;0;0;0;0;0;1;1;1;0;0;1;1;0;0;0;43.7742666666667
1;1;0;1;1;1;0;1;0;1;0;0;0;1;1;0;1;0;0;0;0;1;0;0;0;0;0;0;1;1;1;0;0;1;1;0;0;0;44.4508666666667
1;1;0;1;1;1;0;1;0;1;0;0;0;1;1;0;0;1;0;0;0;1;0;0;0;0;0;0;1;1;1;0;0;1;1;0;0;0;72.7935333333333
1;1;0;1;1;1;1;0;0;1;0;0;0;1;1;0;1;0;0;0;0;1;1;0;0;0;0;0;0;1;0;1;0;1;1;0;0;0;45.5971333333333
1;1;0;1;1;1;0;1;0;1;0;0;0;1;1;0;1;0;0;0;0;1;1;0;0;0;0;0;0;1;0;1;0;1;1;0;0;0;47.7887
1;1;0;1;1;1;0;1;0;1;0;0;0;1;1;0;0;1;0;0;0;1;1;0;0;0;0;0;0;1;0;1;0;1;1;0;0;0;69.4839333333333
1;1;0;1;1;1;0;1;0;1;0;0;0;1;1;0;0;1;0;0;0;1;0;1;0;0;0;0;0;1;0;1;0;1;1;0;0;0;56.2926666666667
1;1;0;1;1;1;0;1;0;1;0;0;0;1;1;0;0;1;0;0;0;1;0;0;1;0;0;0;0;1;0;1;0;1;1;0;0;0;69.0795
1;1;0;1;1;1;0;1;0;1;0;0;0;1;1;0;0;1;0;0;0;1;0;0;0;1;0;0;0;1;0;1;0;1;1;0;0;0;72.9432
1;1;0;1;1;1;0;1;0;1;0;0;0;1;1;0;0;1;0;0;0;1;0;0;0;0;1;0;0;1;0;1;0;1;1;0;0;0;72.3189
1;1;0;1;1;1;0;1;0;1;1;0;0;0;1;0;0;1;0;0;0;1;0;0;0;0;0;1;0;1;0;1;0;1;1;0;0;0;70.0636666666667
1;1;0;1;1;1;1;0;0;1;0;0;0;1;1;0;0;1;0;0;0;1;0;0;0;0;0;1;0;1;0;1;0;1;1;0;0;0;75.4174
1;1;0;1;1;1;0;1;0;1;0;0;0;1;1;0;0;1;0;0;0;1;0;0;0;0;0;1;0;1;0;1;0;1;1;0;0;0;70.5751666666667
1;1;0;1;1;1;0;0;1;1;0;0;0;1;1;0;0;1;0;0;0;1;0;0;0;0;0;1;0;1;0;1;0;1;1;0;0;0;70.1760666666667
1;1;0;1;1;1;0;1;0;1;0;0;0;1;1;0;0;1;0;0;0;1;0;0;0;0;0;0;1;1;0;1;0;1;1;0;0;0;71.0874
1;1;0;1;1;1;0;1;0;1;0;0;0;1;1;0;0;1;0;0;0;1;1;0;0;0;0;0;0;1;0;0;1;1;1;0;0;0;72.7385666666667
1;1;0;1;1;1;0;1;0;1;0;0;0;1;1;0;0;1;0;0;0;1;0;1;0;0;0;0;0;1;0;0;1;1;1;0;0;0;56.5104333333333
1;1;0;1;1;1;0;1;0;1;0;0;0;1;1;0;0;1;0;0;0;1;0;0;1;0;0;0;0;1;0;0;1;1;1;0;0;0;70.7454333333333
1;1;0;1;1;1;0;1;0;1;0;0;0;1;1;0;0;1;0;0;0;1;0;0;0;1;0;0;0;1;0;0;1;1;1;0;0;0;74.1456333333333
1;1;0;1;1;1;0;1;0;1;0;0;0;1;1;0;0;1;0;0;0;1;0;0;0;0;1;0;0;1;0;0;1;1;1;0;0;0;71.4758333333333
1;1;0;1;1;1;0;1;0;1;1;0;0;0;1;0;0;1;0;0;0;1;0;0;0;0;0;1;0;1;0;0;1;1;1;0;0;0;71.7735333333333
1;1;0;1;1;1;1;0;0;1;0;0;0;1;1;0;0;1;0;0;0;1;0;0;0;0;0;1;0;1;0;0;1;1;1;0;0;0;73.5843666666667
1;1;0;1;1;1;0;1;0;1;0;0;0;1;1;0;0;1;0;0;0;1;0;0;0;0;0;1;0;1;0;0;1;1;1;0;0;0;69.7302666666667
1;1;0;1;1;1;0;0;1;1;0;0;0;1;1;0;0;1;0;0;0;1;0;0;0;0;0;1;0;1;0;0;1;1;1;0;0;0;69.2357666666667
1;1;0;1;1;1;0;1;0;1;0;0;0;1;1;0;0;1;0;0;0;1;0;0;0;0;0;0;1;1;0;0;1;1;1;0;0;0;70.2194666666667
1;1;0;1;1;1;0;1;0;1;0;0;1;0;1;1;0;0;0;0;0;1;1;0;0;0;0;0;0;1;1;0;0;1;0;1;0;0;39.0462
1;1;0;1;1;1;1;0;0;1;0;0;0;1;1;0;1;0;0;0;0;1;1;0;0;0;0;0;0;1;1;0;0;1;0;1;0;0;45.1861666666667
1;1;0;1;1;1;0;1;0;1;0;0;0;1;1;0;1;0;0;0;0;1;1;0;0;0;0;0;0;1;1;0;0;1;0;1;0;0;48.8296666666667
1;1;0;1;1;1;0;1;0;1;0;0;1;0;1;0;0;0;0;0;1;1;1;0;0;0;0;0;0;1;1;0;0;1;0;1;0;0;485.993133333333
1;1;0;1;1;1;1;0;0;1;0;0;1;0;1;1;0;0;0;0;0;1;1;0;0;0;0;0;0;1;0;1;0;1;0;1;0;0;36.0853666666667
1;1;0;1;1;1;0;1;0;1;0;0;1;0;1;1;0;0;0;0;0;1;1;0;0;0;0;0;0;1;0;1;0;1;0;1;0;0;38.7645666666667
1;1;0;1;1;1;0;0;1;1;0;0;1;0;1;1;0;0;0;0;0;1;1;0;0;0;0;0;0;1;0;1;0;1;0;1;0;0;41.3166666666667
1;1;0;1;1;1;1;0;0;1;0;0;0;1;1;0;1;0;0;0;0;1;1;0;0;0;0;0;0;1;0;1;0;1;0;1;0;0;45.8575666666667
1;1;0;1;1;1;0;1;0;1;0;0;0;1;1;0;1;0;0;0;0;1;1;0;0;0;0;0;0;1;0;1;0;1;0;1;0;0;48.6481
1;1;0;1;1;1;1;0;0;1;0;0;1;0;1;0;0;0;0;0;1;1;1;0;0;0;0;0;0;1;0;1;0;1;0;1;0;0;482.923566666666
1;1;0;1;1;1;0;1;0;1;0;0;1;0;1;0;0;0;0;0;1;1;1;0;0;0;0;0;0;1;0;1;0;1;0;1;0;0;489.3133
1;1;0;1;1;1;0;0;1;1;0;0;1;0;1;0;0;0;0;0;1;1;1;0;0;0;0;0;0;1;0;1;0;1;0;1;0;0;498.046333333333
1;1;0;1;1;1;0;1;0;1;0;0;1;0;1;1;0;0;0;0;0;1;1;0;0;0;0;0;0;1;0;0;1;1;0;1;0;0;39.3309666666667
1;1;0;1;1;1;0;1;0;1;0;0;1;0;1;0;0;0;0;0;1;1;1;0;0;0;0;0;0;1;0;0;1;1;0;1;0;0;492.148833333333
1;1;0;1;1;1;0;1;0;1;0;1;0;0;1;1;0;0;0;0;0;1;1;0;0;0;0;0;0;1;1;0;0;1;0;0;1;0;38.5532666666667
1;1;0;1;1;1;0;1;0;1;0;0;1;0;1;1;0;0;0;0;0;1;1;0;0;0;0;0;0;1;1;0;0;1;0;0;1;0;40.2696333333333
1;1;0;1;1;1;0;1;0;1;0;1;0;0;1;0;0;0;0;0;1;1;1;0;0;0;0;0;0;1;1;0;0;1;0;0;1;0;490.072433333333
1;1;0;1;1;1;0;1;0;1;0;0;1;0;1;0;0;0;0;0;1;1;1;0;0;0;0;0;0;1;1;0;0;1;0;0;1;0;484.392533333333
1;1;0;1;1;1;1;0;0;1;0;0;1;0;1;1;0;0;0;0;0;1;1;0;0;0;0;0;0;1;0;1;0;1;0;0;1;0;36.0624333333333
1;1;0;1;1;1;0;1;0;1;0;0;1;0;1;1;0;0;0;0;0;1;1;0;0;0;0;0;0;1;0;1;0;1;0;0;1;0;38.8423333333333
1;1;0;1;1;1;0;0;1;1;0;0;1;0;1;1;0;0;0;0;0;1;1;0;0;0;0;0;0;1;0;1;0;1;0;0;1;0;40.9832333333333
1;1;0;1;1;1;1;0;0;1;0;0;1;0;1;0;0;0;0;0;1;1;1;0;0;0;0;0;0;1;0;1;0;1;0;0;1;0;479.846633333333
1;1;0;1;1;1;0;1;0;1;0;0;1;0;1;0;0;0;0;0;1;1;1;0;0;0;0;0;0;1;0;1;0;1;0;0;1;0;487.334833333333
1;1;0;1;1;1;0;0;1;1;0;0;1;0;1;0;0;0;0;0;1;1;1;0;0;0;0;0;0;1;0;1;0;1;0;0;1;0;504.547
1;1;0;1;1;1;0;1;0;1;0;0;1;0;1;1;0;0;0;0;0;1;1;0;0;0;0;0;0;1;0;0;1;1;0;0;1;0;38.6720666666667
1;1;0;1;1;1;0;1;0;1;0;0;1;0;1;0;0;0;0;0;1;1;1;0;0;0;0;0;0;1;0;0;1;1;0;0;1;0;490.840266666667
1;1;0;1;1;1;0;1;0;1;0;0;1;0;1;1;0;0;0;0;0;1;1;0;0;0;0;0;0;1;1;0;0;1;0;0;0;1;38.6005666666667
1;1;0;1;1;1;0;1;0;1;0;0;1;0;1;0;0;0;0;0;1;1;1;0;0;0;0;0;0;1;1;0;0;1;0;0;0;1;485.560266666666
1;1;0;1;1;1;0;1;0;1;0;0;1;0;1;1;0;0;0;0;0;1;1;0;0;0;0;0;0;1;0;1;0;1;0;0;0;1;38.8198
1;1;0;1;1;1;0;0;1;1;0;0;1;0;1;1;0;0;0;0;0;1;1;0;0;0;0;0;0;1;0;1;0;1;0;0;0;1;42.0527
1;1;0;1;1;1;0;1;0;1;0;0;1;0;1;0;0;0;0;0;1;1;1;0;0;0;0;0;0;1;0;1;0;1;0;0;0;1;512.537266666667
1;1;0;1;1;1;0;0;1;1;0;0;1;0;1;0;0;0;0;0;1;1;1;0;0;0;0;0;0;1;0;1;0;1;0;0;0;1;501.339033333333
1;1;0;1;1;1;0;1;0;1;0;0;1;0;1;1;0;0;0;0;0;1;1;0;0;0;0;0;0;1;0;0;1;1;0;0;0;1;38.1540666666667
1;1;0;1;1;1;0;1;0;1;0;0;1;0;1;0;0;0;0;0;1;1;1;0;0;0;0;0;0;1;0;0;1;1;0;0;0;1;489.3918
0;1;1;0;1;1;1;0;0;1;1;0;0;0;1;1;0;0;0;0;0;1;1;0;0;0;0;0;0;1;1;0;0;1;1;0;0;0;30.4378666666667
0;1;1;0;1;1;0;1;0;1;1;0;0;0;1;1;0;0;0;0;0;1;1;0;0;0;0;0;0;1;1;0;0;1;1;0;0;0;25.9865
0;1;1;0;1;1;0;0;1;1;1;0;0;0;1;1;0;0;0;0;0;1;1;0;0;0;0;0;0;1;1;0;0;1;1;0;0;0;24.1195666666667
0;1;1;0;1;1;1;0;0;1;0;1;0;0;1;1;0;0;0;0;0;1;1;0;0;0;0;0;0;1;1;0;0;1;1;0;0;0;23.86212
0;1;1;0;1;1;0;1;0;1;0;1;0;0;1;1;0;0;0;0;0;1;1;0;0;0;0;0;0;1;1;0;0;1;1;0;0;0;24.1899333333333
0;1;1;0;1;1;0;0;1;1;0;1;0;0;1;1;0;0;0;0;0;1;1;0;0;0;0;0;0;1;1;0;0;1;1;0;0;0;24.48988
0;1;1;0;1;1;1;0;0;1;0;0;1;0;1;1;0;0;0;0;0;1;1;0;0;0;0;0;0;1;1;0;0;1;1;0;0;0;21.97604
0;1;1;0;1;1;0;1;0;1;0;0;1;0;1;1;0;0;0;0;0;1;1;0;0;0;0;0;0;1;1;0;0;1;1;0;0;0;25.4396
0;1;1;0;1;1;0;0;1;1;0;0;1;0;1;1;0;0;0;0;0;1;1;0;0;0;0;0;0;1;1;0;0;1;1;0;0;0;24.35
0;1;1;0;1;1;1;0;0;1;0;0;0;1;1;1;0;0;0;0;0;1;1;0;0;0;0;0;0;1;1;0;0;1;1;0;0;0;23.6129
0;1;1;0;1;1;0;1;0;1;0;0;0;1;1;1;0;0;0;0;0;1;1;0;0;0;0;0;0;1;1;0;0;1;1;0;0;0;21.8498
0;1;1;0;1;1;0;0;1;1;0;0;0;1;1;1;0;0;0;0;0;1;1;0;0;0;0;0;0;1;1;0;0;1;1;0;0;0;23.3654
0;1;1;0;1;1;1;0;0;1;1;0;0;0;1;0;1;0;0;0;0;1;1;0;0;0;0;0;0;1;1;0;0;1;1;0;0;0;22.53386
0;1;1;0;1;1;0;1;0;1;1;0;0;0;1;0;1;0;0;0;0;1;1;0;0;0;0;0;0;1;1;0;0;1;1;0;0;0;27.8668666666667
0;1;1;0;1;1;0;1;0;1;0;1;0;0;1;0;1;0;0;0;0;1;1;0;0;0;0;0;0;1;1;0;0;1;1;0;0;0;28.8724666666667
0;1;1;0;1;1;1;0;0;1;0;0;1;0;1;0;1;0;0;0;0;1;1;0;0;0;0;0;0;1;1;0;0;1;1;0;0;0;21.6904
0;1;1;0;1;1;0;1;0;1;0;0;1;0;1;0;1;0;0;0;0;1;1;0;0;0;0;0;0;1;1;0;0;1;1;0;0;0;21.07848
0;1;1;0;1;1;1;0;0;1;0;0;0;1;1;0;1;0;0;0;0;1;1;0;0;0;0;0;0;1;1;0;0;1;1;0;0;0;18.96
0;1;1;0;1;1;0;1;0;1;0;0;0;1;1;0;1;0;0;0;0;1;1;0;0;0;0;0;0;1;1;0;0;1;1;0;0;0;18.5061666666667
0;1;1;0;1;1;0;1;0;1;1;0;0;0;1;0;0;1;0;0;0;1;1;0;0;0;0;0;0;1;1;0;0;1;1;0;0;0;25.6038
0;1;1;0;1;1;0;1;0;1;0;1;0;0;1;0;0;1;0;0;0;1;1;0;0;0;0;0;0;1;1;0;0;1;1;0;0;0;27.34996
0;1;1;0;1;1;0;1;0;1;0;0;1;0;1;0;0;1;0;0;0;1;1;0;0;0;0;0;0;1;1;0;0;1;1;0;0;0;26.5556666666667
0;1;1;0;1;1;0;1;0;1;0;0;0;1;1;0;0;1;0;0;0;1;1;0;0;0;0;0;0;1;1;0;0;1;1;0;0;0;25.7334333333333
0;1;1;0;1;1;0;1;0;1;1;0;0;0;1;0;0;0;1;0;0;1;1;0;0;0;0;0;0;1;1;0;0;1;1;0;0;0;26.3785666666667
0;1;1;0;1;1;0;1;0;1;0;0;0;1;1;0;0;0;1;0;0;1;1;0;0;0;0;0;0;1;1;0;0;1;1;0;0;0;23.6113
0;1;1;0;1;1;0;1;0;1;0;0;0;1;1;0;0;1;0;0;0;1;0;1;0;0;0;0;0;1;1;0;0;1;1;0;0;0;18.4700666666667
0;1;1;0;1;1;0;1;0;1;0;0;0;1;1;0;0;1;0;0;0;1;0;0;1;0;0;0;0;1;1;0;0;1;1;0;0;0;27.84
0;1;1;0;1;1;0;1;0;1;0;0;0;1;1;0;0;1;0;0;0;1;0;0;0;1;0;0;0;1;1;0;0;1;1;0;0;0;27.1363
0;1;1;0;1;1;0;1;0;1;0;0;0;1;1;0;0;1;0;0;0;1;0;0;0;0;1;0;0;1;1;0;0;1;1;0;0;0;22.25072
0;1;1;0;1;1;0;1;0;1;1;0;0;0;1;0;0;1;0;0;0;1;0;0;0;0;0;1;0;1;1;0;0;1;1;0;0;0;26.5737
0;1;1;0;1;1;1;0;0;1;0;0;0;1;1;0;0;1;0;0;0;1;0;0;0;0;0;1;0;1;1;0;0;1;1;0;0;0;26.39928
0;1;1;0;1;1;0;1;0;1;0;0;0;1;1;0;0;1;0;0;0;1;0;0;0;0;0;1;0;1;1;0;0;1;1;0;0;0;24.99074
0;1;1;0;1;1;0;0;1;1;0;0;0;1;1;0;0;1;0;0;0;1;0;0;0;0;0;1;0;1;1;0;0;1;1;0;0;0;26.5716
0;1;1;0;1;1;1;0;0;1;0;0;0;1;1;0;1;0;0;0;0;1;0;0;0;0;0;0;1;1;1;0;0;1;1;0;0;0;27.52198
0;1;1;0;1;1;0;1;0;1;0;0;0;1;1;0;1;0;0;0;0;1;0;0;0;0;0;0;1;1;1;0;0;1;1;0;0;0;27.96886
0;1;1;0;1;1;0;1;0;1;0;0;0;1;1;0;0;1;0;0;0;1;0;0;0;0;0;0;1;1;1;0;0;1;1;0;0;0;25.8795666666667
0;1;1;0;1;1;1;0;0;1;0;0;0;1;1;0;1;0;0;0;0;1;1;0;0;0;0;0;0;1;0;1;0;1;1;0;0;0;21.19368
0;1;1;0;1;1;0;1;0;1;0;0;0;1;1;0;1;0;0;0;0;1;1;0;0;0;0;0;0;1;0;1;0;1;1;0;0;0;27.29176
0;1;1;0;1;1;0;1;0;1;0;0;0;1;1;0;0;1;0;0;0;1;1;0;0;0;0;0;0;1;0;1;0;1;1;0;0;0;26.3428
0;1;1;0;1;1;0;1;0;1;0;0;0;1;1;0;0;1;0;0;0;1;0;1;0;0;0;0;0;1;0;1;0;1;1;0;0;0;19.1319
0;1;1;0;1;1;0;1;0;1;0;0;0;1;1;0;0;1;0;0;0;1;0;0;1;0;0;0;0;1;0;1;0;1;1;0;0;0;29.8546
0;1;1;0;1;1;0;1;0;1;0;0;0;1;1;0;0;1;0;0;0;1;0;0;0;1;0;0;0;1;0;1;0;1;1;0;0;0;27.62094
0;1;1;0;1;1;0;1;0;1;0;0;0;1;1;0;0;1;0;0;0;1;0;0;0;0;1;0;0;1;0;1;0;1;1;0;0;0;23.16776
0;1;1;0;1;1;0;1;0;1;1;0;0;0;1;0;0;1;0;0;0;1;0;0;0;0;0;1;0;1;0;1;0;1;1;0;0;0;23.4234
0;1;1;0;1;1;1;0;0;1;0;0;0;1;1;0;0;1;0;0;0;1;0;0;0;0;0;1;0;1;0;1;0;1;1;0;0;0;25.9803
0;1;1;0;1;1;0;1;0;1;0;0;0;1;1;0;0;1;0;0;0;1;0;0;0;0;0;1;0;1;0;1;0;1;1;0;0;0;25.8134
0;1;1;0;1;1;0;0;1;1;0;0;0;1;1;0;0;1;0;0;0;1;0;0;0;0;0;1;0;1;0;1;0;1;1;0;0;0;27.5489
0;1;1;0;1;1;0;1;0;1;0;0;0;1;1;0;0;1;0;0;0;1;0;0;0;0;0;0;1;1;0;1;0;1;1;0;0;0;25.84708
0;1;1;0;1;1;0;1;0;1;0;0;0;1;1;0;0;1;0;0;0;1;1;0;0;0;0;0;0;1;0;0;1;1;1;0;0;0;28.7322333333333
0;1;1;0;1;1;0;1;0;1;0;0;0;1;1;0;0;1;0;0;0;1;0;1;0;0;0;0;0;1;0;0;1;1;1;0;0;0;21.5826666666667
0;1;1;0;1;1;0;1;0;1;0;0;0;1;1;0;0;1;0;0;0;1;0;0;1;0;0;0;0;1;0;0;1;1;1;0;0;0;25.20886
0;1;1;0;1;1;0;1;0;1;0;0;0;1;1;0;0;1;0;0;0;1;0;0;0;1;0;0;0;1;0;0;1;1;1;0;0;0;25.20626
0;1;1;0;1;1;0;1;0;1;0;0;0;1;1;0;0;1;0;0;0;1;0;0;0;0;1;0;0;1;0;0;1;1;1;0;0;0;25.4321
0;1;1;0;1;1;0;1;0;1;1;0;0;0;1;0;0;1;0;0;0;1;0;0;0;0;0;1;0;1;0;0;1;1;1;0;0;0;24.97248
0;1;1;0;1;1;1;0;0;1;0;0;0;1;1;0;0;1;0;0;0;1;0;0;0;0;0;1;0;1;0;0;1;1;1;0;0;0;25.5490333333333
0;1;1;0;1;1;0;1;0;1;0;0;0;1;1;0;0;1;0;0;0;1;0;0;0;0;0;1;0;1;0;0;1;1;1;0;0;0;25.09394
0;1;1;0;1;1;0;0;1;1;0;0;0;1;1;0;0;1;0;0;0;1;0;0;0;0;0;1;0;1;0;0;1;1;1;0;0;0;28.0828
0;1;1;0;1;1;0;1;0;1;0;0;0;1;1;0;0;1;0;0;0;1;0;0;0;0;0;0;1;1;0;0;1;1;1;0;0;0;25.556
0;1;1;0;1;1;0;1;0;1;0;0;1;0;1;1;0;0;0;0;0;1;1;0;0;0;0;0;0;1;1;0;0;1;0;1;0;0;26.0183666666667
0;1;1;0;1;1;1;0;0;1;0;0;0;1;1;0;1;0;0;0;0;1;1;0;0;0;0;0;0;1;1;0;0;1;0;1;0;0;19.42746
0;1;1;0;1;1;0;1;0;1;0;0;0;1;1;0;1;0;0;0;0;1;1;0;0;0;0;0;0;1;1;0;0;1;0;1;0;0;23.80234
0;1;1;0;1;1;0;1;0;1;0;0;1;0;1;0;0;0;0;0;1;1;1;0;0;0;0;0;0;1;1;0;0;1;0;1;0;0;60.3724
0;1;1;0;1;1;1;0;0;1;0;0;0;1;1;0;1;0;0;0;0;1;0;0;0;0;0;0;1;1;1;0;0;1;0;1;0;0;26.6155
0;1;1;0;1;1;0;1;0;1;0;0;0;1;1;0;1;0;0;0;0;1;0;0;0;0;0;0;1;1;1;0;0;1;0;1;0;0;30.5152333333333
0;1;1;0;1;1;1;0;0;1;0;0;1;0;1;1;0;0;0;0;0;1;1;0;0;0;0;0;0;1;0;1;0;1;0;1;0;0;23.9941333333333
0;1;1;0;1;1;0;1;0;1;0;0;1;0;1;1;0;0;0;0;0;1;1;0;0;0;0;0;0;1;0;1;0;1;0;1;0;0;22.2853666666667
0;1;1;0;1;1;0;0;1;1;0;0;1;0;1;1;0;0;0;0;0;1;1;0;0;0;0;0;0;1;0;1;0;1;0;1;0;0;21.22684
0;1;1;0;1;1;1;0;0;1;0;0;0;1;1;0;1;0;0;0;0;1;1;0;0;0;0;0;0;1;0;1;0;1;0;1;0;0;24.6714
0;1;1;0;1;1;0;1;0;1;0;0;0;1;1;0;1;0;0;0;0;1;1;0;0;0;0;0;0;1;0;1;0;1;0;1;0;0;18.2877666666667
0;1;1;0;1;1;1;0;0;1;0;0;1;0;1;0;0;0;0;0;1;1;1;0;0;0;0;0;0;1;0;1;0;1;0;1;0;0;48.9541333333333
0;1;1;0;1;1;0;1;0;1;0;0;1;0;1;0;0;0;0;0;1;1;1;0;0;0;0;0;0;1;0;1;0;1;0;1;0;0;58.26132
0;1;1;0;1;1;0;0;1;1;0;0;1;0;1;0;0;0;0;0;1;1;1;0;0;0;0;0;0;1;0;1;0;1;0;1;0;0;50.75542
0;1;1;0;1;1;0;1;0;1;0;0;1;0;1;1;0;0;0;0;0;1;1;0;0;0;0;0;0;1;0;0;1;1;0;1;0;0;25.15134
0;1;1;0;1;1;0;1;0;1;0;0;1;0;1;0;0;0;0;0;1;1;1;0;0;0;0;0;0;1;0;0;1;1;0;1;0;0;53.3272666666667
0;1;1;0;1;1;0;1;0;1;0;1;0;0;1;1;0;0;0;0;0;1;1;0;0;0;0;0;0;1;1;0;0;1;0;0;1;0;25.4188
0;1;1;0;1;1;0;1;0;1;0;0;1;0;1;1;0;0;0;0;0;1;1;0;0;0;0;0;0;1;1;0;0;1;0;0;1;0;24.14276
0;1;1;0;1;1;0;1;0;1;0;1;0;0;1;0;0;0;0;0;1;1;1;0;0;0;0;0;0;1;1;0;0;1;0;0;1;0;50.6253
0;1;1;0;1;1;0;1;0;1;0;0;1;0;1;0;0;0;0;0;1;1;1;0;0;0;0;0;0;1;1;0;0;1;0;0;1;0;46.8025333333333
0;1;1;0;1;1;1;0;0;1;0;0;1;0;1;1;0;0;0;0;0;1;1;0;0;0;0;0;0;1;0;1;0;1;0;0;1;0;23.1825666666667
0;1;1;0;1;1;0;1;0;1;0;0;1;0;1;1;0;0;0;0;0;1;1;0;0;0;0;0;0;1;0;1;0;1;0;0;1;0;23.1758333333333
0;1;1;0;1;1;0;0;1;1;0;0;1;0;1;1;0;0;0;0;0;1;1;0;0;0;0;0;0;1;0;1;0;1;0;0;1;0;23.3283666666667
0;1;1;0;1;1;1;0;0;1;0;0;1;0;1;0;0;0;0;0;1;1;1;0;0;0;0;0;0;1;0;1;0;1;0;0;1;0;48.5666333333333
0;1;1;0;1;1;0;1;0;1;0;0;1;0;1;0;0;0;0;0;1;1;1;0;0;0;0;0;0;1;0;1;0;1;0;0;1;0;60.64566
0;1;1;0;1;1;0;0;1;1;0;0;1;0;1;0;0;0;0;0;1;1;1;0;0;0;0;0;0;1;0;1;0;1;0;0;1;0;47.7411666666667
0;1;1;0;1;1;0;1;0;1;0;0;1;0;1;1;0;0;0;0;0;1;1;0;0;0;0;0;0;1;0;0;1;1;0;0;1;0;24.8381333333333
0;1;1;0;1;1;0;1;0;1;0;0;1;0;1;0;0;0;0;0;1;1;1;0;0;0;0;0;0;1;0;0;1;1;0;0;1;0;51.3870666666667
0;1;1;0;1;1;0;1;0;1;0;0;1;0;1;1;0;0;0;0;0;1;1;0;0;0;0;0;0;1;1;0;0;1;0;0;0;1;24.7028333333333
0;1;1;0;1;1;0;1;0;1;0;0;1;0;1;0;0;0;0;0;1;1;1;0;0;0;0;0;0;1;1;0;0;1;0;0;0;1;55.3802333333333
0;1;1;0;1;1;0;1;0;1;0;0;1;0;1;1;0;0;0;0;0;1;1;0;0;0;0;0;0;1;0;1;0;1;0;0;0;1;25.7589
0;1;1;0;1;1;0;0;1;1;0;0;1;0;1;1;0;0;0;0;0;1;1;0;0;0;0;0;0;1;0;1;0;1;0;0;0;1;26.3787
0;1;1;0;1;1;0;1;0;1;0;0;1;0;1;0;0;0;0;0;1;1;1;0;0;0;0;0;0;1;0;1;0;1;0;0;0;1;53.1728
0;1;1;0;1;1;0;0;1;1;0;0;1;0;1;0;0;0;0;0;1;1;1;0;0;0;0;0;0;1;0;1;0;1;0;0;0;1;57.14548
0;1;1;0;1;1;0;1;0;1;0;0;1;0;1;1;0;0;0;0;0;1;1;0;0;0;0;0;0;1;0;0;1;1;0;0;0;1;23.6671666666667
0;1;1;0;1;1;0;1;0;1;0;0;1;0;1;0;0;0;0;0;1;1;1;0;0;0;0;0;0;1;0;0;1;1;0;0;0;1;59.53354
1;1;1;0;1;1;1;0;0;1;1;0;0;0;1;1;0;0;0;0;0;1;1;0;0;0;0;0;0;1;1;0;0;1;1;0;0;0;28.6515
1;1;1;0;1;1;0;1;0;1;1;0;0;0;1;1;0;0;0;0;0;1;1;0;0;0;0;0;0;1;1;0;0;1;1;0;0;0;29.6765333333333
1;1;1;0;1;1;0;0;1;1;1;0;0;0;1;1;0;0;0;0;0;1;1;0;0;0;0;0;0;1;1;0;0;1;1;0;0;0;29.7861
1;1;1;0;1;1;1;0;0;1;0;1;0;0;1;1;0;0;0;0;0;1;1;0;0;0;0;0;0;1;1;0;0;1;1;0;0;0;28.1946666666667
1;1;1;0;1;1;0;1;0;1;0;1;0;0;1;1;0;0;0;0;0;1;1;0;0;0;0;0;0;1;1;0;0;1;1;0;0;0;28.7830666666667
1;1;1;0;1;1;0;0;1;1;0;1;0;0;1;1;0;0;0;0;0;1;1;0;0;0;0;0;0;1;1;0;0;1;1;0;0;0;28.5738333333333
1;1;1;0;1;1;1;0;0;1;0;0;1;0;1;1;0;0;0;0;0;1;1;0;0;0;0;0;0;1;1;0;0;1;1;0;0;0;27.8006333333333
1;1;1;0;1;1;0;1;0;1;0;0;1;0;1;1;0;0;0;0;0;1;1;0;0;0;0;0;0;1;1;0;0;1;1;0;0;0;30.4514666666667
1;1;1;0;1;1;0;0;1;1;0;0;1;0;1;1;0;0;0;0;0;1;1;0;0;0;0;0;0;1;1;0;0;1;1;0;0;0;29.6095333333333
1;1;1;0;1;1;1;0;0;1;0;0;0;1;1;1;0;0;0;0;0;1;1;0;0;0;0;0;0;1;1;0;0;1;1;0;0;0;28.6779666666667
1;1;1;0;1;1;0;1;0;1;0;0;0;1;1;1;0;0;0;0;0;1;1;0;0;0;0;0;0;1;1;0;0;1;1;0;0;0;29.4341666666667
1;1;1;0;1;1;0;0;1;1;0;0;0;1;1;1;0;0;0;0;0;1;1;0;0;0;0;0;0;1;1;0;0;1;1;0;0;0;29.6725666666667
1;1;1;0;1;1;1;0;0;1;1;0;0;0;1;0;1;0;0;0;0;1;1;0;0;0;0;0;0;1;1;0;0;1;1;0;0;0;27.2546666666667
1;1;1;0;1;1;0;1;0;1;1;0;0;0;1;0;1;0;0;0;0;1;1;0;0;0;0;0;0;1;1;0;0;1;1;0;0;0;28.9994333333333
1;1;1;0;1;1;0;1;0;1;0;1;0;0;1;0;1;0;0;0;0;1;1;0;0;0;0;0;0;1;1;0;0;1;1;0;0;0;28.1727666666667
1;1;1;0;1;1;1;0;0;1;0;0;1;0;1;0;1;0;0;0;0;1;1;0;0;0;0;0;0;1;1;0;0;1;1;0;0;0;25.7224666666667
1;1;1;0;1;1;0;1;0;1;0;0;1;0;1;0;1;0;0;0;0;1;1;0;0;0;0;0;0;1;1;0;0;1;1;0;0;0;28.1549666666667
1;1;1;0;1;1;1;0;0;1;0;0;0;1;1;0;1;0;0;0;0;1;1;0;0;0;0;0;0;1;1;0;0;1;1;0;0;0;25.4750333333333
1;1;1;0;1;1;0;1;0;1;0;0;0;1;1;0;1;0;0;0;0;1;1;0;0;0;0;0;0;1;1;0;0;1;1;0;0;0;26.9288
1;1;1;0;1;1;0;1;0;1;1;0;0;0;1;0;0;1;0;0;0;1;1;0;0;0;0;0;0;1;1;0;0;1;1;0;0;0;26.9212
1;1;1;0;1;1;0;1;0;1;0;1;0;0;1;0;0;1;0;0;0;1;1;0;0;0;0;0;0;1;1;0;0;1;1;0;0;0;27.1858
1;1;1;0;1;1;0;1;0;1;0;0;1;0;1;0;0;1;0;0;0;1;1;0;0;0;0;0;0;1;1;0;0;1;1;0;0;0;26.1591666666667
1;1;1;0;1;1;0;1;0;1;0;0;0;1;1;0;0;1;0;0;0;1;1;0;0;0;0;0;0;1;1;0;0;1;1;0;0;0;26.99548
1;1;1;0;1;1;0;1;0;1;1;0;0;0;1;0;0;0;1;0;0;1;1;0;0;0;0;0;0;1;1;0;0;1;1;0;0;0;26.897
1;1;1;0;1;1;0;1;0;1;0;0;0;1;1;0;0;0;1;0;0;1;1;0;0;0;0;0;0;1;1;0;0;1;1;0;0;0;27.5007333333333
1;1;1;0;1;1;0;1;0;1;0;0;0;1;1;0;0;1;0;0;0;1;0;1;0;0;0;0;0;1;1;0;0;1;1;0;0;0;28.7646
1;1;1;0;1;1;0;1;0;1;0;0;0;1;1;0;0;1;0;0;0;1;0;0;1;0;0;0;0;1;1;0;0;1;1;0;0;0;28.6698333333333
1;1;1;0;1;1;0;1;0;1;0;0;0;1;1;0;0;1;0;0;0;1;0;0;0;1;0;0;0;1;1;0;0;1;1;0;0;0;31.1558333333333
1;1;1;0;1;1;0;1;0;1;0;0;0;1;1;0;0;1;0;0;0;1;0;0;0;0;1;0;0;1;1;0;0;1;1;0;0;0;27.9282
1;1;1;0;1;1;0;1;0;1;1;0;0;0;1;0;0;1;0;0;0;1;0;0;0;0;0;1;0;1;1;0;0;1;1;0;0;0;28.263
1;1;1;0;1;1;1;0;0;1;0;0;0;1;1;0;0;1;0;0;0;1;0;0;0;0;0;1;0;1;1;0;0;1;1;0;0;0;28.9340666666667
1;1;1;0;1;1;0;1;0;1;0;0;0;1;1;0;0;1;0;0;0;1;0;0;0;0;0;1;0;1;1;0;0;1;1;0;0;0;29.9312333333333
1;1;1;0;1;1;0;0;1;1;0;0;0;1;1;0;0;1;0;0;0;1;0;0;0;0;0;1;0;1;1;0;0;1;1;0;0;0;29.7378333333333
1;1;1;0;1;1;1;0;0;1;0;0;0;1;1;0;1;0;0;0;0;1;0;0;0;0;0;0;1;1;1;0;0;1;1;0;0;0;33.9219
1;1;1;0;1;1;0;1;0;1;0;0;0;1;1;0;1;0;0;0;0;1;0;0;0;0;0;0;1;1;1;0;0;1;1;0;0;0;34.0864333333333
1;1;1;0;1;1;0;1;0;1;0;0;0;1;1;0;0;1;0;0;0;1;0;0;0;0;0;0;1;1;1;0;0;1;1;0;0;0;30.4873
1;1;1;0;1;1;1;0;0;1;0;0;0;1;1;0;1;0;0;0;0;1;1;0;0;0;0;0;0;1;0;1;0;1;1;0;0;0;26.8489
1;1;1;0;1;1;0;1;0;1;0;0;0;1;1;0;1;0;0;0;0;1;1;0;0;0;0;0;0;1;0;1;0;1;1;0;0;0;26.6332333333333
1;1;1;0;1;1;0;1;0;1;0;0;0;1;1;0;0;1;0;0;0;1;1;0;0;0;0;0;0;1;0;1;0;1;1;0;0;0;25.9489
1;1;1;0;1;1;0;1;0;1;0;0;0;1;1;0;0;1;0;0;0;1;0;1;0;0;0;0;0;1;0;1;0;1;1;0;0;0;28.3314333333333
1;1;1;0;1;1;0;1;0;1;0;0;0;1;1;0;0;1;0;0;0;1;0;0;1;0;0;0;0;1;0;1;0;1;1;0;0;0;29.3705666666667
1;1;1;0;1;1;0;1;0;1;0;0;0;1;1;0;0;1;0;0;0;1;0;0;0;1;0;0;0;1;0;1;0;1;1;0;0;0;27.4693666666667
1;1;1;0;1;1;0;1;0;1;0;0;0;1;1;0;0;1;0;0;0;1;0;0;0;0;1;0;0;1;0;1;0;1;1;0;0;0;29.1346666666667
1;1;1;0;1;1;0;1;0;1;1;0;0;0;1;0;0;1;0;0;0;1;0;0;0;0;0;1;0;1;0;1;0;1;1;0;0;0;28.2634
1;1;1;0;1;1;1;0;0;1;0;0;0;1;1;0;0;1;0;0;0;1;0;0;0;0;0;1;0;1;0;1;0;1;1;0;0;0;29.4327333333333
1;1;1;0;1;1;0;1;0;1;0;0;0;1;1;0;0;1;0;0;0;1;0;0;0;0;0;1;0;1;0;1;0;1;1;0;0;0;29.4408333333333
1;1;1;0;1;1;0;0;1;1;0;0;0;1;1;0;0;1;0;0;0;1;0;0;0;0;0;1;0;1;0;1;0;1;1;0;0;0;28.8159333333333
1;1;1;0;1;1;0;1;0;1;0;0;0;1;1;0;0;1;0;0;0;1;0;0;0;0;0;0;1;1;0;1;0;1;1;0;0;0;29.7621
1;1;1;0;1;1;0;1;0;1;0;0;0;1;1;0;0;1;0;0;0;1;1;0;0;0;0;0;0;1;0;0;1;1;1;0;0;0;28.4634
1;1;1;0;1;1;0;1;0;1;0;0;0;1;1;0;0;1;0;0;0;1;0;1;0;0;0;0;0;1;0;0;1;1;1;0;0;0;27.6713
1;1;1;0;1;1;0;1;0;1;0;0;0;1;1;0;0;1;0;0;0;1;0;0;1;0;0;0;0;1;0;0;1;1;1;0;0;0;30.8966666666667
1;1;1;0;1;1;0;1;0;1;0;0;0;1;1;0;0;1;0;0;0;1;0;0;0;1;0;0;0;1;0;0;1;1;1;0;0;0;30.1288666666667
1;1;1;0;1;1;0;1;0;1;0;0;0;1;1;0;0;1;0;0;0;1;0;0;0;0;1;0;0;1;0;0;1;1;1;0;0;0;30.2341
1;1;1;0;1;1;0;1;0;1;1;0;0;0;1;0;0;1;0;0;0;1;0;0;0;0;0;1;0;1;0;0;1;1;1;0;0;0;28.7173333333333
1;1;1;0;1;1;1;0;0;1;0;0;0;1;1;0;0;1;0;0;0;1;0;0;0;0;0;1;0;1;0;0;1;1;1;0;0;0;27.7565
1;1;1;0;1;1;0;1;0;1;0;0;0;1;1;0;0;1;0;0;0;1;0;0;0;0;0;1;0;1;0;0;1;1;1;0;0;0;29.6527333333333
1;1;1;0;1;1;0;0;1;1;0;0;0;1;1;0;0;1;0;0;0;1;0;0;0;0;0;1;0;1;0;0;1;1;1;0;0;0;27.8876666666667
1;1;1;0;1;1;0;1;0;1;0;0;0;1;1;0;0;1;0;0;0;1;0;0;0;0;0;0;1;1;0;0;1;1;1;0;0;0;29.9190333333333
1;1;1;0;1;1;0;1;0;1;0;0;1;0;1;1;0;0;0;0;0;1;1;0;0;0;0;0;0;1;1;0;0;1;0;1;0;0;29.6936333333333
1;1;1;0;1;1;1;0;0;1;0;0;0;1;1;0;1;0;0;0;0;1;1;0;0;0;0;0;0;1;1;0;0;1;0;1;0;0;25.38662
1;1;1;0;1;1;0;1;0;1;0;0;0;1;1;0;1;0;0;0;0;1;1;0;0;0;0;0;0;1;1;0;0;1;0;1;0;0;30.1039666666667
1;1;1;0;1;1;0;1;0;1;0;0;1;0;1;0;0;0;0;0;1;1;1;0;0;0;0;0;0;1;1;0;0;1;0;1;0;0;85.1375333333333
1;1;1;0;1;1;1;0;0;1;0;0;1;0;1;1;0;0;0;0;0;1;1;0;0;0;0;0;0;1;0;1;0;1;0;1;0;0;28.7241
1;1;1;0;1;1;0;1;0;1;0;0;1;0;1;1;0;0;0;0;0;1;1;0;0;0;0;0;0;1;0;1;0;1;0;1;0;0;28.9318333333333
1;1;1;0;1;1;0;0;1;1;0;0;1;0;1;1;0;0;0;0;0;1;1;0;0;0;0;0;0;1;0;1;0;1;0;1;0;0;30.7633333333333
1;1;1;0;1;1;1;0;0;1;0;0;0;1;1;0;1;0;0;0;0;1;1;0;0;0;0;0;0;1;0;1;0;1;0;1;0;0;27.7316333333333
1;1;1;0;1;1;0;1;0;1;0;0;0;1;1;0;1;0;0;0;0;1;1;0;0;0;0;0;0;1;0;1;0;1;0;1;0;0;27.4410333333333
1;1;1;0;1;1;1;0;0;1;0;0;1;0;1;0;0;0;0;0;1;1;1;0;0;0;0;0;0;1;0;1;0;1;0;1;0;0;92.7220333333333
1;1;1;0;1;1;0;1;0;1;0;0;1;0;1;0;0;0;0;0;1;1;1;0;0;0;0;0;0;1;0;1;0;1;0;1;0;0;83.0940666666667
1;1;1;0;1;1;0;0;1;1;0;0;1;0;1;0;0;0;0;0;1;1;1;0;0;0;0;0;0;1;0;1;0;1;0;1;0;0;81.9087
1;1;1;0;1;1;0;1;0;1;0;0;1;0;1;1;0;0;0;0;0;1;1;0;0;0;0;0;0;1;0;0;1;1;0;1;0;0;29.6294666666667
1;1;1;0;1;1;0;1;0;1;0;0;1;0;1;0;0;0;0;0;1;1;1;0;0;0;0;0;0;1;0;0;1;1;0;1;0;0;80.5736
1;1;1;0;1;1;0;1;0;1;0;1;0;0;1;1;0;0;0;0;0;1;1;0;0;0;0;0;0;1;1;0;0;1;0;0;1;0;30.8107
1;1;1;0;1;1;0;1;0;1;0;0;1;0;1;1;0;0;0;0;0;1;1;0;0;0;0;0;0;1;1;0;0;1;0;0;1;0;30.1906333333333
1;1;1;0;1;1;0;1;0;1;0;1;0;0;1;0;0;0;0;0;1;1;1;0;0;0;0;0;0;1;1;0;0;1;0;0;1;0;77.8427
1;1;1;0;1;1;0;1;0;1;0;0;1;0;1;0;0;0;0;0;1;1;1;0;0;0;0;0;0;1;1;0;0;1;0;0;1;0;78.6550666666667
1;1;1;0;1;1;1;0;0;1;0;0;1;0;1;1;0;0;0;0;0;1;1;0;0;0;0;0;0;1;0;1;0;1;0;0;1;0;29.0873
1;1;1;0;1;1;0;1;0;1;0;0;1;0;1;1;0;0;0;0;0;1;1;0;0;0;0;0;0;1;0;1;0;1;0;0;1;0;29.0101666666667
1;1;1;0;1;1;0;0;1;1;0;0;1;0;1;1;0;0;0;0;0;1;1;0;0;0;0;0;0;1;0;1;0;1;0;0;1;0;29.1324333333333
1;1;1;0;1;1;1;0;0;1;0;0;1;0;1;0;0;0;0;0;1;1;1;0;0;0;0;0;0;1;0;1;0;1;0;0;1;0;77.9479666666667
1;1;1;0;1;1;0;1;0;1;0;0;1;0;1;0;0;0;0;0;1;1;1;0;0;0;0;0;0;1;0;1;0;1;0;0;1;0;81.8797666666667
1;1;1;0;1;1;0;0;1;1;0;0;1;0;1;0;0;0;0;0;1;1;1;0;0;0;0;0;0;1;0;1;0;1;0;0;1;0;78.977
1;1;1;0;1;1;0;1;0;1;0;0;1;0;1;1;0;0;0;0;0;1;1;0;0;0;0;0;0;1;0;0;1;1;0;0;1;0;30.4597666666667
1;1;1;0;1;1;0;1;0;1;0;0;1;0;1;0;0;0;0;0;1;1;1;0;0;0;0;0;0;1;0;0;1;1;0;0;1;0;81.2563666666667
1;1;1;0;1;1;0;1;0;1;0;0;1;0;1;1;0;0;0;0;0;1;1;0;0;0;0;0;0;1;1;0;0;1;0;0;0;1;29.4641
1;1;1;0;1;1;0;1;0;1;0;0;1;0;1;0;0;0;0;0;1;1;1;0;0;0;0;0;0;1;1;0;0;1;0;0;0;1;80.9369333333333
1;1;1;0;1;1;0;1;0;1;0;0;1;0;1;1;0;0;0;0;0;1;1;0;0;0;0;0;0;1;0;1;0;1;0;0;0;1;28.5427666666667
1;1;1;0;1;1;0;0;1;1;0;0;1;0;1;1;0;0;0;0;0;1;1;0;0;0;0;0;0;1;0;1;0;1;0;0;0;1;29.3553666666667
1;1;1;0;1;1;0;1;0;1;0;0;1;0;1;0;0;0;0;0;1;1;1;0;0;0;0;0;0;1;0;1;0;1;0;0;0;1;78.9116
1;1;1;0;1;1;0;0;1;1;0;0;1;0;1;0;0;0;0;0;1;1;1;0;0;0;0;0;0;1;0;1;0;1;0;0;0;1;78.577
1;1;1;0;1;1;0;1;0;1;0;0;1;0;1;1;0;0;0;0;0;1;1;0;0;0;0;0;0;1;0;0;1;1;0;0;0;1;30.2608666666667
1;1;1;0;1;1;0;1;0;1;0;0;1;0;1;0;0;0;0;0;1;1;1;0;0;0;0;0;0;1;0;0;1;1;0;0;0;1;80.85232
0;1;1;1;1;1;1;0;0;1;1;0;0;0;1;1;0;0;0;0;0;1;1;0;0;0;0;0;0;1;1;0;0;1;1;0;0;0;31.8515666666667
0;1;1;1;1;1;0;1;0;1;1;0;0;0;1;1;0;0;0;0;0;1;1;0;0;0;0;0;0;1;1;0;0;1;1;0;0;0;34.2205666666667
0;1;1;1;1;1;0;0;1;1;1;0;0;0;1;1;0;0;0;0;0;1;1;0;0;0;0;0;0;1;1;0;0;1;1;0;0;0;33.1295333333333
0;1;1;1;1;1;1;0;0;1;0;1;0;0;1;1;0;0;0;0;0;1;1;0;0;0;0;0;0;1;1;0;0;1;1;0;0;0;35.3086666666667
0;1;1;1;1;1;0;1;0;1;0;1;0;0;1;1;0;0;0;0;0;1;1;0;0;0;0;0;0;1;1;0;0;1;1;0;0;0;33.917
0;1;1;1;1;1;0;0;1;1;0;1;0;0;1;1;0;0;0;0;0;1;1;0;0;0;0;0;0;1;1;0;0;1;1;0;0;0;34.2173
0;1;1;1;1;1;1;0;0;1;0;0;1;0;1;1;0;0;0;0;0;1;1;0;0;0;0;0;0;1;1;0;0;1;1;0;0;0;33.0470333333333
0;1;1;1;1;1;0;1;0;1;0;0;1;0;1;1;0;0;0;0;0;1;1;0;0;0;0;0;0;1;1;0;0;1;1;0;0;0;34.9011
0;1;1;1;1;1;0;0;1;1;0;0;1;0;1;1;0;0;0;0;0;1;1;0;0;0;0;0;0;1;1;0;0;1;1;0;0;0;34.1721
0;1;1;1;1;1;1;0;0;1;0;0;0;1;1;1;0;0;0;0;0;1;1;0;0;0;0;0;0;1;1;0;0;1;1;0;0;0;31.9363
0;1;1;1;1;1;0;1;0;1;0;0;0;1;1;1;0;0;0;0;0;1;1;0;0;0;0;0;0;1;1;0;0;1;1;0;0;0;32.6466
0;1;1;1;1;1;0;0;1;1;0;0;0;1;1;1;0;0;0;0;0;1;1;0;0;0;0;0;0;1;1;0;0;1;1;0;0;0;33.6156333333333
0;1;1;1;1;1;1;0;0;1;1;0;0;0;1;0;1;0;0;0;0;1;1;0;0;0;0;0;0;1;1;0;0;1;1;0;0;0;41.6889333333333
0;1;1;1;1;1;0;1;0;1;1;0;0;0;1;0;1;0;0;0;0;1;1;0;0;0;0;0;0;1;1;0;0;1;1;0;0;0;43.2732666666667
0;1;1;1;1;1;0;1;0;1;0;1;0;0;1;0;1;0;0;0;0;1;1;0;0;0;0;0;0;1;1;0;0;1;1;0;0;0;42.7017
0;1;1;1;1;1;1;0;0;1;0;0;1;0;1;0;1;0;0;0;0;1;1;0;0;0;0;0;0;1;1;0;0;1;1;0;0;0;42.4027
0;1;1;1;1;1;0;1;0;1;0;0;1;0;1;0;1;0;0;0;0;1;1;0;0;0;0;0;0;1;1;0;0;1;1;0;0;0;42.6673333333333
0;1;1;1;1;1;1;0;0;1;0;0;0;1;1;0;1;0;0;0;0;1;1;0;0;0;0;0;0;1;1;0;0;1;1;0;0;0;42.2781666666667
0;1;1;1;1;1;0;1;0;1;0;0;0;1;1;0;1;0;0;0;0;1;1;0;0;0;0;0;0;1;1;0;0;1;1;0;0;0;44.2195666666667
0;1;1;1;1;1;0;1;0;1;1;0;0;0;1;0;0;1;0;0;0;1;1;0;0;0;0;0;0;1;1;0;0;1;1;0;0;0;63.7999333333333
0;1;1;1;1;1;0;1;0;1;0;1;0;0;1;0;0;1;0;0;0;1;1;0;0;0;0;0;0;1;1;0;0;1;1;0;0;0;63.003
0;1;1;1;1;1;0;1;0;1;0;0;1;0;1;0;0;1;0;0;0;1;1;0;0;0;0;0;0;1;1;0;0;1;1;0;0;0;64.2297
0;1;1;1;1;1;0;1;0;1;0;0;0;1;1;0;0;1;0;0;0;1;1;0;0;0;0;0;0;1;1;0;0;1;1;0;0;0;63.6712
0;1;1;1;1;1;0;1;0;1;0;0;0;1;1;0;0;0;1;0;0;1;1;0;0;0;0;0;0;1;1;0;0;1;1;0;0;0;93.0086
0;1;1;1;1;1;0;1;0;1;0;0;0;1;1;0;0;1;0;0;0;1;0;1;0;0;0;0;0;1;1;0;0;1;1;0;0;0;30.6350666666667
0;1;1;1;1;1;0;1;0;1;0;0;0;1;1;0;0;1;0;0;0;1;0;0;1;0;0;0;0;1;1;0;0;1;1;0;0;0;64.5131666666667
0;1;1;1;1;1;0;1;0;1;0;0;0;1;1;0;0;1;0;0;0;1;0;0;0;1;0;0;0;1;1;0;0;1;1;0;0;0;69.2172333333333
0;1;1;1;1;1;0;1;0;1;0;0;0;1;1;0;0;1;0;0;0;1;0;0;0;0;1;0;0;1;1;0;0;1;1;0;0;0;70.1710666666667
0;1;1;1;1;1;0;1;0;1;1;0;0;0;1;0;0;1;0;0;0;1;0;0;0;0;0;1;0;1;1;0;0;1;1;0;0;0;71.4799666666667
0;1;1;1;1;1;1;0;0;1;0;0;0;1;1;0;0;1;0;0;0;1;0;0;0;0;0;1;0;1;1;0;0;1;1;0;0;0;75.1604333333333
0;1;1;1;1;1;0;1;0;1;0;0;0;1;1;0;0;1;0;0;0;1;0;0;0;0;0;1;0;1;1;0;0;1;1;0;0;0;70.6947666666667
0;1;1;1;1;1;0;0;1;1;0;0;0;1;1;0;0;1;0;0;0;1;0;0;0;0;0;1;0;1;1;0;0;1;1;0;0;0;69.704
0;1;1;1;1;1;1;0;0;1;0;0;0;1;1;0;1;0;0;0;0;1;0;0;0;0;0;0;1;1;1;0;0;1;1;0;0;0;41.4512333333333
0;1;1;1;1;1;0;1;0;1;0;0;0;1;1;0;1;0;0;0;0;1;0;0;0;0;0;0;1;1;1;0;0;1;1;0;0;0;40.0418
0;1;1;1;1;1;0;1;0;1;0;0;0;1;1;0;0;1;0;0;0;1;0;0;0;0;0;0;1;1;1;0;0;1;1;0;0;0;70.0061333333333
0;1;1;1;1;1;1;0;0;1;0;0;0;1;1;0;1;0;0;0;0;1;1;0;0;0;0;0;0;1;0;1;0;1;1;0;0;0;39.4410666666667
0;1;1;1;1;1;0;1;0;1;0;0;0;1;1;0;1;0;0;0;0;1;1;0;0;0;0;0;0;1;0;1;0;1;1;0;0;0;40.5739
0;1;1;1;1;1;0;1;0;1;0;0;0;1;1;0;0;1;0;0;0;1;1;0;0;0;0;0;0;1;0;1;0;1;1;0;0;0;62.4754333333333
0;1;1;1;1;1;0;1;0;1;0;0;0;1;1;0;0;1;0;0;0;1;0;1;0;0;0;0;0;1;0;1;0;1;1;0;0;0;39.7095
0;1;1;1;1;1;0;1;0;1;0;0;0;1;1;0;0;1;0;0;0;1;0;0;1;0;0;0;0;1;0;1;0;1;1;0;0;0;64.0727
0;1;1;1;1;1;0;1;0;1;0;0;0;1;1;0;0;1;0;0;0;1;0;0;0;1;0;0;0;1;0;1;0;1;1;0;0;0;65.784
0;1;1;1;1;1;0;1;0;1;0;0;0;1;1;0;0;1;0;0;0;1;0;0;0;0;1;0;0;1;0;1;0;1;1;0;0;0;70.4279333333333
0;1;1;1;1;1;0;1;0;1;1;0;0;0;1;0;0;1;0;0;0;1;0;0;0;0;0;1;0;1;0;1;0;1;1;0;0;0;71.0324
0;1;1;1;1;1;1;0;0;1;0;0;0;1;1;0;0;1;0;0;0;1;0;0;0;0;0;1;0;1;0;1;0;1;1;0;0;0;70.4809666666667
0;1;1;1;1;1;0;1;0;1;0;0;0;1;1;0;0;1;0;0;0;1;0;0;0;0;0;1;0;1;0;1;0;1;1;0;0;0;67.913
0;1;1;1;1;1;0;0;1;1;0;0;0;1;1;0;0;1;0;0;0;1;0;0;0;0;0;1;0;1;0;1;0;1;1;0;0;0;68.7404333333333
0;1;1;1;1;1;0;1;0;1;0;0;0;1;1;0;0;1;0;0;0;1;0;0;0;0;0;0;1;1;0;1;0;1;1;0;0;0;71.7275
0;1;1;1;1;1;0;1;0;1;0;0;0;1;1;0;0;1;0;0;0;1;1;0;0;0;0;0;0;1;0;0;1;1;1;0;0;0;67.9996666666667
0;1;1;1;1;1;0;1;0;1;0;0;0;1;1;0;0;1;0;0;0;1;0;1;0;0;0;0;0;1;0;0;1;1;1;0;0;0;37.93306
0;1;1;1;1;1;0;1;0;1;0;0;0;1;1;0;0;1;0;0;0;1;0;0;1;0;0;0;0;1;0;0;1;1;1;0;0;0;68.9516666666667
0;1;1;1;1;1;0;1;0;1;0;0;0;1;1;0;0;1;0;0;0;1;0;0;0;1;0;0;0;1;0;0;1;1;1;0;0;0;66.6890333333333
0;1;1;1;1;1;0;1;0;1;0;0;0;1;1;0;0;1;0;0;0;1;0;0;0;0;1;0;0;1;0;0;1;1;1;0;0;0;71.2701
0;1;1;1;1;1;0;1;0;1;1;0;0;0;1;0;0;1;0;0;0;1;0;0;0;0;0;1;0;1;0;0;1;1;1;0;0;0;71.3155
0;1;1;1;1;1;1;0;0;1;0;0;0;1;1;0;0;1;0;0;0;1;0;0;0;0;0;1;0;1;0;0;1;1;1;0;0;0;74.7823
0;1;1;1;1;1;0;1;0;1;0;0;0;1;1;0;0;1;0;0;0;1;0;0;0;0;0;1;0;1;0;0;1;1;1;0;0;0;72.2495
0;1;1;1;1;1;0;0;1;1;0;0;0;1;1;0;0;1;0;0;0;1;0;0;0;0;0;1;0;1;0;0;1;1;1;0;0;0;68.5068666666667
0;1;1;1;1;1;0;1;0;1;0;0;0;1;1;0;0;1;0;0;0;1;0;0;0;0;0;0;1;1;0;0;1;1;1;0;0;0;70.7711
0;1;1;1;1;1;0;1;0;1;0;0;1;0;1;1;0;0;0;0;0;1;1;0;0;0;0;0;0;1;1;0;0;1;0;1;0;0;31.8381
0;1;1;1;1;1;1;0;0;1;0;0;0;1;1;0;1;0;0;0;0;1;1;0;0;0;0;0;0;1;1;0;0;1;0;1;0;0;42.3782
0;1;1;1;1;1;0;1;0;1;0;0;0;1;1;0;1;0;0;0;0;1;1;0;0;0;0;0;0;1;1;0;0;1;0;1;0;0;42.8149
0;1;1;1;1;1;0;1;0;1;0;0;1;0;1;0;0;0;0;0;1;1;1;0;0;0;0;0;0;1;1;0;0;1;0;1;0;0;489.677633333333
0;1;1;1;1;1;1;0;0;1;0;0;1;0;1;1;0;0;0;0;0;1;1;0;0;0;0;0;0;1;0;1;0;1;0;1;0;0;32.5329333333333
0;1;1;1;1;1;0;1;0;1;0;0;1;0;1;1;0;0;0;0;0;1;1;0;0;0;0;0;0;1;0;1;0;1;0;1;0;0;32.8145
0;1;1;1;1;1;0;0;1;1;0;0;1;0;1;1;0;0;0;0;0;1;1;0;0;0;0;0;0;1;0;1;0;1;0;1;0;0;33.3964
0;1;1;1;1;1;1;0;0;1;0;0;0;1;1;0;1;0;0;0;0;1;1;0;0;0;0;0;0;1;0;1;0;1;0;1;0;0;41.4947333333333
0;1;1;1;1;1;0;1;0;1;0;0;0;1;1;0;1;0;0;0;0;1;1;0;0;0;0;0;0;1;0;1;0;1;0;1;0;0;42.7615
0;1;1;1;1;1;1;0;0;1;0;0;1;0;1;0;0;0;0;0;1;1;1;0;0;0;0;0;0;1;0;1;0;1;0;1;0;0;476.153466666667
0;1;1;1;1;1;0;1;0;1;0;0;1;0;1;0;0;0;0;0;1;1;1;0;0;0;0;0;0;1;0;1;0;1;0;1;0;0;481.043166666667
0;1;1;1;1;1;0;0;1;1;0;0;1;0;1;0;0;0;0;0;1;1;1;0;0;0;0;0;0;1;0;1;0;1;0;1;0;0;491.447
0;1;1;1;1;1;0;1;0;1;0;0;1;0;1;1;0;0;0;0;0;1;1;0;0;0;0;0;0;1;0;0;1;1;0;1;0;0;34.0605
0;1;1;1;1;1;0;1;0;1;0;0;1;0;1;0;0;0;0;0;1;1;1;0;0;0;0;0;0;1;0;0;1;1;0;1;0;0;478.6082
0;1;1;1;1;1;0;1;0;1;0;1;0;0;1;1;0;0;0;0;0;1;1;0;0;0;0;0;0;1;1;0;0;1;0;0;1;0;36.241
0;1;1;1;1;1;0;1;0;1;0;0;1;0;1;1;0;0;0;0;0;1;1;0;0;0;0;0;0;1;1;0;0;1;0;0;1;0;33.4471333333333
0;1;1;1;1;1;0;1;0;1;0;0;1;0;1;0;0;0;0;0;1;1;1;0;0;0;0;0;0;1;1;0;0;1;0;0;1;0;491.668466666667
0;1;1;1;1;1;1;0;0;1;0;0;1;0;1;1;0;0;0;0;0;1;1;0;0;0;0;0;0;1;0;1;0;1;0;0;1;0;32.5636666666667
0;1;1;1;1;1;0;1;0;1;0;0;1;0;1;1;0;0;0;0;0;1;1;0;0;0;0;0;0;1;0;1;0;1;0;0;1;0;32.3519
0;1;1;1;1;1;0;0;1;1;0;0;1;0;1;1;0;0;0;0;0;1;1;0;0;0;0;0;0;1;0;1;0;1;0;0;1;0;33.4587333333333
0;1;1;1;1;1;1;0;0;1;0;0;1;0;1;0;0;0;0;0;1;1;1;0;0;0;0;0;0;1;0;1;0;1;0;0;1;0;466.933833333333
0;1;1;1;1;1;0;1;0;1;0;0;1;0;1;0;0;0;0;0;1;1;1;0;0;0;0;0;0;1;0;1;0;1;0;0;1;0;474.5622
0;1;1;1;1;1;0;0;1;1;0;0;1;0;1;0;0;0;0;0;1;1;1;0;0;0;0;0;0;1;0;1;0;1;0;0;1;0;481.436933333333
0;1;1;1;1;1;0;1;0;1;0;0;1;0;1;1;0;0;0;0;0;1;1;0;0;0;0;0;0;1;0;0;1;1;0;0;1;0;32.8186666666667
0;1;1;1;1;1;0;1;0;1;0;0;1;0;1;0;0;0;0;0;1;1;1;0;0;0;0;0;0;1;0;0;1;1;0;0;1;0;473.4161
0;1;1;1;1;1;0;1;0;1;0;0;1;0;1;1;0;0;0;0;0;1;1;0;0;0;0;0;0;1;1;0;0;1;0;0;0;1;34.1992333333333
0;1;1;1;1;1;0;1;0;1;0;0;1;0;1;0;0;0;0;0;1;1;1;0;0;0;0;0;0;1;1;0;0;1;0;0;0;1;475.4059
0;1;1;1;1;1;0;1;0;1;0;0;1;0;1;1;0;0;0;0;0;1;1;0;0;0;0;0;0;1;0;1;0;1;0;0;0;1;33.5221666666667
0;1;1;1;1;1;0;0;1;1;0;0;1;0;1;1;0;0;0;0;0;1;1;0;0;0;0;0;0;1;0;1;0;1;0;0;0;1;33.4813666666667
0;1;1;1;1;1;0;1;0;1;0;0;1;0;1;0;0;0;0;0;1;1;1;0;0;0;0;0;0;1;0;1;0;1;0;0;0;1;476.989133333333
0;1;1;1;1;1;0;0;1;1;0;0;1;0;1;0;0;0;0;0;1;1;1;0;0;0;0;0;0;1;0;1;0;1;0;0;0;1;485.850066666667
0;1;1;1;1;1;0;1;0;1;0;0;1;0;1;1;0;0;0;0;0;1;1;0;0;0;0;0;0;1;0;0;1;1;0;0;0;1;34.0855
0;1;1;1;1;1;0;1;0;1;0;0;1;0;1;0;0;0;0;0;1;1;1;0;0;0;0;0;0;1;0;0;1;1;0;0;0;1;479.7715
1;1;1;1;1;1;1;0;0;1;1;0;0;0;1;1;0;0;0;0;0;1;1;0;0;0;0;0;0;1;1;0;0;1;1;0;0;0;35.0639666666667
1;1;1;1;1;1;0;1;0;1;1;0;0;0;1;1;0;0;0;0;0;1;1;0;0;0;0;0;0;1;1;0;0;1;1;0;0;0;37.6606666666667
1;1;1;1;1;1;0;0;1;1;1;0;0;0;1;1;0;0;0;0;0;1;1;0;0;0;0;0;0;1;1;0;0;1;1;0;0;0;42.7219333333333
1;1;1;1;1;1;1;0;0;1;0;1;0;0;1;1;0;0;0;0;0;1;1;0;0;0;0;0;0;1;1;0;0;1;1;0;0;0;34.0304
1;1;1;1;1;1;0;1;0;1;0;1;0;0;1;1;0;0;0;0;0;1;1;0;0;0;0;0;0;1;1;0;0;1;1;0;0;0;38.3094
1;1;1;1;1;1;0;0;1;1;0;1;0;0;1;1;0;0;0;0;0;1;1;0;0;0;0;0;0;1;1;0;0;1;1;0;0;0;41.9022333333333
1;1;1;1;1;1;1;0;0;1;0;0;1;0;1;1;0;0;0;0;0;1;1;0;0;0;0;0;0;1;1;0;0;1;1;0;0;0;35.4886
1;1;1;1;1;1;0;1;0;1;0;0;1;0;1;1;0;0;0;0;0;1;1;0;0;0;0;0;0;1;1;0;0;1;1;0;0;0;38.1675
1;1;1;1;1;1;0;0;1;1;0;0;1;0;1;1;0;0;0;0;0;1;1;0;0;0;0;0;0;1;1;0;0;1;1;0;0;0;40.9564333333333
1;1;1;1;1;1;1;0;0;1;0;0;0;1;1;1;0;0;0;0;0;1;1;0;0;0;0;0;0;1;1;0;0;1;1;0;0;0;35.1338333333333
1;1;1;1;1;1;0;1;0;1;0;0;0;1;1;1;0;0;0;0;0;1;1;0;0;0;0;0;0;1;1;0;0;1;1;0;0;0;38.9879333333333
1;1;1;1;1;1;0;0;1;1;0;0;0;1;1;1;0;0;0;0;0;1;1;0;0;0;0;0;0;1;1;0;0;1;1;0;0;0;41.5579
1;1;1;1;1;1;1;0;0;1;1;0;0;0;1;0;1;0;0;0;0;1;1;0;0;0;0;0;0;1;1;0;0;1;1;0;0;0;45.5246
1;1;1;1;1;1;0;1;0;1;1;0;0;0;1;0;1;0;0;0;0;1;1;0;0;0;0;0;0;1;1;0;0;1;1;0;0;0;48.6189
1;1;1;1;1;1;0;1;0;1;0;1;0;0;1;0;1;0;0;0;0;1;1;0;0;0;0;0;0;1;1;0;0;1;1;0;0;0;49.0744
1;1;1;1;1;1;1;0;0;1;0;0;1;0;1;0;1;0;0;0;0;1;1;0;0;0;0;0;0;1;1;0;0;1;1;0;0;0;46.0409333333333
1;1;1;1;1;1;0;1;0;1;0;0;1;0;1;0;1;0;0;0;0;1;1;0;0;0;0;0;0;1;1;0;0;1;1;0;0;0;49.0524666666667
1;1;1;1;1;1;1;0;0;1;0;0;0;1;1;0;1;0;0;0;0;1;1;0;0;0;0;0;0;1;1;0;0;1;1;0;0;0;46.0876666666667
1;1;1;1;1;1;0;1;0;1;0;0;0;1;1;0;1;0;0;0;0;1;1;0;0;0;0;0;0;1;1;0;0;1;1;0;0;0;50.4477666666667
1;1;1;1;1;1;0;1;0;1;1;0;0;0;1;0;0;1;0;0;0;1;1;0;0;0;0;0;0;1;1;0;0;1;1;0;0;0;69.1113
1;1;1;1;1;1;0;1;0;1;0;1;0;0;1;0;0;1;0;0;0;1;1;0;0;0;0;0;0;1;1;0;0;1;1;0;0;0;69.8481333333334
1;1;1;1;1;1;0;1;0;1;0;0;1;0;1;0;0;1;0;0;0;1;1;0;0;0;0;0;0;1;1;0;0;1;1;0;0;0;68.0532
1;1;1;1;1;1;0;1;0;1;0;0;0;1;1;0;0;1;0;0;0;1;1;0;0;0;0;0;0;1;1;0;0;1;1;0;0;0;68.0969666666667
1;1;1;1;1;1;0;1;0;1;1;0;0;0;1;0;0;0;1;0;0;1;1;0;0;0;0;0;0;1;1;0;0;1;1;0;0;0;98.9806
1;1;1;1;1;1;0;1;0;1;0;0;0;1;1;0;0;0;1;0;0;1;1;0;0;0;0;0;0;1;1;0;0;1;1;0;0;0;97.3832333333333
1;1;1;1;1;1;0;1;0;1;0;0;0;1;1;0;0;1;0;0;0;1;0;1;0;0;0;0;0;1;1;0;0;1;1;0;0;0;53.4426
1;1;1;1;1;1;0;1;0;1;0;0;0;1;1;0;0;1;0;0;0;1;0;0;1;0;0;0;0;1;1;0;0;1;1;0;0;0;71.4833333333333
1;1;1;1;1;1;0;1;0;1;0;0;0;1;1;0;0;1;0;0;0;1;0;0;0;1;0;0;0;1;1;0;0;1;1;0;0;0;73.3766
1;1;1;1;1;1;0;1;0;1;0;0;0;1;1;0;0;1;0;0;0;1;0;0;0;0;1;0;0;1;1;0;0;1;1;0;0;0;74.0776333333333
1;1;1;1;1;1;0;1;0;1;1;0;0;0;1;0;0;1;0;0;0;1;0;0;0;0;0;1;0;1;1;0;0;1;1;0;0;0;71.2359333333333
1;1;1;1;1;1;1;0;0;1;0;0;0;1;1;0;0;1;0;0;0;1;0;0;0;0;0;1;0;1;1;0;0;1;1;0;0;0;73.6560333333333
1;1;1;1;1;1;0;1;0;1;0;0;0;1;1;0;0;1;0;0;0;1;0;0;0;0;0;1;0;1;1;0;0;1;1;0;0;0;69.8003666666667
1;1;1;1;1;1;0;0;1;1;0;0;0;1;1;0;0;1;0;0;0;1;0;0;0;0;0;1;0;1;1;0;0;1;1;0;0;0;67.9167666666667
1;1;1;1;1;1;1;0;0;1;0;0;0;1;1;0;1;0;0;0;0;1;0;0;0;0;0;0;1;1;1;0;0;1;1;0;0;0;44.7613333333333
1;1;1;1;1;1;0;1;0;1;0;0;0;1;1;0;1;0;0;0;0;1;0;0;0;0;0;0;1;1;1;0;0;1;1;0;0;0;45.5585333333333
1;1;1;1;1;1;0;1;0;1;0;0;0;1;1;0;0;1;0;0;0;1;0;0;0;0;0;0;1;1;1;0;0;1;1;0;0;0;73.4211
1;1;1;1;1;1;1;0;0;1;0;0;0;1;1;0;1;0;0;0;0;1;1;0;0;0;0;0;0;1;0;1;0;1;1;0;0;0;44.0846
1;1;1;1;1;1;0;1;0;1;0;0;0;1;1;0;1;0;0;0;0;1;1;0;0;0;0;0;0;1;0;1;0;1;1;0;0;0;48.4067666666667
1;1;1;1;1;1;0;1;0;1;0;0;0;1;1;0;0;1;0;0;0;1;1;0;0;0;0;0;0;1;0;1;0;1;1;0;0;0;68.2489666666666
1;1;1;1;1;1;0;1;0;1;0;0;0;1;1;0;0;1;0;0;0;1;0;1;0;0;0;0;0;1;0;1;0;1;1;0;0;0;54.3345333333333
1;1;1;1;1;1;0;1;0;1;0;0;0;1;1;0;0;1;0;0;0;1;0;0;1;0;0;0;0;1;0;1;0;1;1;0;0;0;71.4840666666667
1;1;1;1;1;1;0;1;0;1;0;0;0;1;1;0;0;1;0;0;0;1;0;0;0;1;0;0;0;1;0;1;0;1;1;0;0;0;72.6863
1;1;1;1;1;1;0;1;0;1;0;0;0;1;1;0;0;1;0;0;0;1;0;0;0;0;1;0;0;1;0;1;0;1;1;0;0;0;76.3169333333333
1;1;1;1;1;1;0;1;0;1;1;0;0;0;1;0;0;1;0;0;0;1;0;0;0;0;0;1;0;1;0;1;0;1;1;0;0;0;71.0947333333333
1;1;1;1;1;1;1;0;0;1;0;0;0;1;1;0;0;1;0;0;0;1;0;0;0;0;0;1;0;1;0;1;0;1;1;0;0;0;74.1389
1;1;1;1;1;1;0;1;0;1;0;0;0;1;1;0;0;1;0;0;0;1;0;0;0;0;0;1;0;1;0;1;0;1;1;0;0;0;74.0851666666667
1;1;1;1;1;1;0;0;1;1;0;0;0;1;1;0;0;1;0;0;0;1;0;0;0;0;0;1;0;1;0;1;0;1;1;0;0;0;70.343
1;1;1;1;1;1;0;1;0;1;0;0;0;1;1;0;0;1;0;0;0;1;0;0;0;0;0;0;1;1;0;1;0;1;1;0;0;0;72.6902
1;1;1;1;1;1;0;1;0;1;0;0;0;1;1;0;0;1;0;0;0;1;1;0;0;0;0;0;0;1;0;0;1;1;1;0;0;0;68.5553
1;1;1;1;1;1;0;1;0;1;0;0;0;1;1;0;0;1;0;0;0;1;0;1;0;0;0;0;0;1;0;0;1;1;1;0;0;0;53.1298333333333
1;1;1;1;1;1;0;1;0;1;0;0;0;1;1;0;0;1;0;0;0;1;0;0;1;0;0;0;0;1;0;0;1;1;1;0;0;0;75.4295333333333
1;1;1;1;1;1;0;1;0;1;0;0;0;1;1;0;0;1;0;0;0;1;0;0;0;1;0;0;0;1;0;0;1;1;1;0;0;0;77.2288666666667
1;1;1;1;1;1;0;1;0;1;0;0;0;1;1;0;0;1;0;0;0;1;0;0;0;0;1;0;0;1;0;0;1;1;1;0;0;0;69.4179
1;1;1;1;1;1;0;1;0;1;1;0;0;0;1;0;0;1;0;0;0;1;0;0;0;0;0;1;0;1;0;0;1;1;1;0;0;0;71.1327
1;1;1;1;1;1;1;0;0;1;0;0;0;1;1;0;0;1;0;0;0;1;0;0;0;0;0;1;0;1;0;0;1;1;1;0;0;0;74.8481666666667
1;1;1;1;1;1;0;1;0;1;0;0;0;1;1;0;0;1;0;0;0;1;0;0;0;0;0;1;0;1;0;0;1;1;1;0;0;0;74.9916666666667
1;1;1;1;1;1;0;0;1;1;0;0;0;1;1;0;0;1;0;0;0;1;0;0;0;0;0;1;0;1;0;0;1;1;1;0;0;0;69.2819
1;1;1;1;1;1;0;1;0;1;0;0;0;1;1;0;0;1;0;0;0;1;0;0;0;0;0;0;1;1;0;0;1;1;1;0;0;0;72.1050666666667
1;1;1;1;1;1;0;1;0;1;0;0;1;0;1;1;0;0;0;0;0;1;1;0;0;0;0;0;0;1;1;0;0;1;0;1;0;0;37.9678333333333
1;1;1;1;1;1;1;0;0;1;0;0;0;1;1;0;1;0;0;0;0;1;1;0;0;0;0;0;0;1;1;0;0;1;0;1;0;0;46.5369666666667
1;1;1;1;1;1;0;1;0;1;0;0;0;1;1;0;1;0;0;0;0;1;1;0;0;0;0;0;0;1;1;0;0;1;0;1;0;0;48.3651
1;1;1;1;1;1;0;1;0;1;0;0;1;0;1;0;0;0;0;0;1;1;1;0;0;0;0;0;0;1;1;0;0;1;0;1;0;0;487.161233333333
1;1;1;1;1;1;1;0;0;1;0;0;1;0;1;1;0;0;0;0;0;1;1;0;0;0;0;0;0;1;0;1;0;1;0;1;0;0;34.9974333333333
1;1;1;1;1;1;0;1;0;1;0;0;1;0;1;1;0;0;0;0;0;1;1;0;0;0;0;0;0;1;0;1;0;1;0;1;0;0;39.0258333333333
1;1;1;1;1;1;0;0;1;1;0;0;1;0;1;1;0;0;0;0;0;1;1;0;0;0;0;0;0;1;0;1;0;1;0;1;0;0;41.4840333333333
1;1;1;1;1;1;1;0;0;1;0;0;0;1;1;0;1;0;0;0;0;1;1;0;0;0;0;0;0;1;0;1;0;1;0;1;0;0;46.2870333333333
1;1;1;1;1;1;0;1;0;1;0;0;0;1;1;0;1;0;0;0;0;1;1;0;0;0;0;0;0;1;0;1;0;1;0;1;0;0;48.5351666666667
1;1;1;1;1;1;1;0;0;1;0;0;1;0;1;0;0;0;0;0;1;1;1;0;0;0;0;0;0;1;0;1;0;1;0;1;0;0;478.714466666667
1;1;1;1;1;1;0;1;0;1;0;0;1;0;1;0;0;0;0;0;1;1;1;0;0;0;0;0;0;1;0;1;0;1;0;1;0;0;486.077266666667
1;1;1;1;1;1;0;0;1;1;0;0;1;0;1;0;0;0;0;0;1;1;1;0;0;0;0;0;0;1;0;1;0;1;0;1;0;0;501.550233333333
1;1;1;1;1;1;0;1;0;1;0;0;1;0;1;1;0;0;0;0;0;1;1;0;0;0;0;0;0;1;0;0;1;1;0;1;0;0;38.2032333333333
1;1;1;1;1;1;0;1;0;1;0;0;1;0;1;0;0;0;0;0;1;1;1;0;0;0;0;0;0;1;0;0;1;1;0;1;0;0;485.8603
1;1;1;1;1;1;0;1;0;1;0;1;0;0;1;1;0;0;0;0;0;1;1;0;0;0;0;0;0;1;1;0;0;1;0;0;1;0;38.9315666666667
1;1;1;1;1;1;0;1;0;1;0;0;1;0;1;1;0;0;0;0;0;1;1;0;0;0;0;0;0;1;1;0;0;1;0;0;1;0;38.4370333333333
1;1;1;1;1;1;0;1;0;1;0;0;1;0;1;0;0;0;0;0;1;1;1;0;0;0;0;0;0;1;1;0;0;1;0;0;1;0;497.564433333333
1;1;1;1;1;1;1;0;0;1;0;0;1;0;1;1;0;0;0;0;0;1;1;0;0;0;0;0;0;1;0;1;0;1;0;0;1;0;34.7429
1;1;1;1;1;1;0;1;0;1;0;0;1;0;1;1;0;0;0;0;0;1;1;0;0;0;0;0;0;1;0;1;0;1;0;0;1;0;39.9430666666667
1;1;1;1;1;1;0;0;1;1;0;0;1;0;1;1;0;0;0;0;0;1;1;0;0;0;0;0;0;1;0;1;0;1;0;0;1;0;42.8558
1;1;1;1;1;1;1;0;0;1;0;0;1;0;1;0;0;0;0;0;1;1;1;0;0;0;0;0;0;1;0;1;0;1;0;0;1;0;481.851833333333
1;1;1;1;1;1;0;1;0;1;0;0;1;0;1;0;0;0;0;0;1;1;1;0;0;0;0;0;0;1;0;1;0;1;0;0;1;0;488.0517
1;1;1;1;1;1;0;0;1;1;0;0;1;0;1;0;0;0;0;0;1;1;1;0;0;0;0;0;0;1;0;1;0;1;0;0;1;0;493.865066666667
1;1;1;1;1;1;0;1;0;1;0;0;1;0;1;1;0;0;0;0;0;1;1;0;0;0;0;0;0;1;0;0;1;1;0;0;1;0;39.2015333333333
1;1;1;1;1;1;0;1;0;1;0;0;1;0;1;0;0;0;0;0;1;1;1;0;0;0;0;0;0;1;0;0;1;1;0;0;1;0;490.6876
1;1;1;1;1;1;0;1;0;1;0;0;1;0;1;1;0;0;0;0;0;1;1;0;0;0;0;0;0;1;1;0;0;1;0;0;0;1;38.5047333333333
1;1;1;1;1;1;0;1;0;1;0;0;1;0;1;0;0;0;0;0;1;1;1;0;0;0;0;0;0;1;1;0;0;1;0;0;0;1;494.773033333334
1;1;1;1;1;1;0;1;0;1;0;0;1;0;1;1;0;0;0;0;0;1;1;0;0;0;0;0;0;1;0;1;0;1;0;0;0;1;38.2986
1;1;1;1;1;1;0;0;1;1;0;0;1;0;1;1;0;0;0;0;0;1;1;0;0;0;0;0;0;1;0;1;0;1;0;0;0;1;42.0093
1;1;1;1;1;1;0;1;0;1;0;0;1;0;1;0;0;0;0;0;1;1;1;0;0;0;0;0;0;1;0;1;0;1;0;0;0;1;490.127233333333
1;1;1;1;1;1;0;0;1;1;0;0;1;0;1;0;0;0;0;0;1;1;1;0;0;0;0;0;0;1;0;1;0;1;0;0;0;1;484.4512
1;1;1;1;1;1;0;1;0;1;0;0;1;0;1;1;0;0;0;0;0;1;1;0;0;0;0;0;0;1;0;0;1;1;0;0;0;1;38.9114333333333
1;1;1;1;1;1;0;1;0;1;0;0;1;0;1;0;0;0;0;0;1;1;1;0;0;0;0;0;0;1;0;0;1;1;0;0;0;1;490.091
