polly_vectorizer;none;polly;polly_parallel;parallel;parallel_force;polly_no_tiling;polly_delinearize;polly_dependences_analysis_type;value_based;memory_based;polly_opt_fusion;min;max;polly_opt_simplify_deps;pollyrtcmaxparameters;pollyrtcmaxparameters_1;pollyrtcmaxparameters_2;pollyrtcmaxparameters_4;pollyrtcmaxparameters_8;pollyrtcmaxparameters_16;pollyoptmaxconstantterm;pollyoptmaxconstantterm_1;pollyoptmaxconstantterm_10;pollyoptmaxconstantterm_100;pollyoptmaxconstantterm_1000;pollyoptmaxconstantterm_10000;pollyoptmaxcoefficient;pollyoptmaxcoefficient_1;pollyoptmaxcoefficient_10;pollyoptmaxcoefficient_100;pollyoptmaxcoefficient_1000;pollyoptmaxcoefficient_10000;pollydefaulttilesize;pollydefaulttilesize_4;pollydefaulttilesize_16;pollydefaulttilesize_64;pollydefaulttilesize_256;pollydefaulttilesize_1024;Performance
1;0;1;1;1;0;1;1;1;0;1;1;1;0;1;1;1;0;0;0;0;1;1;0;0;0;0;1;1;0;0;0;0;1;0;1;0;0;0;31.0666666666667
1;1;0;0;0;0;0;1;1;0;1;1;0;1;1;1;0;0;0;0;1;1;0;0;0;0;1;1;0;1;0;0;0;1;0;0;0;0;1;28.5766666666667
1;0;1;0;0;0;1;1;1;1;0;1;1;0;1;1;0;0;0;1;0;1;1;0;0;0;0;1;0;0;0;0;1;1;0;0;0;1;0;25.4333333333333
1;0;1;1;0;1;1;1;1;0;1;1;0;1;0;1;0;1;0;0;0;1;0;0;1;0;0;1;0;1;0;0;0;1;0;0;0;1;0;28.2766666666667
1;0;1;0;0;0;0;1;1;1;0;1;0;1;0;1;0;1;0;0;0;1;1;0;0;0;0;1;0;0;1;0;0;1;0;1;0;0;0;28.5666666666667
1;0;1;1;1;0;1;1;1;0;1;1;1;0;1;1;0;0;1;0;0;1;0;0;0;1;0;1;0;0;0;0;1;1;0;0;0;0;1;30.8933333333333
1;1;0;0;0;0;0;1;1;0;1;1;0;1;1;1;0;0;1;0;0;1;0;0;0;1;0;1;0;0;0;0;1;1;0;0;0;0;1;29.7766666666667
1;0;1;0;0;0;0;1;1;0;1;1;1;0;0;1;0;0;1;0;0;1;0;0;0;1;0;1;0;0;1;0;0;1;0;0;1;0;0;28.6733333333333
1;0;1;1;0;1;1;1;1;0;1;1;0;1;0;1;0;1;0;0;0;1;1;0;0;0;0;1;0;0;0;1;0;1;0;1;0;0;0;29.06
1;1;0;0;0;0;0;1;1;0;1;1;0;1;1;1;0;1;0;0;0;1;0;0;0;1;0;1;0;0;1;0;0;1;0;0;1;0;0;29.1833333333333
1;0;1;0;0;0;0;1;1;1;0;1;0;1;0;1;1;0;0;0;0;1;0;1;0;0;0;1;1;0;0;0;0;1;0;0;0;1;0;29.09
1;1;0;1;1;0;1;1;1;0;1;1;1;0;0;1;0;0;1;0;0;1;1;0;0;0;0;1;1;0;0;0;0;1;1;0;0;0;0;30.4766666666667
1;0;1;0;0;0;1;1;1;1;0;1;1;0;1;1;0;1;0;0;0;1;0;0;1;0;0;1;0;0;0;1;0;1;0;1;0;0;0;26.7133333333333
1;0;1;0;0;0;1;1;1;1;0;1;1;0;1;1;0;0;0;1;0;1;0;0;0;1;0;1;0;0;0;1;0;1;0;0;0;1;0;25.3766666666667
1;0;1;0;0;0;1;1;1;1;0;1;1;0;1;1;0;0;0;0;1;1;0;0;0;1;0;1;0;0;0;1;0;1;0;1;0;0;0;27.8366666666667
1;0;1;1;0;1;1;1;1;0;1;1;0;1;0;1;0;1;0;0;0;1;0;0;1;0;0;1;0;0;0;0;1;1;0;0;0;1;0;30.3
1;1;0;0;0;0;0;1;1;0;1;1;0;1;1;1;0;0;0;0;1;1;0;0;0;1;0;1;0;0;1;0;0;1;0;0;0;1;0;28.6033333333333
1;0;1;0;0;0;0;1;1;1;0;1;0;1;0;1;0;1;0;0;0;1;0;1;0;0;0;1;1;0;0;0;0;1;0;0;1;0;0;28.56
1;0;1;1;1;0;1;1;1;0;1;1;1;0;1;1;0;1;0;0;0;1;1;0;0;0;0;1;0;1;0;0;0;1;0;0;1;0;0;30.9733333333333
1;0;1;1;1;0;0;1;1;1;0;1;1;0;0;1;0;0;0;1;0;1;0;0;1;0;0;1;0;0;0;0;1;1;0;0;0;1;0;8.03333333333333
1;0;1;1;0;1;1;1;1;0;1;1;0;1;0;1;1;0;0;0;0;1;0;0;0;1;0;1;1;0;0;0;0;1;0;0;0;1;0;29.11
1;0;1;1;0;1;1;1;1;0;1;1;0;1;0;1;0;0;0;0;1;1;0;0;0;1;0;1;0;1;0;0;0;1;0;1;0;0;0;28.8466666666667
1;0;1;1;0;1;0;1;1;1;0;1;1;0;0;1;0;1;0;0;0;1;0;0;0;0;1;1;0;0;0;0;1;1;0;0;0;0;1;7.31
1;0;1;1;0;1;1;1;1;0;1;1;0;1;0;1;1;0;0;0;0;1;0;0;0;1;0;1;0;0;1;0;0;1;1;0;0;0;0;28.6566666666667
1;1;0;0;0;0;0;1;1;0;1;1;0;1;1;1;1;0;0;0;0;1;0;0;0;0;1;1;0;0;0;0;1;1;0;0;0;1;0;28.2033333333333
1;0;1;0;0;0;0;1;1;0;1;1;0;1;0;1;1;0;0;0;0;1;0;0;0;1;0;1;0;0;0;0;1;1;1;0;0;0;0;28.6233333333333
1;0;1;0;0;0;0;1;1;1;0;1;0;1;0;1;0;1;0;0;0;1;1;0;0;0;0;1;1;0;0;0;0;1;0;0;0;0;1;28.42
1;0;1;1;0;1;1;1;1;0;1;1;1;0;1;1;0;0;0;1;0;1;0;1;0;0;0;1;0;0;0;0;1;1;0;0;1;0;0;29.6533333333333
1;0;1;1;1;0;0;1;1;1;0;1;1;0;0;1;0;0;1;0;0;1;1;0;0;0;0;1;0;1;0;0;0;1;0;0;0;0;1;8.15
1;0;1;1;1;0;1;1;1;0;1;1;1;0;1;1;0;0;0;0;1;1;0;0;0;0;1;1;0;0;0;0;1;1;0;0;1;0;0;30.7266666666667
1;0;1;0;0;0;1;1;1;1;0;1;1;0;1;1;0;0;1;0;0;1;0;0;0;0;1;1;0;0;0;1;0;1;0;0;0;1;0;24.0933333333333
1;0;1;0;0;0;1;1;1;1;0;1;1;0;1;1;0;1;0;0;0;1;1;0;0;0;0;1;0;0;0;0;1;1;0;0;1;0;0;25.5033333333333
1;1;0;0;0;0;0;1;1;0;1;1;0;1;0;1;0;0;0;1;0;1;0;0;0;1;0;1;1;0;0;0;0;1;1;0;0;0;0;28.98
1;0;1;1;1;0;0;1;1;1;0;1;1;0;0;1;0;1;0;0;0;1;0;0;0;1;0;1;0;1;0;0;0;1;0;0;0;0;1;8.13333333333333
1;0;1;0;0;0;1;1;1;1;0;1;1;0;1;1;0;1;0;0;0;1;0;0;0;1;0;1;0;0;0;1;0;1;0;1;0;0;0;25.6733333333333
1;0;1;1;0;1;1;1;1;0;1;1;0;1;0;1;1;0;0;0;0;1;1;0;0;0;0;1;1;0;0;0;0;1;0;0;0;1;0;29.0866666666667
1;0;1;0;0;0;0;1;1;1;0;1;1;0;0;1;0;0;0;0;1;1;0;1;0;0;0;1;1;0;0;0;0;1;0;0;1;0;0;4.46333333333333
1;0;1;0;0;0;1;1;1;1;0;1;1;0;1;1;1;0;0;0;0;1;1;0;0;0;0;1;0;1;0;0;0;1;1;0;0;0;0;24.12
1;0;1;1;1;0;1;1;1;0;1;1;1;0;1;1;1;0;0;0;0;1;0;0;1;0;0;1;0;0;0;0;1;1;0;0;0;1;0;31.0566666666667
1;1;0;0;0;0;0;1;1;0;1;1;0;1;1;1;0;1;0;0;0;1;0;0;0;0;1;1;0;0;1;0;0;1;1;0;0;0;0;29.19
1;0;1;1;0;1;1;1;1;0;1;1;0;1;0;1;0;0;0;1;0;1;0;1;0;0;0;1;0;0;0;1;0;1;1;0;0;0;0;28.6033333333333
1;1;0;0;0;0;0;1;1;0;1;1;0;1;1;1;0;0;1;0;0;1;0;0;1;0;0;1;0;1;0;0;0;1;0;1;0;0;0;28.5933333333333
1;0;1;0;0;0;1;1;1;1;0;1;1;0;1;1;0;0;0;1;0;1;0;0;0;1;0;1;0;0;0;1;0;1;0;1;0;0;0;25.1433333333333
1;0;1;0;0;0;1;1;1;1;0;1;1;0;1;1;0;1;0;0;0;1;0;0;0;1;0;1;1;0;0;0;0;1;0;0;1;0;0;23.9666666666667
1;0;1;0;0;0;1;1;1;1;0;1;1;0;1;1;0;0;0;1;0;1;0;0;0;0;1;1;0;1;0;0;0;1;0;0;0;1;0;26.8
1;0;1;1;0;1;1;1;1;0;1;1;0;1;0;1;0;0;0;1;0;1;0;1;0;0;0;1;1;0;0;0;0;1;0;1;0;0;0;28.6433333333333
1;1;0;0;0;0;0;1;1;0;1;1;0;1;1;1;0;0;1;0;0;1;0;1;0;0;0;1;0;0;0;1;0;1;1;0;0;0;0;28.5966666666667
1;0;1;1;1;0;1;1;1;0;1;1;1;0;1;1;1;0;0;0;0;1;0;0;1;0;0;1;0;0;1;0;0;1;0;0;1;0;0;31.17
1;0;1;1;0;1;1;1;1;0;1;1;0;1;0;1;0;1;0;0;0;1;0;1;0;0;0;1;0;0;0;0;1;1;0;0;0;0;1;29.07
1;1;0;0;0;0;0;1;1;0;1;1;0;1;1;1;1;0;0;0;0;1;0;0;0;1;0;1;1;0;0;0;0;1;0;1;0;0;0;28.3466666666667
1;0;1;0;0;0;1;1;1;1;0;1;1;0;1;1;1;0;0;0;0;1;0;0;0;0;1;1;0;0;1;0;0;1;0;1;0;0;0;25.8633333333333
1;0;1;0;0;0;0;1;1;1;0;1;1;0;0;1;0;0;1;0;0;1;0;1;0;0;0;1;1;0;0;0;0;1;0;0;1;0;0;4.39666666666667
1;0;1;1;0;1;1;1;1;0;1;1;0;1;0;1;1;0;0;0;0;1;0;0;0;0;1;1;0;0;1;0;0;1;0;0;1;0;0;28.5733333333333
1;0;1;1;1;0;1;1;1;0;1;1;1;0;1;1;0;0;1;0;0;1;0;0;1;0;0;1;0;0;0;1;0;1;0;0;0;1;0;31.15
1;0;1;1;1;0;0;1;1;1;0;1;1;0;0;1;0;1;0;0;0;1;1;0;0;0;0;1;0;1;0;0;0;1;0;0;0;0;1;8.10333333333333
1;0;1;0;0;0;1;1;1;1;0;1;1;0;1;1;0;0;1;0;0;1;0;1;0;0;0;1;0;1;0;0;0;1;0;1;0;0;0;25.16
1;0;1;1;0;1;1;1;1;0;1;1;0;1;0;1;1;0;0;0;0;1;0;0;0;0;1;1;1;0;0;0;0;1;1;0;0;0;0;28.4066666666667
1;1;0;0;0;0;0;1;1;0;1;1;0;1;1;1;0;0;0;0;1;1;0;0;1;0;0;1;1;0;0;0;0;1;0;0;1;0;0;29.0366666666667
1;0;1;0;0;0;1;1;1;1;0;1;1;0;1;1;0;1;0;0;0;1;0;0;1;0;0;1;0;1;0;0;0;1;0;1;0;0;0;25.2833333333333
1;0;1;1;0;1;0;1;1;0;1;1;1;0;0;1;0;0;1;0;0;1;0;0;1;0;0;1;0;0;0;0;1;1;0;1;0;0;0;28.4166666666667
1;0;1;1;1;0;1;1;1;0;1;1;1;0;1;1;0;0;0;1;0;1;1;0;0;0;0;1;0;0;1;0;0;1;0;0;0;0;1;30.7233333333333
1;0;1;0;0;0;0;1;1;1;0;1;0;1;0;1;1;0;0;0;0;1;0;0;0;1;0;1;1;0;0;0;0;1;1;0;0;0;0;29.1266666666667
1;0;1;0;0;0;0;1;1;1;0;1;0;1;0;1;0;1;0;0;0;1;1;0;0;0;0;1;1;0;0;0;0;1;0;0;1;0;0;28.61
1;0;1;1;1;0;1;1;1;0;1;1;1;0;1;1;0;1;0;0;0;1;0;0;1;0;0;1;0;0;0;0;1;1;0;0;0;0;1;31.0166666666667
1;1;0;0;0;0;0;1;1;0;1;1;1;0;1;1;0;1;0;0;0;1;1;0;0;0;0;1;0;1;0;0;0;1;0;0;0;0;1;29.1333333333333
1;0;1;0;0;0;0;1;1;1;0;1;1;0;0;1;0;0;0;0;1;1;0;1;0;0;0;1;0;1;0;0;0;1;0;0;0;0;1;7.06333333333333
1;0;1;1;1;0;1;1;1;0;1;1;1;0;1;1;0;0;0;0;1;1;0;0;0;0;1;1;1;0;0;0;0;1;1;0;0;0;0;31.0366666666667
1;0;1;1;1;0;1;1;1;0;1;1;1;0;1;1;0;0;0;0;1;1;0;0;1;0;0;1;1;0;0;0;0;1;0;0;0;0;1;31.0066666666667
1;0;1;0;0;0;1;1;1;1;0;1;1;0;1;1;0;0;0;1;0;1;0;0;0;0;1;1;0;0;0;0;1;1;0;0;0;1;0;25.4866666666667
1;0;1;0;0;0;1;1;1;1;0;1;1;0;1;1;0;0;1;0;0;1;1;0;0;0;0;1;1;0;0;0;0;1;0;0;1;0;0;24.04
1;0;1;0;0;0;0;1;1;1;0;1;0;1;0;1;0;1;0;0;0;1;0;0;0;1;0;1;0;1;0;0;0;1;0;0;0;0;1;28.53
1;0;1;0;0;0;1;1;1;1;0;1;1;0;1;1;0;0;0;0;1;1;0;0;0;0;1;1;0;0;0;1;0;1;0;1;0;0;0;26.6166666666667
1;0;1;0;0;0;1;1;1;1;0;1;1;0;1;1;1;0;0;0;0;1;0;0;1;0;0;1;0;0;0;1;0;1;0;0;0;1;0;24.2433333333333
1;1;0;1;0;1;0;1;1;0;1;1;1;0;0;1;0;1;0;0;0;1;0;1;0;0;0;1;0;0;1;0;0;1;0;0;0;0;1;29.1133333333333
1;0;1;0;0;0;0;1;1;0;1;1;1;0;0;1;1;0;0;0;0;1;0;0;0;0;1;1;0;0;1;0;0;1;1;0;0;0;0;29.28
1;0;1;0;0;0;1;1;1;1;0;1;1;0;1;1;0;0;0;1;0;1;1;0;0;0;0;1;0;0;0;0;1;1;0;1;0;0;0;26.5366666666667
1;0;1;1;0;1;1;1;1;0;1;1;0;1;0;1;0;0;0;0;1;1;0;0;0;1;0;1;1;0;0;0;0;1;0;1;0;0;0;28.5133333333333
1;0;1;1;1;0;1;1;1;0;1;1;1;0;1;1;0;0;1;0;0;1;0;0;0;1;0;1;0;0;1;0;0;1;0;1;0;0;0;30.8733333333333
1;0;1;1;0;1;1;1;1;0;1;1;1;0;1;1;0;0;0;1;0;1;0;0;1;0;0;1;1;0;0;0;0;1;0;0;0;0;1;29.6233333333333
1;0;1;1;1;0;1;1;1;0;1;1;1;0;1;1;0;0;0;0;1;1;0;0;0;0;1;1;0;0;0;0;1;1;0;0;0;1;0;30.8366666666667
1;1;0;0;0;0;0;1;1;0;1;1;0;1;0;1;1;0;0;0;0;1;0;0;0;0;1;1;0;0;0;0;1;1;0;0;0;1;0;29.13
1;0;1;1;0;1;1;1;1;0;1;1;0;1;0;1;1;0;0;0;0;1;0;0;0;0;1;1;1;0;0;0;0;1;0;0;1;0;0;30.2066666666667
1;0;1;0;0;0;1;1;1;1;0;1;1;0;1;1;0;1;0;0;0;1;1;0;0;0;0;1;0;1;0;0;0;1;0;0;0;0;1;24.08
1;0;1;1;1;0;1;1;1;0;1;1;1;0;1;1;0;1;0;0;0;1;0;1;0;0;0;1;0;0;0;1;0;1;0;0;0;0;1;31.0233333333333
1;0;1;0;0;0;1;1;1;1;0;1;1;0;1;1;0;0;0;1;0;1;0;1;0;0;0;1;0;1;0;0;0;1;0;0;0;1;0;25.1666666666667
1;1;0;0;0;0;0;1;1;0;1;1;0;1;0;1;0;0;1;0;0;1;1;0;0;0;0;1;0;0;0;1;0;1;0;0;1;0;0;29.4733333333333
1;0;1;1;1;0;1;1;1;0;1;1;1;0;1;1;1;0;0;0;0;1;1;0;0;0;0;1;0;0;0;0;1;1;1;0;0;0;0;31.0266666666667
1;1;0;0;0;0;0;1;1;0;1;1;0;1;1;1;0;1;0;0;0;1;0;0;0;1;0;1;0;1;0;0;0;1;0;1;0;0;0;28.2566666666667
1;1;0;0;0;0;0;1;1;0;1;1;0;1;1;1;0;0;0;0;1;1;0;0;1;0;0;1;1;0;0;0;0;1;0;1;0;0;0;29.11
1;0;1;1;1;0;1;1;1;0;1;1;1;0;1;1;1;0;0;0;0;1;0;0;0;1;0;1;0;0;1;0;0;1;0;0;1;0;0;30.62
1;0;1;0;0;0;1;1;1;1;0;1;1;0;1;1;0;0;0;0;1;1;0;0;0;1;0;1;0;0;1;0;0;1;0;0;0;0;1;24.7166666666667
1;1;0;0;0;0;0;1;1;0;1;1;0;1;0;1;0;1;0;0;0;1;0;1;0;0;0;1;0;0;0;0;1;1;0;0;0;0;1;29.04
1;0;1;1;1;0;1;1;1;0;1;1;1;0;1;1;0;0;0;1;0;1;0;1;0;0;0;1;0;0;0;0;1;1;1;0;0;0;0;31.0833333333333
1;0;1;0;0;0;1;1;1;1;0;1;1;0;1;1;1;0;0;0;0;1;0;1;0;0;0;1;0;0;0;0;1;1;0;0;0;1;0;25.0966666666667
1;0;1;1;1;0;1;1;1;0;1;1;1;0;1;1;0;0;0;1;0;1;0;0;0;0;1;1;0;0;0;0;1;1;0;0;0;0;1;31.1566666666667
1;1;0;0;0;0;0;1;1;0;1;1;1;0;1;1;0;0;0;1;0;1;0;0;1;0;0;1;0;0;1;0;0;1;0;1;0;0;0;29.22
1;0;1;0;0;0;1;1;1;1;0;1;1;0;1;1;0;1;0;0;0;1;0;0;0;0;1;1;0;0;1;0;0;1;0;0;1;0;0;25.2833333333333
1;1;0;0;0;0;0;1;1;0;1;1;0;1;1;1;0;0;0;0;1;1;0;1;0;0;0;1;1;0;0;0;0;1;0;1;0;0;0;29.1866666666667
1;0;1;0;0;0;1;1;1;1;0;1;1;0;1;1;0;0;0;1;0;1;0;0;0;1;0;1;0;0;1;0;0;1;0;0;1;0;0;25.4966666666667
1;0;1;0;0;0;1;1;1;1;0;1;1;0;1;1;1;0;0;0;0;1;0;0;0;0;1;1;0;1;0;0;0;1;0;0;0;0;1;26.71
1;0;1;1;0;1;1;1;1;0;1;1;0;1;0;1;0;0;0;0;1;1;0;0;0;1;0;1;0;0;1;0;0;1;0;1;0;0;0;28.3666666666667
1;0;1;1;0;1;1;1;1;0;1;1;0;1;0;1;0;0;0;1;0;1;0;0;1;0;0;1;0;0;0;0;1;1;0;0;1;0;0;28.6166666666667
1;0;1;1;0;1;1;1;1;0;1;1;0;1;0;1;0;0;0;1;0;1;1;0;0;0;0;1;0;0;0;1;0;1;0;0;0;0;1;29.2166666666667
1;1;0;0;0;0;0;1;1;0;1;1;0;1;1;1;1;0;0;0;0;1;0;0;0;0;1;1;1;0;0;0;0;1;0;0;1;0;0;29.02
1;1;0;0;0;0;0;1;1;0;1;1;0;1;0;1;1;0;0;0;0;1;0;0;0;0;1;1;1;0;0;0;0;1;1;0;0;0;0;29.1033333333333
1;1;0;0;0;0;0;1;1;0;1;1;0;1;0;1;0;0;1;0;0;1;0;0;0;1;0;1;1;0;0;0;0;1;1;0;0;0;0;28.4666666666667
1;0;1;0;0;0;0;1;1;1;0;1;0;1;0;1;0;0;1;0;0;1;1;0;0;0;0;1;0;0;1;0;0;1;0;0;1;0;0;28.49
1;0;1;0;0;0;1;1;1;1;0;1;1;0;1;1;0;0;0;0;1;1;0;0;0;0;1;1;0;0;0;1;0;1;0;0;0;0;1;25.3433333333333
1;0;1;0;0;0;1;1;1;1;0;1;1;0;1;1;0;0;1;0;0;1;0;0;1;0;0;1;0;0;0;1;0;1;1;0;0;0;0;25.4166666666667
1;0;1;1;1;0;1;1;1;0;1;1;1;0;1;1;1;0;0;0;0;1;0;0;0;1;0;1;0;0;0;1;0;1;0;0;0;1;0;30.87
1;1;0;0;0;0;0;1;1;0;1;1;0;1;1;1;0;0;1;0;0;1;1;0;0;0;0;1;0;0;0;1;0;1;0;0;0;1;0;28.8466666666667
1;0;1;1;1;0;1;1;1;0;1;1;1;0;1;1;0;1;0;0;0;1;1;0;0;0;0;1;0;0;1;0;0;1;0;0;1;0;0;30.93
1;1;0;0;0;0;0;1;1;0;1;1;1;0;0;1;1;0;0;0;0;1;1;0;0;0;0;1;0;1;0;0;0;1;1;0;0;0;0;28.86
1;1;0;0;0;0;0;1;1;0;1;1;0;1;1;1;0;0;1;0;0;1;0;0;0;0;1;1;1;0;0;0;0;1;0;0;0;1;0;28.54
1;0;1;0;0;0;0;1;1;0;1;1;0;1;0;1;0;1;0;0;0;1;0;1;0;0;0;1;1;0;0;0;0;1;1;0;0;0;0;29.1566666666667
1;1;0;0;0;0;0;1;1;0;1;1;0;1;0;1;1;0;0;0;0;1;0;0;0;1;0;1;0;0;0;1;0;1;0;0;1;0;0;28.4433333333333
1;0;1;1;0;1;1;1;1;0;1;1;0;1;0;1;0;0;0;0;1;1;0;0;0;0;1;1;0;0;1;0;0;1;1;0;0;0;0;28.6533333333333
1;0;1;1;0;1;1;1;1;0;1;1;0;1;0;1;0;0;0;1;0;1;0;1;0;0;0;1;0;0;1;0;0;1;0;0;0;1;0;28.6233333333333
1;0;1;1;1;0;0;1;1;1;0;1;1;0;0;1;0;1;0;0;0;1;0;1;0;0;0;1;0;1;0;0;0;1;0;0;0;0;1;8.22333333333333
1;1;0;0;0;0;0;1;1;0;1;1;0;1;1;1;0;0;0;0;1;1;0;0;0;0;1;1;0;0;1;0;0;1;0;0;1;0;0;28.8166666666667
1;0;1;1;1;0;1;1;1;0;1;1;1;0;1;1;0;1;0;0;0;1;0;0;0;0;1;1;0;0;0;1;0;1;0;1;0;0;0;30.78
1;1;0;0;0;0;0;1;1;0;1;1;0;1;0;1;0;0;1;0;0;1;0;0;0;0;1;1;0;0;0;1;0;1;0;0;1;0;0;28.9533333333333
1;0;1;1;1;0;1;1;1;0;1;1;1;0;1;1;0;0;0;1;0;1;0;0;0;0;1;1;0;1;0;0;0;1;0;1;0;0;0;31.1
1;0;1;1;0;1;1;1;1;0;1;1;0;1;0;1;0;0;0;0;1;1;0;0;0;1;0;1;0;1;0;0;0;1;0;0;0;1;0;29.03
1;0;1;1;1;0;1;1;1;0;1;1;1;0;1;1;0;0;1;0;0;1;0;0;0;1;0;1;0;0;0;0;1;1;0;1;0;0;0;31.0833333333333
1;0;1;1;0;1;1;1;1;0;1;1;0;1;0;1;1;0;0;0;0;1;0;0;1;0;0;1;0;0;0;0;1;1;0;1;0;0;0;30.2
1;0;1;1;1;0;1;1;1;0;1;1;1;0;1;1;0;0;1;0;0;1;0;0;0;0;1;1;0;0;0;0;1;1;0;0;0;1;0;30.96
1;1;0;0;0;0;0;1;1;0;1;1;0;1;1;1;0;0;0;1;0;1;0;0;0;0;1;1;1;0;0;0;0;1;1;0;0;0;0;29.07
1;0;1;1;1;0;1;1;1;0;1;1;1;0;1;1;0;1;0;0;0;1;0;0;0;1;0;1;0;0;0;1;0;1;0;0;1;0;0;30.74
1;1;0;0;0;0;0;1;1;0;1;1;1;0;1;1;0;0;0;0;1;1;0;0;1;0;0;1;0;1;0;0;0;1;0;0;0;0;1;29.6233333333333
1;1;0;0;0;0;0;1;1;0;1;1;0;1;1;1;0;0;0;1;0;1;1;0;0;0;0;1;0;1;0;0;0;1;0;1;0;0;0;28.3866666666667
1;0;1;1;1;0;1;1;1;0;1;1;1;0;1;1;0;0;0;0;1;1;0;0;1;0;0;1;0;0;0;0;1;1;0;0;1;0;0;30.9833333333333
1;1;0;0;0;0;0;1;1;0;1;1;0;1;0;1;0;1;0;0;0;1;1;0;0;0;0;1;0;0;1;0;0;1;1;0;0;0;0;28.46
1;1;0;0;0;0;0;1;1;0;1;1;0;1;1;1;0;0;1;0;0;1;0;0;1;0;0;1;0;0;1;0;0;1;1;0;0;0;0;29.2533333333333
1;0;1;0;0;0;1;1;1;1;0;1;1;0;1;1;1;0;0;0;0;1;0;0;0;1;0;1;1;0;0;0;0;1;0;0;0;1;0;26.6033333333333
1;0;1;1;1;0;1;1;1;0;1;1;1;0;1;1;0;0;0;0;1;1;1;0;0;0;0;1;0;0;0;1;0;1;0;0;0;0;1;30.8666666666667
1;1;0;0;0;0;0;1;1;0;1;1;0;1;0;1;0;0;0;0;1;1;0;0;0;0;1;1;0;0;0;1;0;1;1;0;0;0;0;28.64
1;0;1;1;0;1;0;1;1;1;0;1;1;0;0;1;0;0;1;0;0;1;0;1;0;0;0;1;0;0;0;1;0;1;1;0;0;0;0;18.4566666666667
1;0;1;1;1;0;0;1;1;1;0;1;1;0;0;1;0;0;1;0;0;1;0;0;1;0;0;1;0;0;0;0;1;1;1;0;0;0;0;9.09333333333333
1;0;1;0;0;0;1;1;1;1;0;1;1;0;1;1;0;0;0;1;0;1;0;0;0;0;1;1;0;0;0;0;1;1;0;1;0;0;0;26.6066666666667
1;0;1;0;0;0;0;1;1;0;1;1;0;1;1;1;1;0;0;0;0;1;0;0;0;1;0;1;0;1;0;0;0;1;0;0;0;0;1;29.23
1;0;1;1;1;0;1;1;1;0;1;1;1;0;1;1;0;0;0;0;1;1;1;0;0;0;0;1;1;0;0;0;0;1;1;0;0;0;0;31.27
1;0;1;1;1;0;1;1;1;0;1;1;1;0;1;1;0;0;1;0;0;1;1;0;0;0;0;1;1;0;0;0;0;1;0;1;0;0;0;30.9766666666667
1;0;1;1;1;0;1;1;1;0;1;1;1;0;1;1;0;0;0;0;1;1;1;0;0;0;0;1;0;0;0;1;0;1;0;1;0;0;0;30.88
1;0;1;0;0;0;0;1;1;1;0;1;0;1;0;1;1;0;0;0;0;1;0;1;0;0;0;1;0;0;0;1;0;1;0;1;0;0;0;29.1933333333333
1;1;0;0;0;0;0;1;1;0;1;1;0;1;1;1;0;0;1;0;0;1;0;0;0;0;1;1;0;0;1;0;0;1;0;0;0;1;0;28.9966666666667
1;0;1;1;0;1;1;1;1;0;1;1;0;1;0;1;0;0;1;0;0;1;0;1;0;0;0;1;0;0;0;1;0;1;0;1;0;0;0;28.54
1;0;1;1;0;1;1;1;1;0;1;1;0;1;0;1;0;0;0;0;1;1;0;1;0;0;0;1;0;0;0;1;0;1;0;0;0;1;0;30.09
1;0;1;1;0;1;1;1;1;0;1;1;0;1;0;1;0;0;0;0;1;1;0;0;0;0;1;1;1;0;0;0;0;1;0;0;0;1;0;28.3766666666667
1;0;1;1;1;0;1;1;1;0;1;1;1;0;1;1;0;0;1;0;0;1;1;0;0;0;0;1;0;1;0;0;0;1;0;0;0;1;0;31.0866666666667
1;1;0;0;0;0;0;1;1;0;1;1;0;1;1;1;1;0;0;0;0;1;0;1;0;0;0;1;0;0;0;1;0;1;0;1;0;0;0;28.69
1;0;1;1;0;1;1;1;1;0;1;1;0;1;0;1;0;0;0;0;1;1;0;0;1;0;0;1;0;0;1;0;0;1;0;0;1;0;0;28.58
1;0;1;1;0;1;1;1;1;0;1;1;0;1;0;1;0;0;1;0;0;1;0;0;0;1;0;1;0;0;0;1;0;1;1;0;0;0;0;28.5233333333333
1;1;0;0;0;0;0;1;1;0;1;1;0;1;0;1;1;0;0;0;0;1;0;0;0;0;1;1;0;0;1;0;0;1;1;0;0;0;0;29.92
1;0;1;1;1;0;1;1;1;0;1;1;1;0;1;1;0;0;0;0;1;1;1;0;0;0;0;1;0;1;0;0;0;1;0;0;0;1;0;31.04
1;0;1;0;0;0;1;1;1;1;0;1;1;0;1;1;1;0;0;0;0;1;0;0;0;0;1;1;0;0;0;1;0;1;1;0;0;0;0;25.25
1;1;0;0;0;0;0;1;1;0;1;1;0;1;1;1;0;1;0;0;0;1;0;0;0;1;0;1;0;0;0;1;0;1;0;0;0;1;0;28.52
1;0;1;0;0;0;1;1;1;1;0;1;1;0;1;1;0;0;1;0;0;1;1;0;0;0;0;1;0;0;0;0;1;1;0;0;0;1;0;24.12
1;0;1;1;0;1;1;1;1;0;1;1;0;1;0;1;1;0;0;0;0;1;0;0;0;0;1;1;1;0;0;0;0;1;0;0;0;1;0;28.61
1;0;1;0;0;0;1;1;1;0;1;1;1;0;1;1;0;1;0;0;0;1;0;0;0;0;1;1;0;1;0;0;0;1;0;0;0;0;1;28.3666666666667
1;1;0;0;0;0;0;1;1;0;1;1;0;1;1;1;0;0;1;0;0;1;1;0;0;0;0;1;0;0;0;0;1;1;0;0;1;0;0;29.1533333333333
1;1;0;0;0;0;0;1;1;0;1;1;0;1;0;1;0;0;0;0;1;1;0;0;0;0;1;1;1;0;0;0;0;1;1;0;0;0;0;29.5966666666667
1;0;1;0;0;0;1;1;1;1;0;1;1;0;1;1;1;0;0;0;0;1;0;0;0;0;1;1;0;0;0;1;0;1;0;0;0;0;1;26.7133333333333
1;0;1;1;0;1;1;1;1;0;1;1;0;1;0;1;0;0;0;0;1;1;0;1;0;0;0;1;0;0;0;0;1;1;0;0;0;0;1;29.74
1;0;1;1;1;0;1;1;1;0;1;1;1;0;1;1;0;1;0;0;0;1;0;0;1;0;0;1;0;0;0;1;0;1;0;0;1;0;0;31.2366666666667
1;0;1;1;1;0;1;1;1;0;1;1;1;0;1;1;0;0;1;0;0;1;0;0;0;0;1;1;0;0;1;0;0;1;0;0;1;0;0;30.6666666666667
1;0;1;1;0;1;1;1;1;0;1;1;0;1;0;1;0;0;0;1;0;1;0;0;1;0;0;1;0;0;0;1;0;1;0;0;1;0;0;28.22
1;0;1;0;0;0;0;1;1;1;0;1;0;1;0;1;0;1;0;0;0;1;0;1;0;0;0;1;1;0;0;0;0;1;0;0;0;0;1;28.5966666666667
1;0;1;0;0;0;0;1;1;0;1;1;1;0;0;1;0;0;1;0;0;1;0;1;0;0;0;1;0;1;0;0;0;1;1;0;0;0;0;28.99
1;0;1;1;0;1;1;1;1;0;1;1;0;1;0;1;0;0;0;1;0;1;0;0;0;1;0;1;0;1;0;0;0;1;0;1;0;0;0;29.0733333333333
1;1;0;0;0;0;0;1;1;0;1;1;1;0;1;1;0;1;0;0;0;1;1;0;0;0;0;1;0;0;0;0;1;1;0;0;0;1;0;28.3966666666667
1;0;1;1;1;0;0;1;1;1;0;1;1;0;0;1;0;0;1;0;0;1;0;0;1;0;0;1;0;0;0;0;1;1;0;0;0;0;1;8.16666666666667
1;0;1;1;1;0;1;1;1;0;1;1;1;0;1;1;0;0;0;1;0;1;1;0;0;0;0;1;1;0;0;0;0;1;0;0;0;0;1;30.9933333333333
1;0;1;1;1;0;1;1;1;0;1;1;1;0;1;1;0;0;0;0;1;1;1;0;0;0;0;1;0;0;1;0;0;1;0;0;1;0;0;31
1;1;0;0;0;0;0;1;1;0;1;1;0;1;0;1;1;0;0;0;0;1;0;0;0;1;0;1;1;0;0;0;0;1;0;1;0;0;0;28.59
1;0;1;0;0;0;1;1;1;1;0;1;1;0;1;1;0;0;0;0;1;1;0;0;0;1;0;1;0;0;1;0;0;1;0;0;1;0;0;25.3633333333333
1;0;1;0;0;0;0;1;1;0;1;1;1;0;0;1;1;0;0;0;0;1;0;0;0;0;1;1;0;0;0;1;0;1;1;0;0;0;0;28.5866666666667
1;1;0;0;0;0;0;1;1;0;1;1;0;1;1;1;0;0;0;0;1;1;0;0;0;1;0;1;0;0;0;0;1;1;0;0;0;0;1;28.49
1;1;0;0;0;0;0;1;1;0;1;1;1;0;1;1;1;0;0;0;0;1;0;0;1;0;0;1;0;0;1;0;0;1;0;1;0;0;0;28.74
1;1;0;0;0;0;0;1;1;0;1;1;0;1;1;1;0;0;0;0;1;1;0;0;1;0;0;1;0;0;1;0;0;1;0;0;0;0;1;29.04
1;0;1;0;0;0;1;1;1;1;0;1;1;0;1;1;1;0;0;0;0;1;0;0;1;0;0;1;0;0;1;0;0;1;0;0;0;1;0;26.74
1;0;1;1;1;0;1;1;1;0;1;1;1;0;1;1;0;1;0;0;0;1;0;0;0;0;1;1;1;0;0;0;0;1;1;0;0;0;0;30.9033333333333
1;0;1;0;0;0;1;1;1;1;0;1;1;0;1;1;0;0;0;1;0;1;0;0;0;0;1;1;1;0;0;0;0;1;0;0;0;1;0;24.11
1;0;1;1;0;1;1;1;1;0;1;1;0;1;0;1;0;0;0;1;0;1;1;0;0;0;0;1;1;0;0;0;0;1;0;1;0;0;0;29.6
1;1;0;0;0;0;0;1;1;0;1;1;0;1;0;1;0;1;0;0;0;1;0;0;0;1;0;1;1;0;0;0;0;1;0;1;0;0;0;28.2533333333333
1;0;1;0;0;0;1;1;1;1;0;1;1;0;1;1;0;0;0;1;0;1;0;0;0;0;1;1;0;1;0;0;0;1;1;0;0;0;0;27.8666666666667
1;0;1;1;1;0;1;1;1;0;1;1;1;0;1;1;0;0;1;0;0;1;0;1;0;0;0;1;0;0;0;1;0;1;0;0;1;0;0;30.77
1;1;0;0;0;0;0;1;1;0;1;1;0;1;1;1;0;0;0;0;1;1;0;1;0;0;0;1;0;0;1;0;0;1;0;0;1;0;0;29.2766666666667
1;1;0;0;0;0;0;1;1;0;1;1;0;1;0;1;0;1;0;0;0;1;0;0;0;1;0;1;0;0;0;0;1;1;0;0;1;0;0;28.3566666666667
1;0;1;0;0;0;0;1;1;1;0;1;0;1;0;1;0;0;0;1;0;1;0;0;0;1;0;1;1;0;0;0;0;1;1;0;0;0;0;28.9433333333333
1;1;0;0;0;0;0;1;1;0;1;1;0;1;1;1;0;0;1;0;0;1;0;0;1;0;0;1;0;0;0;0;1;1;0;0;1;0;0;28.62
1;0;1;1;0;1;1;1;1;0;1;1;0;1;0;1;0;0;0;0;1;1;0;0;0;0;1;1;0;0;0;1;0;1;0;1;0;0;0;28.95
1;1;0;0;0;0;0;1;1;1;0;1;0;1;1;1;0;0;0;1;0;1;0;1;0;0;0;1;0;0;0;0;1;1;0;0;0;1;0;28.5633333333333
1;1;0;0;0;0;0;1;1;0;1;1;0;1;1;1;0;0;1;0;0;1;1;0;0;0;0;1;1;0;0;0;0;1;0;1;0;0;0;29.0333333333333
1;0;1;0;0;0;1;1;1;1;0;1;1;0;1;1;0;1;0;0;0;1;0;0;0;1;0;1;0;0;0;0;1;1;0;1;0;0;0;25.33
1;0;1;1;1;0;1;1;1;0;1;1;1;0;1;1;0;1;0;0;0;1;0;0;1;0;0;1;1;0;0;0;0;1;0;0;0;1;0;30.76
1;0;1;0;0;0;1;1;1;0;1;1;1;0;1;1;0;1;0;0;0;1;0;1;0;0;0;1;0;0;0;1;0;1;1;0;0;0;0;29.0733333333333
1;1;0;0;0;0;0;1;1;0;1;1;1;0;1;1;0;0;0;1;0;1;0;0;1;0;0;1;0;0;0;0;1;1;0;0;1;0;0;28.95
1;0;1;1;1;0;1;1;1;0;1;1;1;0;1;1;0;0;0;1;0;1;1;0;0;0;0;1;0;1;0;0;0;1;0;0;0;0;1;31.16
1;0;1;1;0;1;1;1;1;0;1;1;0;1;0;1;0;0;0;1;0;1;0;1;0;0;0;1;0;0;0;1;0;1;0;1;0;0;0;29.0033333333333
1;0;1;1;0;1;1;1;1;0;1;1;0;1;0;1;0;0;1;0;0;1;0;0;1;0;0;1;0;1;0;0;0;1;0;1;0;0;0;29.6933333333333
1;1;0;0;0;0;0;1;1;0;1;1;0;1;0;1;0;0;0;1;0;1;0;0;1;0;0;1;0;1;0;0;0;1;0;0;0;0;1;28.6
1;0;1;0;0;0;1;1;1;1;0;1;1;0;1;1;1;0;0;0;0;1;0;0;0;1;0;1;1;0;0;0;0;1;0;0;1;0;0;27.7133333333333
1;1;0;0;0;0;0;1;1;0;1;1;0;1;1;1;0;1;0;0;0;1;0;0;0;0;1;1;0;0;1;0;0;1;0;1;0;0;0;28.6033333333333
1;0;1;0;0;0;0;1;1;0;1;1;0;1;0;1;0;0;0;0;1;1;0;1;0;0;0;1;1;0;0;0;0;1;1;0;0;0;0;28.6766666666667
1;1;0;0;0;0;0;1;1;0;1;1;0;1;0;1;0;0;0;0;1;1;0;0;1;0;0;1;0;0;1;0;0;1;1;0;0;0;0;28.4733333333333
1;0;1;0;0;0;1;1;1;1;0;1;1;0;1;1;0;1;0;0;0;1;0;0;0;1;0;1;0;0;1;0;0;1;0;0;0;1;0;28.1366666666667
1;0;1;0;0;0;0;1;1;0;1;1;0;1;0;1;1;0;0;0;0;1;0;1;0;0;0;1;0;0;1;0;0;1;0;0;1;0;0;28.9666666666667
1;0;1;1;0;1;1;1;1;0;1;1;0;1;0;1;0;1;0;0;0;1;0;0;0;1;0;1;0;0;1;0;0;1;1;0;0;0;0;29.24
1;1;0;0;0;0;0;1;1;0;1;1;0;1;0;1;1;0;0;0;0;1;1;0;0;0;0;1;1;0;0;0;0;1;0;0;0;0;1;29.15
1;1;0;1;0;1;1;1;1;0;1;1;0;1;0;1;0;1;0;0;0;1;0;1;0;0;0;1;0;0;0;0;1;1;1;0;0;0;0;29.3533333333333
1;0;1;1;1;0;1;1;1;0;1;1;1;0;1;1;0;0;0;1;0;1;0;0;0;1;0;1;0;0;0;0;1;1;0;0;0;0;1;30.91
1;0;1;1;1;0;1;1;1;0;1;1;1;0;1;1;0;0;0;1;0;1;0;0;0;1;0;1;0;0;0;0;1;1;0;0;0;1;0;30.86
1;0;1;1;0;1;1;1;1;0;1;1;0;1;0;1;0;0;0;1;0;1;0;0;0;1;0;1;1;0;0;0;0;1;0;1;0;0;0;29.7033333333333
1;0;1;1;0;1;1;1;1;0;1;1;0;1;0;1;0;0;0;1;0;1;0;1;0;0;0;1;0;0;0;0;1;1;0;1;0;0;0;28.29
1;1;0;0;0;0;0;1;1;0;1;1;0;1;1;1;0;0;1;0;0;1;0;0;1;0;0;1;1;0;0;0;0;1;0;0;0;1;0;29.06
1;0;1;1;0;1;1;1;1;0;1;1;0;1;0;1;0;0;1;0;0;1;0;1;0;0;0;1;1;0;0;0;0;1;0;0;0;1;0;29.09
1;1;0;0;0;0;0;1;1;0;1;1;0;1;1;1;0;1;0;0;0;1;1;0;0;0;0;1;0;0;0;1;0;1;0;0;1;0;0;28.8966666666667
1;0;1;1;0;1;1;1;1;0;1;1;0;1;0;1;1;0;0;0;0;1;0;0;1;0;0;1;0;0;0;1;0;1;0;1;0;0;0;29.51
1;0;1;0;0;0;0;1;1;0;1;1;1;0;0;1;0;0;0;1;0;1;0;0;1;0;0;1;0;0;1;0;0;1;0;0;0;0;1;28.56
1;1;0;1;0;1;1;1;1;0;1;1;0;1;0;1;0;1;0;0;0;1;1;0;0;0;0;1;0;1;0;0;0;1;0;0;0;1;0;29.78
1;1;0;0;0;0;0;1;1;1;0;1;1;0;1;1;0;0;1;0;0;1;1;0;0;0;0;1;0;1;0;0;0;1;0;0;0;1;0;12.5033333333333
1;0;1;0;0;0;0;1;1;0;1;1;0;1;0;1;1;0;0;0;0;1;0;1;0;0;0;1;0;1;0;0;0;1;0;1;0;0;0;28.5733333333333
1;1;0;0;0;0;0;1;1;0;1;1;0;1;1;1;0;0;0;0;1;1;0;0;0;1;0;1;1;0;0;0;0;1;0;0;0;0;1;29.0633333333333
1;0;1;1;0;1;1;1;1;0;1;1;0;1;0;1;0;0;0;0;1;1;1;0;0;0;0;1;0;0;0;0;1;1;0;0;0;1;0;29.0366666666667
1;1;0;0;0;0;0;1;1;0;1;1;0;1;0;1;0;0;0;0;1;1;0;0;1;0;0;1;0;0;0;0;1;1;1;0;0;0;0;28.5466666666667
1;1;0;0;0;0;0;1;1;0;1;1;0;1;1;1;0;1;0;0;0;1;1;0;0;0;0;1;0;0;1;0;0;1;1;0;0;0;0;28.4666666666667
1;0;1;0;0;0;1;1;1;1;0;1;1;0;1;1;0;0;1;0;0;1;0;0;0;0;1;1;0;0;0;0;1;1;0;0;0;1;0;26.82
1;0;1;1;1;0;1;1;1;0;1;1;1;0;1;1;0;1;0;0;0;1;0;0;1;0;0;1;0;1;0;0;0;1;0;0;0;0;1;30.6033333333333
1;0;1;0;0;0;1;1;1;1;0;1;1;0;1;1;0;0;1;0;0;1;0;0;1;0;0;1;0;0;0;0;1;1;1;0;0;0;0;25.2533333333333
1;1;0;0;0;0;0;1;1;0;1;1;0;1;1;1;0;1;0;0;0;1;1;0;0;0;0;1;0;0;0;1;0;1;1;0;0;0;0;29.13
1;0;1;1;0;1;1;1;1;0;1;1;0;1;0;1;0;0;1;0;0;1;0;0;0;0;1;1;1;0;0;0;0;1;0;0;0;0;1;29.0666666666667
1;0;1;0;0;0;1;1;1;1;0;1;1;0;1;1;0;0;0;1;0;1;1;0;0;0;0;1;0;1;0;0;0;1;0;1;0;0;0;25.1533333333333
1;1;0;0;0;0;0;1;1;0;1;1;0;1;1;1;0;1;0;0;0;1;0;0;0;0;1;1;0;0;0;0;1;1;0;0;0;1;0;29.0566666666667
1;1;0;0;0;0;0;1;1;0;1;1;0;1;1;1;0;0;0;1;0;1;0;0;1;0;0;1;0;1;0;0;0;1;0;0;0;0;1;28.57
1;0;1;1;0;1;1;1;1;0;1;1;0;1;0;1;0;0;1;0;0;1;0;0;0;1;0;1;0;1;0;0;0;1;1;0;0;0;0;29.19
1;0;1;1;0;1;1;1;1;0;1;1;0;1;0;1;0;0;1;0;0;1;1;0;0;0;0;1;0;0;0;0;1;1;0;0;0;0;1;28.59
1;0;1;1;1;0;1;1;1;0;1;1;1;0;1;1;0;0;1;0;0;1;0;0;0;1;0;1;0;0;0;0;1;1;0;0;1;0;0;30.9133333333333
1;0;1;1;1;0;1;1;1;0;1;1;1;0;1;1;0;1;0;0;0;1;0;0;0;1;0;1;0;0;1;0;0;1;0;0;1;0;0;30.6
1;0;1;1;0;1;1;1;1;0;1;1;0;1;0;1;0;0;1;0;0;1;0;1;0;0;0;1;0;1;0;0;0;1;0;0;1;0;0;29.09
1;0;1;0;0;0;1;1;1;1;0;1;1;0;1;1;0;0;0;1;0;1;0;1;0;0;0;1;0;0;0;0;1;1;0;1;0;0;0;25.3533333333333
1;0;1;0;0;0;1;1;1;1;0;1;1;0;1;1;0;0;0;0;1;1;0;1;0;0;0;1;0;0;0;0;1;1;0;0;0;1;0;23.8333333333333
1;0;1;0;0;0;1;1;1;1;0;1;1;0;1;1;0;0;0;0;1;1;0;0;1;0;0;1;0;0;0;0;1;1;0;0;1;0;0;25.3166666666667
1;1;0;0;0;0;0;1;1;0;1;1;1;0;1;1;0;0;0;1;0;1;0;1;0;0;0;1;0;1;0;0;0;1;0;0;0;1;0;28.8966666666667
1;0;1;1;1;0;1;1;1;0;1;1;1;0;1;1;0;1;0;0;0;1;0;0;1;0;0;1;1;0;0;0;0;1;0;0;1;0;0;31.1666666666667
1;0;1;0;0;0;1;1;1;1;0;1;1;0;1;1;0;0;0;1;0;1;0;0;0;0;1;1;0;0;0;0;1;1;1;0;0;0;0;25.0866666666667
1;1;0;1;0;1;1;1;1;0;1;1;0;1;0;1;0;0;1;0;0;1;0;0;1;0;0;1;0;0;0;1;0;1;0;0;0;0;1;29.5533333333333
1;0;1;1;0;1;1;1;1;0;1;1;1;0;0;1;0;0;0;1;0;1;0;0;0;0;1;1;1;0;0;0;0;1;0;0;0;1;0;29.62
1;1;0;0;0;0;0;1;1;0;1;1;0;1;1;1;0;0;1;0;0;1;0;0;1;0;0;1;0;0;0;0;1;1;0;0;0;1;0;29.0833333333333
1;0;1;1;0;1;0;1;1;0;1;1;1;0;0;1;0;1;0;0;0;1;0;1;0;0;0;1;0;0;0;1;0;1;0;0;0;0;1;29.6
1;0;1;1;1;0;1;1;1;0;1;1;1;0;1;1;0;0;0;0;1;1;1;0;0;0;0;1;0;0;0;0;1;1;0;0;1;0;0;30.7533333333333
1;1;0;0;0;0;0;1;1;0;1;1;0;1;1;1;0;0;0;1;0;1;0;0;0;1;0;1;0;0;1;0;0;1;0;0;0;0;1;28.5533333333333
1;1;0;1;1;0;1;1;1;0;1;1;1;0;0;1;0;0;0;0;1;1;1;0;0;0;0;1;0;0;1;0;0;1;1;0;0;0;0;31.0966666666667
1;0;1;0;0;0;0;1;1;0;1;1;1;0;0;1;0;0;1;0;0;1;0;0;0;1;0;1;1;0;0;0;0;1;0;0;0;1;0;29.13
1;0;1;0;0;0;0;1;1;0;1;1;0;1;0;1;0;0;0;0;1;1;0;0;0;1;0;1;1;0;0;0;0;1;1;0;0;0;0;28.44
1;0;1;0;0;0;0;1;1;1;0;1;0;1;0;1;1;0;0;0;0;1;0;1;0;0;0;1;0;0;1;0;0;1;1;0;0;0;0;28.9266666666667
1;1;0;0;0;0;0;1;1;0;1;1;0;1;1;1;0;0;1;0;0;1;0;0;0;0;1;1;0;0;0;0;1;1;1;0;0;0;0;28.94
1;0;1;0;0;0;1;1;1;1;0;1;1;0;1;1;1;0;0;0;0;1;0;0;1;0;0;1;0;0;0;1;0;1;0;1;0;0;0;25.7
1;0;1;1;0;1;1;1;1;0;1;1;0;1;0;1;0;0;0;1;0;1;0;0;1;0;0;1;0;0;0;1;0;1;0;0;0;0;1;28.5866666666667
1;0;1;1;0;1;1;1;1;0;1;1;0;1;0;1;0;0;0;1;0;1;0;0;1;0;0;1;0;0;1;0;0;1;0;0;0;1;0;29.06
1;0;1;1;1;0;1;1;1;0;1;1;1;0;1;1;0;0;1;0;0;1;0;0;0;0;1;1;1;0;0;0;0;1;0;1;0;0;0;30.7933333333333
1;1;0;0;0;0;0;1;1;0;1;1;0;1;1;1;0;0;1;0;0;1;0;0;0;0;1;1;0;0;0;1;0;1;0;0;0;0;1;28.2666666666667
1;0;1;0;0;0;1;1;1;1;0;1;1;0;1;1;1;0;0;0;0;1;0;1;0;0;0;1;0;1;0;0;0;1;0;0;1;0;0;24.0633333333333
1;0;1;0;0;0;0;1;1;1;0;1;0;1;0;1;0;1;0;0;0;1;0;1;0;0;0;1;1;0;0;0;0;1;1;0;0;0;0;29.1666666666667
1;0;1;1;1;0;1;1;1;0;1;1;1;0;1;1;1;0;0;0;0;1;1;0;0;0;0;1;0;1;0;0;0;1;1;0;0;0;0;30.88
1;1;0;0;0;0;0;1;1;0;1;1;1;0;1;1;0;1;0;0;0;1;0;0;1;0;0;1;1;0;0;0;0;1;0;0;1;0;0;29.05
1;1;0;0;0;0;0;1;1;0;1;1;0;1;1;1;0;0;0;0;1;1;0;0;1;0;0;1;1;0;0;0;0;1;0;0;0;0;1;28.4
1;0;1;0;0;0;0;1;1;1;0;1;1;0;1;1;0;0;1;0;0;1;0;0;0;1;0;1;0;0;1;0;0;1;0;0;0;1;0;7.01
1;0;1;1;0;1;1;1;1;0;1;1;0;1;0;1;1;0;0;0;0;1;0;0;0;0;1;1;0;1;0;0;0;1;0;0;0;1;0;28.5166666666667
1;1;0;0;0;0;0;1;1;0;1;1;0;1;0;1;0;0;0;1;0;1;0;0;1;0;0;1;0;0;0;1;0;1;0;0;1;0;0;29.15
1;0;1;0;0;0;1;1;1;1;0;1;1;0;1;1;0;0;0;0;1;1;0;1;0;0;0;1;0;1;0;0;0;1;0;0;1;0;0;24.16
1;0;1;1;0;1;1;1;1;0;1;1;0;1;0;1;0;1;0;0;0;1;0;0;0;0;1;1;0;0;0;1;0;1;0;0;0;1;0;29.6433333333333
1;0;1;0;0;0;1;1;1;1;0;1;1;0;1;1;0;1;0;0;0;1;0;0;0;1;0;1;0;0;1;0;0;1;0;1;0;0;0;25.3033333333333
1;0;1;0;0;0;0;1;1;0;1;1;1;0;0;1;0;0;1;0;0;1;0;0;0;0;1;1;0;0;1;0;0;1;1;0;0;0;0;29.0266666666667
1;0;1;1;0;1;1;1;1;0;1;1;0;1;0;1;0;0;0;0;1;1;0;0;0;1;0;1;0;0;0;1;0;1;0;0;0;1;0;30.26
1;1;0;0;0;0;0;1;1;0;1;1;0;1;0;1;0;1;0;0;0;1;0;0;1;0;0;1;1;0;0;0;0;1;0;0;0;1;0;28.4733333333333
1;0;1;1;0;1;1;1;1;0;1;1;0;1;0;1;0;0;1;0;0;1;0;0;0;1;0;1;0;0;0;0;1;1;0;0;0;1;0;28.9466666666667
1;1;0;0;0;0;0;1;1;0;1;1;0;1;1;1;0;0;0;0;1;1;0;0;0;1;0;1;0;0;1;0;0;1;0;1;0;0;0;28.1666666666667
1;1;0;0;0;0;0;1;1;0;1;1;0;1;1;1;1;0;0;0;0;1;0;0;0;0;1;1;0;0;0;1;0;1;0;0;1;0;0;28.5233333333333
1;0;1;1;1;0;0;1;1;1;0;1;1;0;0;1;0;0;1;0;0;1;1;0;0;0;0;1;0;0;0;0;1;1;0;0;1;0;0;6.04333333333333
1;0;1;1;1;0;1;1;1;0;1;1;1;0;1;1;0;0;0;1;0;1;0;0;1;0;0;1;1;0;0;0;0;1;0;0;0;0;1;31.2233333333333
1;0;1;0;0;0;1;1;1;0;1;1;1;0;1;1;0;0;1;0;0;1;0;0;0;1;0;1;0;0;0;1;0;1;0;1;0;0;0;29.1033333333333
1;1;0;0;0;0;0;1;1;0;1;1;0;1;0;1;0;1;0;0;0;1;0;0;0;0;1;1;0;0;0;0;1;1;0;0;0;1;0;28.23
1;0;1;1;1;0;1;1;1;0;1;1;1;0;1;1;0;0;1;0;0;1;0;1;0;0;0;1;0;0;0;0;1;1;0;1;0;0;0;30.81
1;0;1;1;1;0;1;1;1;0;1;1;1;0;1;1;1;0;0;0;0;1;0;0;0;1;0;1;1;0;0;0;0;1;0;1;0;0;0;31.0966666666667
1;1;0;1;0;1;1;1;1;0;1;1;0;1;0;1;0;1;0;0;0;1;1;0;0;0;0;1;0;0;0;0;1;1;0;0;0;0;1;28.4433333333333
1;0;1;1;1;0;1;1;1;0;1;1;1;0;1;1;0;1;0;0;0;1;0;0;0;1;0;1;0;1;0;0;0;1;0;0;0;0;1;31.0733333333333
1;0;1;0;0;0;1;1;1;1;0;1;1;0;1;1;0;0;0;1;0;1;0;0;0;0;1;1;0;0;0;1;0;1;1;0;0;0;0;25.3566666666667
1;1;0;0;0;0;0;1;1;0;1;1;0;1;0;1;0;0;0;0;1;1;0;0;0;1;0;1;1;0;0;0;0;1;0;0;0;0;1;28.57
1;0;1;1;1;0;1;1;1;0;1;1;1;0;1;1;0;0;0;1;0;1;0;0;0;1;0;1;0;0;0;0;1;1;0;1;0;0;0;30.8566666666667
1;1;0;0;0;0;0;1;1;0;1;1;0;1;0;1;1;0;0;0;0;1;0;0;0;0;1;1;1;0;0;0;0;1;0;0;0;1;0;29.0866666666667
1;0;1;1;1;0;1;1;1;0;1;1;1;0;1;1;0;0;0;0;1;1;0;0;1;0;0;1;0;0;0;1;0;1;0;0;1;0;0;30.6266666666667
1;1;0;0;0;0;0;1;1;0;1;1;0;1;0;1;0;0;0;1;0;1;0;0;0;0;1;1;1;0;0;0;0;1;0;0;1;0;0;29
1;1;0;0;0;0;0;1;1;0;1;1;0;1;1;1;0;0;0;0;1;1;0;1;0;0;0;1;0;1;0;0;0;1;1;0;0;0;0;29.1466666666667
1;1;0;0;0;0;0;1;1;0;1;1;0;1;1;1;0;0;0;1;0;1;1;0;0;0;0;1;1;0;0;0;0;1;0;0;1;0;0;29.0066666666667
1;0;1;1;1;0;1;1;1;0;1;1;1;0;1;1;0;0;0;0;1;1;0;0;0;0;1;1;0;0;0;1;0;1;0;1;0;0;0;31.0666666666667
1;0;1;1;0;1;1;1;1;0;1;1;0;1;0;1;0;0;0;1;0;1;0;0;1;0;0;1;0;0;0;0;1;1;1;0;0;0;0;28.5866666666667
1;0;1;1;1;0;1;1;1;0;1;1;1;0;1;1;0;0;0;1;0;1;0;1;0;0;0;1;0;0;0;0;1;1;0;1;0;0;0;30.9933333333333
1;1;0;0;0;0;0;1;1;0;1;1;0;1;1;1;0;0;0;0;1;1;1;0;0;0;0;1;0;0;0;1;0;1;1;0;0;0;0;29.65
1;1;0;0;0;0;0;1;1;0;1;1;0;1;1;1;1;0;0;0;0;1;0;0;0;0;1;1;0;0;1;0;0;1;0;0;0;0;1;28.35
1;0;1;1;1;0;1;1;1;0;1;1;1;0;1;1;0;0;0;0;1;1;0;0;0;1;0;1;0;1;0;0;0;1;0;0;0;1;0;31.13
1;0;1;0;0;0;1;1;1;1;0;1;1;0;1;1;0;0;1;0;0;1;0;0;0;1;0;1;0;0;0;1;0;1;0;1;0;0;0;26.25
1;1;0;0;0;0;0;1;1;0;1;1;0;1;1;1;1;0;0;0;0;1;0;1;0;0;0;1;1;0;0;0;0;1;0;0;0;0;1;29.0033333333333
1;0;1;0;0;0;0;1;1;0;1;1;0;1;0;1;1;0;0;0;0;1;0;1;0;0;0;1;0;1;0;0;0;1;1;0;0;0;0;28.4133333333333
1;1;0;0;0;0;0;1;1;0;1;1;1;0;1;1;0;1;0;0;0;1;0;1;0;0;0;1;0;0;0;1;0;1;0;0;0;1;0;29.4866666666667
1;0;1;0;0;0;1;1;1;1;0;1;1;0;1;1;0;0;1;0;0;1;0;1;0;0;0;1;0;1;0;0;0;1;0;0;1;0;0;23.9566666666667
1;1;0;0;0;0;0;1;1;0;1;1;0;1;0;1;1;0;0;0;0;1;0;1;0;0;0;1;0;0;0;1;0;1;1;0;0;0;0;29.19
1;1;0;1;0;1;1;1;1;0;1;1;0;1;0;1;0;0;0;1;0;1;0;0;1;0;0;1;0;0;0;0;1;1;0;0;0;0;1;28.69
1;0;1;0;0;0;1;1;1;1;0;1;1;0;1;1;0;0;1;0;0;1;0;0;0;1;0;1;0;0;1;0;0;1;1;0;0;0;0;24.0933333333333
1;0;1;0;0;0;1;1;1;1;0;1;1;0;1;1;1;0;0;0;0;1;0;0;0;0;1;1;0;0;0;0;1;1;0;0;1;0;0;24.2033333333333
1;1;0;0;0;0;0;1;1;0;1;1;0;1;1;1;0;0;0;1;0;1;1;0;0;0;0;1;0;0;1;0;0;1;0;1;0;0;0;28.3466666666667
1;0;1;0;0;0;1;1;1;1;0;1;1;0;1;1;0;0;0;1;0;1;0;1;0;0;0;1;0;0;0;1;0;1;0;0;0;1;0;26.4866666666667
1;0;1;1;1;0;1;1;1;0;1;1;1;0;0;1;0;0;1;0;0;1;0;1;0;0;0;1;0;0;0;1;0;1;0;0;0;1;0;30.85
1;0;1;1;0;1;1;1;1;0;1;1;0;1;0;1;0;1;0;0;0;1;0;0;0;0;1;1;0;1;0;0;0;1;0;1;0;0;0;28.5766666666667
1;0;1;0;0;0;1;1;1;0;1;1;1;0;1;1;0;1;0;0;0;1;0;0;1;0;0;1;0;1;0;0;0;1;0;0;1;0;0;28.3133333333333
1;0;1;0;0;0;1;1;1;1;0;1;1;0;1;1;0;0;0;1;0;1;0;1;0;0;0;1;0;0;1;0;0;1;0;0;0;1;0;24.2766666666667
1;0;1;0;0;0;1;1;1;1;0;1;1;0;1;1;0;0;0;0;1;1;0;1;0;0;0;1;0;1;0;0;0;1;0;0;0;1;0;25.34
1;1;0;0;0;0;0;1;1;0;1;1;0;1;1;1;0;0;1;0;0;1;0;0;0;1;0;1;0;0;0;0;1;1;0;0;1;0;0;28.5466666666667
1;1;0;0;0;0;0;1;1;0;1;1;0;1;1;1;0;0;0;0;1;1;0;0;0;0;1;1;0;0;0;1;0;1;0;0;1;0;0;28.51
1;0;1;0;0;0;1;1;1;1;0;1;1;0;1;1;0;0;0;1;0;1;1;0;0;0;0;1;0;0;0;1;0;1;0;0;1;0;0;25.4
1;0;1;0;0;0;0;1;1;1;0;1;1;0;0;1;0;0;0;0;1;1;0;1;0;0;0;1;0;1;0;0;0;1;0;1;0;0;0;5.73666666666667
1;1;0;1;0;1;1;1;1;0;1;1;0;1;0;1;0;1;0;0;0;1;0;0;0;1;0;1;0;0;0;0;1;1;0;1;0;0;0;28.66
1;0;1;1;1;0;1;1;1;0;1;1;1;0;1;1;0;1;0;0;0;1;0;0;0;0;1;1;0;0;0;0;1;1;1;0;0;0;0;30.91
1;1;0;0;0;0;0;1;1;0;1;1;0;1;0;1;0;0;0;1;0;1;0;0;0;0;1;1;1;0;0;0;0;1;0;0;0;1;0;28.0566666666667
1;0;1;1;0;1;1;1;1;0;1;1;0;1;0;1;0;0;0;1;0;1;0;0;0;0;1;1;0;0;0;0;1;1;0;0;1;0;0;29.7233333333333
1;0;1;1;1;0;1;1;1;0;1;1;1;0;1;1;1;0;0;0;0;1;0;0;0;1;0;1;0;0;0;0;1;1;0;1;0;0;0;30.8433333333333
1;1;0;0;0;0;0;1;1;0;1;1;0;1;0;1;1;0;0;0;0;1;1;0;0;0;0;1;0;0;0;0;1;1;0;0;0;0;1;29.32
1;0;1;0;0;0;1;1;1;1;0;1;1;0;1;1;1;0;0;0;0;1;0;0;1;0;0;1;0;0;1;0;0;1;0;1;0;0;0;25.2833333333333
1;1;0;0;0;0;0;1;1;0;1;1;0;1;1;1;0;0;0;0;1;1;0;0;0;0;1;1;0;0;0;1;0;1;1;0;0;0;0;29.1966666666667
1;0;1;1;1;0;0;1;1;1;0;1;1;0;0;1;0;1;0;0;0;1;0;0;1;0;0;1;0;1;0;0;0;1;0;0;0;0;1;8.14
1;1;0;0;0;0;0;1;1;0;1;1;0;1;1;1;0;0;1;0;0;1;0;1;0;0;0;1;0;0;0;1;0;1;0;0;1;0;0;28.3066666666667
1;0;1;1;0;1;1;1;1;0;1;1;0;1;0;1;1;0;0;0;0;1;0;0;0;0;1;1;0;0;0;0;1;1;1;0;0;0;0;28.6233333333333
1;0;1;1;1;0;1;1;1;0;1;1;1;0;1;1;1;0;0;0;0;1;0;0;0;0;1;1;1;0;0;0;0;1;0;0;0;0;1;30.7066666666667
1;0;1;1;0;1;1;1;1;0;1;1;0;1;0;1;0;0;0;0;1;1;0;1;0;0;0;1;0;0;0;0;1;1;0;0;1;0;0;28.4866666666667
1;0;1;1;0;1;1;1;1;0;1;1;0;1;0;1;0;1;0;0;0;1;0;0;1;0;0;1;0;0;1;0;0;1;0;0;0;0;1;28.98
1;0;1;0;0;0;0;1;1;0;1;1;1;0;0;1;0;1;0;0;0;1;0;0;0;0;1;1;0;1;0;0;0;1;0;0;0;0;1;28.6333333333333
1;0;1;0;0;0;0;1;1;0;1;1;1;0;0;1;0;0;0;1;0;1;0;1;0;0;0;1;0;1;0;0;0;1;0;0;1;0;0;28.65
1;0;1;1;1;0;1;1;1;0;1;1;1;0;1;1;0;0;0;1;0;1;0;0;0;1;0;1;0;0;1;0;0;1;0;0;1;0;0;30.7566666666667
1;0;1;1;0;1;1;1;1;0;1;1;0;1;0;1;0;0;0;0;1;1;0;0;0;1;0;1;0;0;1;0;0;1;0;0;0;0;1;29.6466666666667
1;0;1;1;1;0;0;1;1;1;0;1;1;0;0;1;1;0;0;0;0;1;0;0;1;0;0;1;0;0;0;0;1;1;1;0;0;0;0;9.08666666666667
1;0;1;0;0;0;1;1;1;1;0;1;1;0;1;1;0;0;1;0;0;1;0;0;1;0;0;1;1;0;0;0;0;1;0;0;0;1;0;25.3666666666667
1;0;1;1;1;0;1;1;1;0;1;1;1;0;1;1;1;0;0;0;0;1;0;0;0;0;1;1;0;0;0;0;1;1;0;0;0;1;0;30.91
1;1;0;0;0;0;0;1;1;0;1;1;0;1;1;1;0;0;0;1;0;1;0;0;0;0;1;1;0;0;1;0;0;1;0;0;0;0;1;28.1433333333333
1;0;1;1;0;1;1;1;1;0;1;1;0;1;0;1;1;0;0;0;0;1;0;0;0;1;0;1;0;0;1;0;0;1;0;0;1;0;0;29.68
1;1;0;0;0;0;0;1;1;0;1;1;0;1;1;1;0;0;0;0;1;1;1;0;0;0;0;1;0;0;1;0;0;1;1;0;0;0;0;29.3833333333333
1;1;0;0;0;0;0;1;1;0;1;1;0;1;1;1;0;0;0;0;1;1;1;0;0;0;0;1;0;0;0;0;1;1;1;0;0;0;0;28.6133333333333
1;1;0;1;0;1;1;1;1;0;1;1;0;1;0;1;1;0;0;0;0;1;0;0;0;0;1;1;0;0;0;0;1;1;0;0;0;1;0;29.2233333333333
1;0;1;0;0;0;0;1;1;1;0;1;0;1;0;1;1;0;0;0;0;1;0;0;0;1;0;1;0;1;0;0;0;1;1;0;0;0;0;28.3966666666667
1;0;1;1;0;1;1;1;1;0;1;1;0;1;0;1;1;0;0;0;0;1;0;0;1;0;0;1;0;1;0;0;0;1;1;0;0;0;0;29.1033333333333
1;1;0;0;0;0;0;1;1;0;1;1;0;1;1;1;0;0;0;0;1;1;0;0;0;0;1;1;0;0;0;0;1;1;1;0;0;0;0;28.58
1;0;1;0;0;0;0;1;1;0;1;1;1;0;1;1;0;0;0;1;0;1;0;0;0;0;1;1;0;0;1;0;0;1;0;0;1;0;0;29.0933333333333
1;1;0;1;0;1;1;1;1;0;1;1;0;1;0;1;0;1;0;0;0;1;1;0;0;0;0;1;1;0;0;0;0;1;0;1;0;0;0;28.26
1;1;0;0;0;0;0;1;1;0;1;1;0;1;0;1;0;1;0;0;0;1;0;0;0;0;1;1;1;0;0;0;0;1;0;0;1;0;0;29.1366666666667
1;1;0;0;0;0;0;1;1;0;1;1;0;1;0;1;1;0;0;0;0;1;0;0;0;1;0;1;1;0;0;0;0;1;0;0;0;1;0;29.59
1;0;1;0;0;0;0;1;1;1;0;1;0;1;0;1;1;0;0;0;0;1;0;0;0;0;1;1;0;1;0;0;0;1;1;0;0;0;0;28.5266666666667
1;0;1;0;0;0;1;1;1;1;0;1;1;0;1;1;0;1;0;0;0;1;0;0;0;1;0;1;0;0;0;0;1;1;0;0;0;0;1;26.5866666666667
1;1;0;0;0;0;0;1;1;0;1;1;0;1;0;1;0;0;0;0;1;1;0;1;0;0;0;1;1;0;0;0;0;1;0;0;0;1;0;29.1066666666667
1;1;0;0;0;0;0;1;1;0;1;1;0;1;0;1;0;0;0;0;1;1;0;1;0;0;0;1;0;0;0;1;0;1;1;0;0;0;0;29.16
1;1;0;0;0;0;0;1;1;0;1;1;0;1;0;1;0;1;0;0;0;1;0;0;0;1;0;1;1;0;0;0;0;1;0;0;0;0;1;29.0733333333333
1;0;1;1;1;0;1;1;1;0;1;1;1;0;1;1;0;0;1;0;0;1;1;0;0;0;0;1;0;0;1;0;0;1;0;1;0;0;0;31.2166666666667
1;0;1;1;0;1;1;1;1;0;1;1;0;1;0;1;1;0;0;0;0;1;1;0;0;0;0;1;0;1;0;0;0;1;0;0;0;1;0;29.2233333333333
1;0;1;0;0;0;1;1;1;1;0;1;1;0;1;1;0;1;0;0;0;1;0;0;1;0;0;1;0;1;0;0;0;1;0;0;0;1;0;26.4166666666667
1;0;1;0;0;0;0;1;1;1;0;1;0;1;0;1;0;1;0;0;0;1;0;1;0;0;0;1;1;0;0;0;0;1;0;1;0;0;0;29.0033333333333
1;1;0;0;0;0;0;1;1;0;1;1;0;1;0;1;0;1;0;0;0;1;0;0;1;0;0;1;1;0;0;0;0;1;1;0;0;0;0;28.4933333333333
1;0;1;1;1;0;1;1;1;0;1;1;1;0;1;1;0;0;1;0;0;1;0;0;0;1;0;1;1;0;0;0;0;1;0;1;0;0;0;31.13
1;0;1;1;1;0;1;1;1;0;1;1;1;0;1;1;0;0;0;1;0;1;0;0;0;0;1;1;1;0;0;0;0;1;1;0;0;0;0;30.9366666666667
1;0;1;1;1;0;1;1;1;0;1;1;1;0;1;1;1;0;0;0;0;1;0;0;0;0;1;1;0;0;0;0;1;1;1;0;0;0;0;30.9866666666667
1;0;1;1;1;0;1;1;1;0;1;1;1;0;1;1;0;1;0;0;0;1;0;0;0;0;1;1;0;1;0;0;0;1;0;0;0;1;0;31.0533333333333
1;0;1;1;1;0;1;1;1;0;1;1;1;0;1;1;0;1;0;0;0;1;0;0;0;0;1;1;0;0;1;0;0;1;0;0;0;0;1;31.1166666666667
1;1;0;0;0;0;0;1;1;0;1;1;0;1;0;1;0;0;0;1;0;1;0;1;0;0;0;1;0;1;0;0;0;1;0;0;0;0;1;28.5766666666667
1;0;1;0;0;0;1;1;1;1;0;1;1;0;1;1;0;1;0;0;0;1;0;0;1;0;0;1;0;0;1;0;0;1;0;1;0;0;0;25.1533333333333
1;1;0;1;1;0;1;1;1;0;1;1;0;1;0;1;0;0;1;0;0;1;0;1;0;0;0;1;0;0;0;1;0;1;1;0;0;0;0;30.96
1;0;1;1;0;1;1;1;1;0;1;1;0;1;0;1;1;0;0;0;0;1;0;1;0;0;0;1;1;0;0;0;0;1;0;0;0;0;1;29.7666666666667
1;0;1;0;0;0;0;1;1;0;1;1;0;1;0;1;0;0;0;0;1;1;0;1;0;0;0;1;0;0;1;0;0;1;1;0;0;0;0;28.6033333333333
1;0;1;1;0;1;1;1;1;0;1;1;0;1;0;1;0;0;1;0;0;1;0;0;0;0;1;1;0;1;0;0;0;1;0;0;1;0;0;29.65
1;1;0;0;0;0;0;1;1;0;1;1;0;1;1;1;0;0;1;0;0;1;1;0;0;0;0;1;0;1;0;0;0;1;1;0;0;0;0;29.1533333333333
1;1;0;0;0;0;0;1;1;0;1;1;0;1;0;1;0;0;1;0;0;1;0;0;1;0;0;1;1;0;0;0;0;1;0;0;0;1;0;29.1566666666667
1;1;0;0;0;0;0;1;1;0;1;1;0;1;1;1;0;0;0;0;1;1;0;0;0;0;1;1;1;0;0;0;0;1;0;0;1;0;0;28.3733333333333
1;0;1;1;1;0;1;1;1;0;1;1;1;0;1;1;0;1;0;0;0;1;0;0;1;0;0;1;0;1;0;0;0;1;0;0;0;1;0;30.95
1;0;1;1;0;1;1;1;1;0;1;1;0;1;0;1;0;0;1;0;0;1;1;0;0;0;0;1;0;0;0;0;1;1;0;0;0;1;0;29.1166666666667
1;0;1;0;0;0;0;1;1;1;0;1;0;1;0;1;1;0;0;0;0;1;0;1;0;0;0;1;0;0;0;1;0;1;0;0;1;0;0;29.1233333333333
1;1;0;1;1;0;0;1;1;1;0;1;1;0;0;1;1;0;0;0;0;1;1;0;0;0;0;1;1;0;0;0;0;1;0;0;0;0;1;15.97
1;0;1;0;0;0;1;1;1;1;0;1;1;0;1;1;0;1;0;0;0;1;0;0;0;1;0;1;0;0;1;0;0;1;0;0;1;0;0;23.8566666666667
1;0;1;1;1;0;0;1;1;1;0;1;1;0;0;1;0;0;0;1;0;1;0;0;1;0;0;1;0;1;0;0;0;1;0;0;1;0;0;6.05
1;0;1;1;0;1;1;1;1;0;1;1;0;1;0;1;1;0;0;0;0;1;1;0;0;0;0;1;0;0;0;1;0;1;0;0;1;0;0;28.5433333333333
1;0;1;0;0;0;1;1;1;1;0;1;1;0;1;1;0;0;1;0;0;1;0;1;0;0;0;1;0;0;0;0;1;1;1;0;0;0;0;25.2566666666667
1;0;1;1;1;0;1;1;1;0;1;1;1;0;1;1;0;0;0;0;1;1;0;0;0;1;0;1;0;0;0;1;0;1;1;0;0;0;0;30.73
1;1;0;0;0;0;0;1;1;0;1;1;0;1;1;1;0;0;0;0;1;1;0;0;1;0;0;1;0;0;0;0;1;1;0;1;0;0;0;28.6433333333333
1;1;0;0;0;0;0;1;1;0;1;1;0;1;1;1;0;0;1;0;0;1;1;0;0;0;0;1;0;0;1;0;0;1;0;0;0;1;0;29.08
1;1;0;0;0;0;0;1;1;0;1;1;0;1;0;1;0;0;0;1;0;1;0;0;0;1;0;1;0;0;0;1;0;1;0;0;0;0;1;28.5866666666667
1;1;0;0;0;0;0;1;1;1;0;1;1;0;0;1;0;0;1;0;0;1;0;0;0;1;0;1;0;0;0;1;0;1;0;0;1;0;0;10.8866666666667
1;1;0;0;0;0;0;1;1;0;1;1;0;1;1;1;0;0;0;1;0;1;0;1;0;0;0;1;0;1;0;0;0;1;0;0;0;1;0;28.6366666666667
1;0;1;1;0;1;1;1;1;0;1;1;0;1;0;1;1;0;0;0;0;1;0;0;0;0;1;1;0;0;0;0;1;1;0;1;0;0;0;29.0666666666667
1;0;1;1;1;0;1;1;1;0;1;1;1;0;1;1;0;1;0;0;0;1;1;0;0;0;0;1;1;0;0;0;0;1;0;1;0;0;0;30.9533333333333
1;0;1;1;1;0;1;1;1;0;1;1;1;0;1;1;0;0;0;1;0;1;0;0;1;0;0;1;0;1;0;0;0;1;0;1;0;0;0;31.1166666666667
1;0;1;1;0;1;1;1;1;0;1;1;0;1;0;1;0;1;0;0;0;1;0;0;0;0;1;1;1;0;0;0;0;1;0;0;0;1;0;28.98
1;0;1;1;0;1;1;1;1;0;1;1;0;1;0;1;0;1;0;0;0;1;0;0;1;0;0;1;0;1;0;0;0;1;0;1;0;0;0;29.1066666666667
1;1;0;0;0;0;0;1;1;0;1;1;0;1;1;1;0;0;0;0;1;1;0;1;0;0;0;1;0;0;1;0;0;1;0;0;0;1;0;29.0933333333333
1;0;1;1;0;1;0;1;1;0;1;1;1;0;0;1;0;1;0;0;0;1;0;0;0;0;1;1;0;0;0;0;1;1;0;0;0;0;1;29.46
1;0;1;1;1;0;1;1;1;0;1;1;1;0;1;1;0;0;0;1;0;1;0;0;0;0;1;1;1;0;0;0;0;1;0;0;0;1;0;30.96
1;0;1;1;1;0;1;1;1;0;1;1;1;0;1;1;0;0;0;1;0;1;0;0;1;0;0;1;0;0;0;0;1;1;0;0;0;1;0;30.9133333333333
1;0;1;0;0;0;0;1;1;0;1;1;1;0;0;1;0;0;0;0;1;1;0;0;1;0;0;1;0;1;0;0;0;1;0;0;0;0;1;28.6333333333333
1;0;1;0;0;0;1;1;1;1;0;1;1;0;1;1;1;0;0;0;0;1;0;0;0;0;1;1;1;0;0;0;0;1;0;0;0;1;0;23.95
1;0;1;1;0;1;1;1;1;0;1;1;0;1;0;1;0;0;0;0;1;1;0;1;0;0;0;1;0;1;0;0;0;1;1;0;0;0;0;29.2366666666667
1;0;1;0;0;0;0;1;1;1;0;1;0;1;0;1;0;0;0;1;0;1;0;1;0;0;0;1;0;0;1;0;0;1;1;0;0;0;0;28.6833333333333
1;1;0;0;0;0;0;1;1;0;1;1;0;1;1;1;0;0;0;1;0;1;1;0;0;0;0;1;0;0;1;0;0;1;0;0;0;1;0;28.9733333333333
1;1;0;0;0;0;0;1;1;0;1;1;0;1;0;1;1;0;0;0;0;1;0;0;0;1;0;1;1;0;0;0;0;1;0;0;0;0;1;29.0966666666667
1;0;1;1;1;0;1;1;1;0;1;1;1;0;1;1;0;1;0;0;0;1;0;0;0;0;1;1;0;0;0;0;1;1;0;1;0;0;0;31.1133333333333
1;1;0;0;0;0;0;1;1;0;1;1;0;1;1;1;1;0;0;0;0;1;0;1;0;0;0;1;0;0;0;1;0;1;1;0;0;0;0;28.6166666666667
1;0;1;0;0;0;1;1;1;1;0;1;1;0;1;1;0;1;0;0;0;1;0;0;0;0;1;1;0;1;0;0;0;1;0;0;1;0;0;25.2233333333333
1;1;0;0;0;0;0;1;1;0;1;1;0;1;1;1;0;1;0;0;0;1;0;0;1;0;0;1;0;0;0;0;1;1;0;0;0;0;1;28.56
1;0;1;0;0;0;0;1;1;1;0;1;0;1;0;1;0;0;0;1;0;1;0;1;0;0;0;1;1;0;0;0;0;1;0;0;1;0;0;29.1333333333333
1;0;1;1;0;1;1;1;1;0;1;1;0;1;0;1;0;0;0;0;1;1;0;0;1;0;0;1;0;0;0;1;0;1;0;1;0;0;0;28.9666666666667
1;1;0;0;0;0;0;1;1;0;1;1;0;1;0;1;0;0;0;1;0;1;0;0;1;0;0;1;1;0;0;0;0;1;0;1;0;0;0;28.9066666666667
1;0;1;0;0;0;1;1;1;1;0;1;1;0;1;1;0;0;0;0;1;1;0;0;0;0;1;1;0;0;0;0;1;1;0;1;0;0;0;25.3433333333333
1;0;1;1;0;1;1;1;1;0;1;1;0;1;0;1;0;0;0;1;0;1;0;0;0;1;0;1;0;0;0;1;0;1;0;0;0;1;0;29.4433333333333
1;0;1;0;0;0;0;1;1;0;1;1;1;0;0;1;0;1;0;0;0;1;0;0;0;0;1;1;0;1;0;0;0;1;0;1;0;0;0;29.6666666666667
1;0;1;0;0;0;1;1;1;1;0;1;1;0;1;1;0;0;1;0;0;1;1;0;0;0;0;1;0;1;0;0;0;1;0;0;1;0;0;25.3733333333333
1;1;0;0;0;0;0;1;1;0;1;1;0;1;1;1;1;0;0;0;0;1;0;0;0;1;0;1;0;0;1;0;0;1;0;1;0;0;0;28.5133333333333
1;0;1;1;1;0;0;1;1;1;0;1;1;0;0;1;0;1;0;0;0;1;1;0;0;0;0;1;0;1;0;0;0;1;0;0;0;1;0;8.01333333333333
1;0;1;0;0;0;0;1;1;1;0;1;0;1;0;1;1;0;0;0;0;1;1;0;0;0;0;1;0;0;1;0;0;1;0;1;0;0;0;28.5366666666667
1;0;1;0;0;0;1;1;1;1;0;1;1;0;1;1;0;1;0;0;0;1;1;0;0;0;0;1;0;0;0;0;1;1;0;0;0;1;0;24.0966666666667
1;0;1;1;1;0;0;1;1;1;0;1;1;0;0;1;0;0;1;0;0;1;1;0;0;0;0;1;0;0;0;1;0;1;0;0;1;0;0;6.03666666666667
1;0;1;1;1;0;1;1;1;0;1;1;1;0;1;1;0;1;0;0;0;1;0;0;0;0;1;1;0;1;0;0;0;1;0;0;0;0;1;31.02
1;0;1;0;0;0;1;1;1;1;0;1;1;0;1;1;0;0;0;1;0;1;1;0;0;0;0;1;0;0;0;1;0;1;0;1;0;0;0;25.6866666666667
1;0;1;1;1;0;1;1;1;0;1;1;1;0;1;1;0;1;0;0;0;1;0;0;0;0;1;1;0;1;0;0;0;1;0;0;1;0;0;30.9633333333333
1;0;1;0;0;0;0;1;1;0;1;1;1;0;0;1;1;0;0;0;0;1;0;0;0;0;1;1;1;0;0;0;0;1;1;0;0;0;0;28.5233333333333
1;1;0;0;0;0;0;1;1;0;1;1;1;0;1;1;0;1;0;0;0;1;0;0;0;1;0;1;0;0;1;0;0;1;0;1;0;0;0;29.5966666666667
1;1;0;0;0;0;0;1;1;0;1;1;1;0;1;1;0;1;0;0;0;1;0;0;0;1;0;1;0;1;0;0;0;1;0;0;1;0;0;29.1066666666667
1;0;1;1;0;1;1;1;1;0;1;1;0;1;0;1;0;0;1;0;0;1;0;0;0;0;1;1;0;0;0;0;1;1;0;0;0;1;0;28.91
1;1;0;0;0;0;0;1;1;0;1;1;0;1;1;1;1;0;0;0;0;1;0;1;0;0;0;1;0;0;1;0;0;1;0;0;1;0;0;29.1566666666667
1;0;1;1;0;1;1;1;1;0;1;1;0;1;0;1;0;0;1;0;0;1;1;0;0;0;0;1;0;0;0;0;1;1;0;0;1;0;0;28.3766666666667
1;0;1;0;0;0;1;1;1;1;0;1;1;0;1;1;0;0;0;0;1;1;0;1;0;0;0;1;0;0;0;1;0;1;0;0;0;1;0;24.0566666666667
1;0;1;0;0;0;1;1;1;1;0;1;1;0;1;1;0;0;0;0;1;1;0;0;0;0;1;1;0;0;0;1;0;1;0;0;1;0;0;25.3166666666667
1;0;1;1;1;0;0;1;1;1;0;1;1;0;0;1;0;0;0;1;0;1;1;0;0;0;0;1;0;1;0;0;0;1;0;0;1;0;0;6.08
1;0;1;1;0;1;0;1;1;1;0;1;1;0;0;1;0;0;0;1;0;1;0;0;0;0;1;1;0;0;0;1;0;1;0;0;0;0;1;7.08333333333333
1;1;0;0;0;0;0;1;1;0;1;1;0;1;1;1;0;0;1;0;0;1;0;0;0;0;1;1;0;1;0;0;0;1;1;0;0;0;0;28.61
1;0;1;1;1;0;1;1;1;0;1;1;1;0;1;1;0;0;1;0;0;1;1;0;0;0;0;1;1;0;0;0;0;1;0;0;0;1;0;30.9966666666667
1;0;1;0;0;0;0;1;1;1;0;1;1;0;1;1;0;0;0;0;1;1;1;0;0;0;0;1;1;0;0;0;0;1;0;0;0;1;0;6.53333333333333
1;0;1;1;0;1;1;1;1;0;1;1;0;1;0;1;0;0;1;0;0;1;0;0;1;0;0;1;1;0;0;0;0;1;0;0;0;1;0;29.0033333333333
1;0;1;1;0;1;1;1;1;0;1;1;1;0;1;1;0;0;0;0;1;1;0;0;1;0;0;1;0;0;0;0;1;1;0;0;1;0;0;29.6833333333333
1;0;1;1;1;0;1;1;1;0;1;1;0;1;1;1;0;0;0;0;1;1;0;0;1;0;0;1;0;0;0;0;1;1;0;0;1;0;0;30.5733333333333
1;0;1;1;0;1;1;1;1;0;1;1;0;1;0;1;0;0;0;0;1;1;0;0;1;0;0;1;0;0;1;0;0;1;0;0;0;0;1;28.6766666666667
1;0;1;1;1;0;1;1;1;0;1;1;1;0;1;1;0;0;0;1;0;1;0;1;0;0;0;1;0;0;0;1;0;1;0;0;0;0;1;30.7366666666667
1;1;0;0;0;0;0;1;1;0;1;1;0;1;1;1;0;1;0;0;0;1;0;0;0;0;1;1;1;0;0;0;0;1;0;0;0;1;0;29.68
1;0;1;1;1;0;0;1;1;1;0;1;1;0;0;1;0;0;0;0;1;1;1;0;0;0;0;1;0;1;0;0;0;1;0;0;1;0;0;6.05
1;0;1;0;0;0;1;1;1;1;0;1;1;0;1;1;0;0;0;1;0;1;0;0;1;0;0;1;0;0;1;0;0;1;0;0;0;1;0;24.0633333333333
1;1;0;1;0;1;1;1;1;0;1;1;0;1;0;1;0;1;0;0;0;1;0;0;0;0;1;1;0;0;0;0;1;1;0;0;0;0;1;28.6366666666667
1;1;0;0;0;0;0;1;1;0;1;1;0;1;1;1;1;0;0;0;0;1;0;0;0;1;0;1;0;1;0;0;0;1;0;0;0;0;1;29.5233333333333
1;0;1;1;1;0;1;1;1;0;1;1;1;0;1;1;0;0;0;1;0;1;0;0;1;0;0;1;0;1;0;0;0;1;1;0;0;0;0;30.9266666666667
1;0;1;0;0;0;1;1;1;1;0;1;1;0;1;1;1;0;0;0;0;1;0;0;0;1;0;1;0;0;0;0;1;1;0;1;0;0;0;26.65
1;0;1;0;0;0;1;1;1;1;0;1;1;0;1;1;0;0;1;0;0;1;0;0;0;1;0;1;1;0;0;0;0;1;0;0;0;1;0;24.1066666666667
1;0;1;1;0;1;1;1;1;0;1;1;0;1;0;1;0;0;0;0;1;1;1;0;0;0;0;1;0;1;0;0;0;1;0;0;0;1;0;28.5833333333333
1;0;1;0;0;0;1;1;1;1;0;1;1;0;1;1;0;0;1;0;0;1;0;1;0;0;0;1;0;0;1;0;0;1;0;0;1;0;0;26.6466666666667
1;0;1;1;1;0;0;1;1;1;0;1;1;0;0;1;0;0;0;1;0;1;0;0;1;0;0;1;0;0;0;0;1;1;0;1;0;0;0;7.56333333333333
1;0;1;0;0;0;0;1;1;0;1;1;0;1;0;1;1;0;0;0;0;1;0;1;0;0;0;1;1;0;0;0;0;1;0;0;1;0;0;28.5133333333333
1;0;1;0;0;0;0;1;1;1;0;1;0;1;0;1;0;0;0;1;0;1;1;0;0;0;0;1;0;0;0;0;1;1;0;0;0;0;1;28.4966666666667
1;0;1;0;0;0;0;1;1;0;1;1;0;1;0;1;0;1;0;0;0;1;0;1;0;0;0;1;0;0;0;0;1;1;1;0;0;0;0;28.6133333333333
1;0;1;0;0;0;0;1;1;0;1;1;0;1;0;1;0;0;0;1;0;1;0;0;0;1;0;1;1;0;0;0;0;1;1;0;0;0;0;28.9766666666667
1;0;1;1;0;1;1;1;1;0;1;1;1;0;0;1;1;0;0;0;0;1;1;0;0;0;0;1;0;0;0;0;1;1;0;1;0;0;0;28.6033333333333
1;0;1;0;0;0;1;1;1;1;0;1;1;0;1;1;0;0;0;0;1;1;1;0;0;0;0;1;0;0;0;0;1;1;0;0;1;0;0;25.4866666666667
1;0;1;0;0;0;0;1;1;1;0;1;0;1;0;1;0;0;1;0;0;1;1;0;0;0;0;1;0;0;0;1;0;1;0;0;0;0;1;29.1233333333333
1;0;1;0;0;0;0;1;1;1;0;1;0;1;0;1;0;0;0;0;1;1;1;0;0;0;0;1;0;1;0;0;0;1;0;0;0;0;1;28.42
1;0;1;0;0;0;0;1;1;0;1;1;0;1;0;1;0;0;1;0;0;1;0;0;0;1;0;1;0;0;0;1;0;1;1;0;0;0;0;29.1466666666667
1;0;1;1;0;1;1;1;1;0;1;1;0;1;0;1;0;0;0;0;1;1;0;0;1;0;0;1;0;0;0;0;1;1;0;0;0;0;1;29.1633333333333
1;0;1;1;0;1;1;1;1;0;1;1;1;0;1;1;0;0;1;0;0;1;0;1;0;0;0;1;0;0;0;0;1;1;0;0;0;0;1;28.1866666666667
1;0;1;1;1;0;1;1;1;0;1;1;1;0;1;1;0;0;0;1;0;1;0;0;0;1;0;1;0;0;1;0;0;1;0;1;0;0;0;31.1233333333333
1;0;1;1;1;0;1;1;1;0;1;1;1;0;1;1;0;0;0;0;1;1;0;0;0;0;1;1;1;0;0;0;0;1;0;0;0;1;0;31
1;0;1;0;0;0;0;1;1;0;1;1;1;0;0;1;0;1;0;0;0;1;0;0;1;0;0;1;0;0;0;1;0;1;0;0;0;0;1;29.6266666666667
1;0;1;1;1;0;1;1;1;0;1;1;1;0;1;1;1;0;0;0;0;1;0;1;0;0;0;1;0;0;0;0;1;1;0;0;0;0;1;31.0433333333333
1;1;0;0;0;0;0;1;1;0;1;1;0;1;1;1;0;1;0;0;0;1;0;0;0;1;0;1;0;0;0;1;0;1;0;0;0;0;1;28.3733333333333
1;0;1;0;0;0;1;1;1;1;0;1;1;0;1;1;1;0;0;0;0;1;1;0;0;0;0;1;0;0;1;0;0;1;0;0;0;1;0;25.46
1;0;1;0;0;0;1;1;1;1;0;1;1;0;1;1;0;0;0;0;1;1;0;0;0;0;1;1;0;0;1;0;0;1;0;0;0;1;0;24.1266666666667
1;0;1;1;1;0;1;1;1;0;1;1;1;0;1;1;0;0;1;0;0;1;0;0;0;1;0;1;1;0;0;0;0;1;0;0;1;0;0;30.9466666666667
1;1;0;0;0;0;0;1;1;0;1;1;0;1;0;1;0;0;0;0;1;1;0;0;0;1;0;1;1;0;0;0;0;1;0;0;1;0;0;28.5433333333333
1;0;1;0;0;0;1;1;1;1;0;1;1;0;1;1;0;1;0;0;0;1;0;0;0;0;1;1;0;0;0;0;1;1;0;0;1;0;0;24.16
1;1;0;0;0;0;0;1;1;0;1;1;0;1;1;1;1;0;0;0;0;1;1;0;0;0;0;1;0;0;0;1;0;1;1;0;0;0;0;29.1533333333333
1;1;0;0;0;0;0;1;1;0;1;1;1;0;1;1;0;1;0;0;0;1;0;1;0;0;0;1;0;0;0;0;1;1;0;1;0;0;0;29.3033333333333
1;0;1;1;0;1;1;1;1;0;1;1;0;1;0;1;1;0;0;0;0;1;1;0;0;0;0;1;0;1;0;0;0;1;0;0;1;0;0;29.1933333333333
1;0;1;1;1;0;1;1;1;0;1;1;1;0;1;1;1;0;0;0;0;1;0;0;1;0;0;1;0;0;0;0;1;1;1;0;0;0;0;30.9866666666667
1;0;1;0;0;0;1;1;1;0;1;1;1;0;1;1;0;1;0;0;0;1;0;0;0;0;1;1;0;1;0;0;0;1;0;0;1;0;0;28.4433333333333
1;0;1;1;0;1;1;1;1;0;1;1;0;1;0;1;0;0;0;1;0;1;1;0;0;0;0;1;0;0;0;1;0;1;0;0;1;0;0;30.77
1;0;1;1;1;0;1;1;1;0;1;1;1;0;1;1;0;1;0;0;0;1;0;1;0;0;0;1;0;1;0;0;0;1;0;1;0;0;0;31.1033333333333
1;0;1;1;0;1;1;1;1;0;1;1;0;1;0;1;0;0;0;0;1;1;0;0;0;0;1;1;0;0;0;1;0;1;0;0;0;0;1;30.2166666666667
1;0;1;1;0;1;1;1;1;0;1;1;0;1;0;1;1;0;0;0;0;1;0;0;0;1;0;1;0;1;0;0;0;1;1;0;0;0;0;29.4
1;0;1;0;0;0;1;1;1;1;0;1;1;0;1;1;0;1;0;0;0;1;1;0;0;0;0;1;0;0;0;1;0;1;1;0;0;0;0;26.6233333333333
1;0;1;0;0;0;1;1;1;0;1;1;1;0;1;1;0;1;0;0;0;1;0;0;1;0;0;1;0;0;0;0;1;1;0;1;0;0;0;28.6233333333333
1;1;0;0;0;0;0;1;1;0;1;1;0;1;1;1;0;1;0;0;0;1;0;0;0;0;1;1;1;0;0;0;0;1;0;1;0;0;0;28.5266666666667
1;0;1;0;0;0;0;1;1;0;1;1;0;1;0;1;1;0;0;0;0;1;0;1;0;0;0;1;1;0;0;0;0;1;0;0;0;0;1;28.3466666666667
1;0;1;1;1;0;1;1;1;0;1;1;1;0;1;1;0;1;0;0;0;1;0;0;0;1;0;1;0;0;0;1;0;1;0;0;0;0;1;30.77
1;1;0;1;0;1;1;1;1;0;1;1;0;1;0;1;0;1;0;0;0;1;0;1;0;0;0;1;1;0;0;0;0;1;0;1;0;0;0;28.8933333333333
1;1;0;0;0;0;0;1;1;0;1;1;0;1;0;1;1;0;0;0;0;1;0;0;0;1;0;1;0;0;0;0;1;1;0;0;0;0;1;30.1266666666667
1;0;1;0;0;0;0;1;1;1;0;1;0;1;0;1;1;0;0;0;0;1;0;1;0;0;0;1;1;0;0;0;0;1;0;0;0;0;1;29.15
1;0;1;0;0;0;0;1;1;1;0;1;0;1;0;1;1;0;0;0;0;1;1;0;0;0;0;1;0;0;0;1;0;1;0;1;0;0;0;28.6
1;1;0;0;0;0;0;1;1;0;1;1;0;1;1;1;1;0;0;0;0;1;0;0;1;0;0;1;1;0;0;0;0;1;0;1;0;0;0;28.5166666666667
1;1;0;0;0;0;0;1;1;0;1;1;0;1;1;1;0;1;0;0;0;1;0;0;1;0;0;1;1;0;0;0;0;1;0;0;1;0;0;28.5533333333333
1;1;0;0;0;0;0;1;1;0;1;1;1;0;1;1;0;0;0;0;1;1;0;0;0;1;0;1;1;0;0;0;0;1;0;1;0;0;0;28.4933333333333
1;0;1;0;0;0;1;1;1;1;0;1;1;0;1;1;0;0;0;0;1;1;0;1;0;0;0;1;0;0;0;1;0;1;0;1;0;0;0;25.4033333333333
1;0;1;1;1;0;1;1;1;0;1;1;1;0;1;1;0;0;0;1;0;1;0;0;0;0;1;1;0;1;0;0;0;1;1;0;0;0;0;30.8566666666667
1;0;1;0;0;0;0;1;1;1;0;1;0;1;0;1;0;0;1;0;0;1;0;1;0;0;0;1;0;0;0;1;0;1;1;0;0;0;0;29.1133333333333
1;0;1;1;0;1;1;1;1;0;1;1;0;1;0;1;0;1;0;0;0;1;0;0;1;0;0;1;0;0;0;1;0;1;0;0;0;0;1;29.11
1;1;0;0;0;0;0;1;1;0;1;1;0;1;1;1;0;0;1;0;0;1;0;0;0;1;0;1;0;0;0;0;1;1;0;0;0;1;0;28.4366666666667
1;1;0;0;0;0;0;1;1;0;1;1;0;1;1;1;0;0;0;0;1;1;0;1;0;0;0;1;0;0;0;1;0;1;0;1;0;0;0;29.1266666666667
1;1;0;0;0;0;0;1;1;0;1;1;0;1;1;1;0;1;0;0;0;1;0;0;1;0;0;1;1;0;0;0;0;1;0;1;0;0;0;29.54
1;0;1;1;1;0;1;1;1;0;1;1;1;0;1;1;0;0;0;0;1;1;0;0;0;1;0;1;0;0;1;0;0;1;1;0;0;0;0;30.9133333333333
1;0;1;0;0;0;1;1;1;1;0;1;1;0;1;1;0;1;0;0;0;1;0;0;0;0;1;1;0;0;0;0;1;1;0;1;0;0;0;25.18
1;1;0;0;0;0;0;1;1;0;1;1;0;1;1;1;1;0;0;0;0;1;1;0;0;0;0;1;0;0;0;0;1;1;0;0;0;1;0;29.8366666666667
1;0;1;1;0;1;1;1;1;0;1;1;0;1;0;1;0;0;0;1;0;1;1;0;0;0;0;1;0;1;0;0;0;1;0;1;0;0;0;29.2033333333333
1;0;1;1;1;0;1;1;1;0;1;1;1;0;1;1;1;0;0;0;0;1;0;0;0;0;1;1;0;0;1;0;0;1;1;0;0;0;0;30.91
1;0;1;0;0;0;1;1;1;1;0;1;1;0;1;1;0;1;0;0;0;1;0;0;0;1;0;1;0;1;0;0;0;1;0;0;0;1;0;25.34
1;0;1;0;0;0;1;1;1;1;0;1;1;0;1;1;0;1;0;0;0;1;0;0;0;0;1;1;0;0;1;0;0;1;0;1;0;0;0;26.45
1;0;1;0;0;0;1;1;1;1;0;1;1;0;1;1;0;0;0;0;1;1;1;0;0;0;0;1;0;0;1;0;0;1;0;0;0;1;0;25.15
1;0;1;0;0;0;1;1;1;1;0;1;1;0;1;1;0;0;0;1;0;1;0;0;1;0;0;1;0;0;0;0;1;1;0;0;0;1;0;23.95
1;0;1;0;0;0;1;1;1;1;0;1;1;0;1;1;1;0;0;0;0;1;0;0;0;0;1;1;1;0;0;0;0;1;0;1;0;0;0;25.4266666666667
1;0;1;0;0;0;0;1;1;1;0;1;1;0;0;1;0;0;0;0;1;1;0;0;1;0;0;1;1;0;0;0;0;1;0;1;0;0;0;5.73
1;1;0;0;0;0;0;1;1;0;1;1;1;0;1;1;0;0;0;1;0;1;0;0;1;0;0;1;0;0;1;0;0;1;0;0;0;1;0;29.6733333333333
1;0;1;1;1;0;1;1;1;0;1;1;1;0;1;1;0;0;1;0;0;1;0;0;0;1;0;1;0;1;0;0;0;1;0;0;0;1;0;31.1166666666667
1;0;1;1;0;1;1;1;1;0;1;1;0;1;0;1;1;0;0;0;0;1;0;0;1;0;0;1;0;0;1;0;0;1;1;0;0;0;0;29.1266666666667
1;0;1;1;1;0;1;1;1;0;1;1;1;0;1;1;0;1;0;0;0;1;0;0;1;0;0;1;0;0;0;1;0;1;1;0;0;0;0;31.0666666666667
1;0;1;1;1;0;1;1;1;0;1;1;1;0;1;1;0;1;0;0;0;1;0;0;1;0;0;1;1;0;0;0;0;1;0;0;0;0;1;31.0766666666667
1;0;1;0;0;0;1;1;1;1;0;1;1;0;1;1;0;0;0;0;1;1;0;0;1;0;0;1;0;0;1;0;0;1;0;0;0;1;0;25.3366666666667
1;0;1;0;0;0;1;1;1;1;0;1;1;0;1;1;0;0;0;0;1;1;0;0;0;0;1;1;0;0;1;0;0;1;0;1;0;0;0;25.3866666666667
1;0;1;0;0;0;1;1;1;1;0;1;1;0;1;1;0;1;0;0;0;1;1;0;0;0;0;1;0;0;1;0;0;1;1;0;0;0;0;24.6633333333333
1;0;1;0;0;0;1;1;1;1;0;1;1;0;1;1;0;0;0;0;1;1;1;0;0;0;0;1;0;0;0;0;1;1;1;0;0;0;0;24.0933333333333
1;0;1;0;0;0;1;1;1;1;0;1;1;0;1;1;0;0;0;1;0;1;1;0;0;0;0;1;0;0;1;0;0;1;0;1;0;0;0;25.09
1;0;1;0;0;0;0;1;1;0;1;1;1;0;0;1;0;0;1;0;0;1;0;0;1;0;0;1;1;0;0;0;0;1;1;0;0;0;0;28.5933333333333
1;0;1;0;0;0;1;1;1;1;0;1;1;0;1;1;1;0;0;0;0;1;0;0;0;0;1;1;0;0;0;1;0;1;0;0;0;1;0;25.2366666666667
1;0;1;0;0;0;1;1;1;1;0;1;1;0;1;1;0;0;1;0;0;1;0;1;0;0;0;1;0;0;0;1;0;1;0;0;1;0;0;25.32
1;0;1;0;0;0;0;1;1;0;1;1;1;0;0;1;0;1;0;0;0;1;0;0;0;1;0;1;1;0;0;0;0;1;0;0;0;0;1;28.62
1;0;1;0;0;0;1;1;1;1;0;1;1;0;1;1;0;0;0;1;0;1;0;0;0;1;0;1;0;0;0;1;0;1;0;0;1;0;0;24.0233333333333
1;0;1;1;0;1;1;1;1;0;1;1;0;1;0;1;1;0;0;0;0;1;0;0;1;0;0;1;0;0;0;1;0;1;0;0;1;0;0;28.49
1;1;0;0;0;0;0;1;1;0;1;1;0;1;1;1;1;0;0;0;0;1;0;1;0;0;0;1;0;0;1;0;0;1;0;0;0;1;0;29.0266666666667
1;1;0;0;0;0;0;1;1;0;1;1;0;1;1;1;1;0;0;0;0;1;0;0;1;0;0;1;1;0;0;0;0;1;0;0;0;1;0;30.17
1;1;0;0;0;0;0;1;1;0;1;1;0;1;1;1;1;0;0;0;0;1;0;1;0;0;0;1;1;0;0;0;0;1;0;1;0;0;0;29.1
1;0;1;1;0;1;1;1;1;0;1;1;1;0;1;1;0;0;0;0;1;1;0;0;1;0;0;1;0;0;1;0;0;1;0;0;1;0;0;29.2
1;1;0;0;0;0;0;1;1;0;1;1;0;1;1;1;0;0;0;0;1;1;1;0;0;0;0;1;1;0;0;0;0;1;1;0;0;0;0;29.1333333333333
1;0;1;1;0;1;1;1;1;0;1;1;1;0;0;1;0;1;0;0;0;1;1;0;0;0;0;1;0;0;0;0;1;1;0;1;0;0;0;28.39
1;1;0;1;0;1;1;1;1;0;1;1;0;1;0;1;0;0;1;0;0;1;1;0;0;0;0;1;0;0;0;0;1;1;0;0;1;0;0;28.56
1;0;1;1;0;1;1;1;1;0;1;1;0;1;0;1;1;0;0;0;0;1;0;0;0;0;1;1;0;0;0;0;1;1;0;0;0;1;0;29.7033333333333
1;0;1;1;1;0;1;1;1;0;1;1;1;0;1;1;1;0;0;0;0;1;0;0;0;0;1;1;0;0;0;1;0;1;0;1;0;0;0;30.8266666666667
1;0;1;1;0;1;1;1;1;0;1;1;0;1;0;1;0;0;0;0;1;1;1;0;0;0;0;1;1;0;0;0;0;1;0;0;1;0;0;29.6533333333333
1;1;0;0;0;0;0;1;1;0;1;1;1;0;1;1;1;0;0;0;0;1;0;0;1;0;0;1;0;1;0;0;0;1;0;0;1;0;0;28.55
1;0;1;0;0;0;0;1;1;1;0;1;0;1;0;1;0;0;1;0;0;1;0;1;0;0;0;1;0;0;1;0;0;1;0;0;1;0;0;28.35
1;1;0;0;0;0;0;1;1;0;1;1;1;0;1;1;0;0;1;0;0;1;0;0;1;0;0;1;0;0;1;0;0;1;0;0;0;1;0;28.41
1;1;0;0;0;0;0;1;1;0;1;1;0;1;1;1;0;0;0;0;1;1;0;0;0;0;1;1;0;1;0;0;0;1;1;0;0;0;0;29.1766666666667
1;0;1;1;1;0;1;1;1;0;1;1;1;0;1;1;1;0;0;0;0;1;0;1;0;0;0;1;0;0;0;0;1;1;0;1;0;0;0;31.1366666666667
1;0;1;1;1;0;1;1;1;0;1;1;1;0;1;1;0;0;1;0;0;1;0;0;0;0;1;1;1;0;0;0;0;1;0;0;1;0;0;30.98
1;0;1;1;0;1;1;1;1;0;1;1;0;1;0;1;0;0;1;0;0;1;0;1;0;0;0;1;0;1;0;0;0;1;1;0;0;0;0;28.4566666666667
1;0;1;1;0;1;1;1;1;0;1;1;0;1;0;1;0;1;0;0;0;1;0;0;0;1;0;1;1;0;0;0;0;1;0;1;0;0;0;28.7533333333333
1;0;1;0;0;0;1;1;1;1;0;1;1;0;1;1;0;0;1;0;0;1;1;0;0;0;0;1;0;0;1;0;0;1;0;0;0;1;0;25.21
1;0;1;0;0;0;0;1;1;1;0;1;0;1;0;1;0;1;0;0;0;1;1;0;0;0;0;1;0;0;1;0;0;1;0;0;0;1;0;28.94
1;1;0;0;0;0;0;1;1;0;1;1;0;1;0;1;1;0;0;0;0;1;0;0;0;1;0;1;0;0;0;0;1;1;1;0;0;0;0;29.13
1;1;0;0;0;0;0;1;1;0;1;1;0;1;0;1;1;0;0;0;0;1;0;0;1;0;0;1;0;0;0;0;1;1;0;0;0;1;0;29.3633333333333
1;1;0;0;0;0;0;1;1;1;0;1;1;0;0;1;0;0;0;1;0;1;1;0;0;0;0;1;0;1;0;0;0;1;0;1;0;0;0;11.3933333333333
1;0;1;1;0;1;1;1;1;0;1;1;0;1;0;1;0;1;0;0;0;1;0;0;1;0;0;1;1;0;0;0;0;1;0;1;0;0;0;28.4966666666667
1;0;1;0;0;0;1;1;1;1;0;1;1;0;1;1;0;0;1;0;0;1;0;0;0;1;0;1;0;1;0;0;0;1;1;0;0;0;0;25.41
1;1;0;0;0;0;0;1;1;0;1;1;0;1;1;1;0;0;0;0;1;1;1;0;0;0;0;1;1;0;0;0;0;1;0;1;0;0;0;28.5966666666667
1;0;1;1;0;1;1;1;1;0;1;1;0;1;0;1;1;0;0;0;0;1;0;1;0;0;0;1;0;0;0;0;1;1;0;0;1;0;0;28.5833333333333
1;0;1;0;0;0;1;1;1;1;0;1;1;0;1;1;0;1;0;0;0;1;1;0;0;0;0;1;0;1;0;0;0;1;0;1;0;0;0;25.2166666666667
1;0;1;0;0;0;0;1;1;1;0;1;1;0;0;1;0;0;1;0;0;1;0;0;0;1;0;1;0;0;0;1;0;1;0;0;1;0;0;4.49333333333333
1;0;1;0;0;0;1;1;1;1;0;1;1;0;1;1;0;1;0;0;0;1;0;0;1;0;0;1;0;0;0;0;1;1;0;0;0;1;0;25.27
1;0;1;1;1;0;1;1;1;0;1;1;1;0;1;1;0;1;0;0;0;1;0;0;0;0;1;1;0;0;1;0;0;1;1;0;0;0;0;30.9266666666667
1;0;1;1;1;0;1;1;1;0;1;1;1;0;1;1;0;1;0;0;0;1;0;0;0;0;1;1;0;0;0;1;0;1;0;0;1;0;0;30.9266666666667
1;1;0;0;0;0;0;1;1;0;1;1;0;1;0;1;1;0;0;0;0;1;1;0;0;0;0;1;0;0;0;0;1;1;1;0;0;0;0;28.6033333333333
1;0;1;1;0;1;1;1;1;0;1;1;0;1;0;1;0;0;0;1;0;1;0;0;0;0;1;1;1;0;0;0;0;1;0;0;1;0;0;29.7066666666667
1;1;0;0;0;0;0;1;1;0;1;1;0;1;0;1;1;0;0;0;0;1;1;0;0;0;0;1;1;0;0;0;0;1;1;0;0;0;0;29.52
1;0;1;1;1;0;1;1;1;0;1;1;1;0;1;1;1;0;0;0;0;1;0;0;0;0;1;1;0;0;0;1;0;1;0;0;0;1;0;31.0133333333333
1;1;0;0;0;0;0;1;1;0;1;1;0;1;1;1;0;0;1;0;0;1;0;0;0;1;0;1;1;0;0;0;0;1;0;0;0;0;1;28.63
1;1;0;0;0;0;0;1;1;0;1;1;0;1;0;1;0;0;0;0;1;1;0;0;0;1;0;1;0;0;0;0;1;1;0;0;0;1;0;28.14
1;1;0;0;0;0;0;1;1;0;1;1;0;1;1;1;1;0;0;0;0;1;0;0;1;0;0;1;0;0;1;0;0;1;1;0;0;0;0;28.6833333333333
1;0;1;1;0;1;1;1;1;0;1;1;0;1;0;1;0;0;0;1;0;1;0;0;0;1;0;1;0;1;0;0;0;1;0;0;0;1;0;29.1
1;1;0;0;0;0;0;1;1;0;1;1;0;1;0;1;0;0;0;0;1;1;0;0;0;1;0;1;0;0;1;0;0;1;0;0;0;1;0;28.99
1;1;0;0;0;0;0;1;1;0;1;1;0;1;0;1;0;0;0;0;1;1;0;1;0;0;0;1;0;0;1;0;0;1;0;0;1;0;0;29.06
1;1;0;0;0;0;0;1;1;0;1;1;0;1;1;1;0;1;0;0;0;1;0;0;1;0;0;1;0;1;0;0;0;1;0;1;0;0;0;28.5566666666667
1;0;1;1;0;1;1;1;1;0;1;1;0;1;0;1;0;0;0;0;1;1;0;0;1;0;0;1;0;0;0;0;1;1;1;0;0;0;0;28.61
1;0;1;0;0;0;0;1;1;0;1;1;0;1;0;1;1;0;0;0;0;1;0;1;0;0;0;1;0;0;0;0;1;1;1;0;0;0;0;29.7033333333333
1;0;1;0;0;0;1;1;1;1;0;1;1;0;1;1;0;0;0;1;0;1;0;0;0;0;1;1;1;0;0;0;0;1;0;1;0;0;0;23.8866666666667
1;1;0;0;0;0;0;1;1;0;1;1;0;1;1;1;0;1;0;0;0;1;0;0;0;1;0;1;0;0;1;0;0;1;1;0;0;0;0;29.1733333333333
1;0;1;0;0;0;1;1;1;1;0;1;1;0;1;1;0;1;0;0;0;1;0;0;0;1;0;1;0;0;0;0;1;1;0;0;0;1;0;24.0733333333333
1;1;0;0;0;0;0;1;1;0;1;1;0;1;1;1;0;0;0;0;1;1;0;0;0;0;1;1;1;0;0;0;0;1;1;0;0;0;0;29.3233333333333
1;1;0;0;0;0;0;1;1;0;1;1;0;1;1;1;0;1;0;0;0;1;1;0;0;0;0;1;0;0;0;1;0;1;0;1;0;0;0;28.6133333333333
1;0;1;0;0;0;1;1;1;0;1;1;1;0;1;1;0;1;0;0;0;1;0;0;1;0;0;1;0;0;0;1;0;1;0;0;0;1;0;28.5166666666667
1;0;1;1;0;1;1;1;1;0;1;1;0;1;0;1;0;0;0;0;1;1;0;0;1;0;0;1;0;0;0;1;0;1;0;0;0;0;1;28.6633333333333
1;1;0;0;0;0;0;1;1;0;1;1;1;0;0;1;0;0;0;1;0;1;0;0;0;0;1;1;0;1;0;0;0;1;0;1;0;0;0;30.3333333333333
1;1;0;0;0;0;0;1;1;0;1;1;0;1;1;1;1;0;0;0;0;1;0;0;0;0;1;1;0;0;0;1;0;1;1;0;0;0;0;28.86
1;0;1;0;0;0;1;1;1;1;0;1;1;0;1;1;0;0;0;0;1;1;0;1;0;0;0;1;1;0;0;0;0;1;0;0;0;1;0;24.1466666666667
1;0;1;0;0;0;1;1;1;1;0;1;1;0;1;1;0;0;0;1;0;1;0;0;0;0;1;1;0;0;1;0;0;1;0;1;0;0;0;26.6
1;0;1;0;0;0;0;1;1;1;0;1;0;1;0;1;0;1;0;0;0;1;1;0;0;0;0;1;0;1;0;0;0;1;0;0;1;0;0;28.2833333333333
1;0;1;0;0;0;0;1;1;1;0;1;0;1;0;1;0;0;0;1;0;1;0;1;0;0;0;1;0;0;1;0;0;1;0;0;1;0;0;29.44
1;0;1;1;0;1;1;1;1;0;1;1;0;1;0;1;0;0;1;0;0;1;0;0;0;1;0;1;0;0;1;0;0;1;0;1;0;0;0;28.5833333333333
1;0;1;1;0;1;1;1;1;0;1;1;0;1;0;1;0;0;0;0;1;1;0;0;1;0;0;1;0;0;0;1;0;1;0;0;0;1;0;28.61
1;0;1;0;0;0;0;1;1;1;0;1;0;1;0;1;0;0;0;1;0;1;0;1;0;0;0;1;0;0;1;0;0;1;0;0;0;0;1;29.1766666666667
1;0;1;0;0;0;0;1;1;0;1;1;0;1;1;1;1;0;0;0;0;1;0;0;1;0;0;1;0;0;1;0;0;1;0;0;0;1;0;28.61
1;0;1;0;0;0;1;1;1;1;0;1;1;0;1;1;0;0;1;0;0;1;0;0;0;0;1;1;0;0;1;0;0;1;0;1;0;0;0;26.8433333333333
1;0;1;0;0;0;1;1;1;1;0;1;1;0;1;1;0;0;0;1;0;1;0;0;0;0;1;1;0;0;0;1;0;1;0;0;0;1;0;23.89
1;0;1;1;0;1;1;1;1;0;1;1;0;1;0;1;0;0;0;0;1;1;0;0;0;0;1;1;0;1;0;0;0;1;0;0;0;1;0;29.0833333333333
1;0;1;0;0;0;1;1;1;1;0;1;1;0;1;1;0;1;0;0;0;1;0;0;0;0;1;1;0;0;0;1;0;1;0;1;0;0;0;26.9
1;0;1;0;0;0;1;1;1;1;0;1;1;0;1;1;0;0;0;1;0;1;1;0;0;0;0;1;0;0;0;0;1;1;0;0;1;0;0;28.04
1;1;0;0;0;0;0;1;1;0;1;1;0;1;1;1;0;0;0;0;1;1;0;0;1;0;0;1;0;0;0;1;0;1;1;0;0;0;0;28.7633333333333
1;0;1;1;1;0;1;1;1;0;1;1;1;0;1;1;0;0;1;0;0;1;1;0;0;0;0;1;0;0;0;1;0;1;0;1;0;0;0;30.9866666666667
1;0;1;0;0;0;1;1;1;1;0;1;1;0;1;1;0;0;0;1;0;1;0;0;0;0;1;1;0;0;1;0;0;1;0;0;0;1;0;26.69
1;0;1;0;0;0;1;1;1;1;0;1;1;0;1;1;0;1;0;0;0;1;1;0;0;0;0;1;0;1;0;0;0;1;1;0;0;0;0;25.2566666666667
1;0;1;0;0;0;0;1;1;1;0;1;0;1;0;1;1;0;0;0;0;1;0;1;0;0;0;1;0;0;1;0;0;1;0;1;0;0;0;29.01
1;1;0;0;0;0;0;1;1;0;1;1;0;1;1;1;0;0;1;0;0;1;0;0;1;0;0;1;0;1;0;0;0;1;0;0;0;1;0;29.4633333333333
1;0;1;0;0;0;1;1;1;1;0;1;1;0;1;1;0;1;0;0;0;1;0;0;1;0;0;1;1;0;0;0;0;1;1;0;0;0;0;24.1633333333333
1;0;1;0;0;0;1;1;1;1;0;1;1;0;1;1;0;0;0;0;1;1;1;0;0;0;0;1;1;0;0;0;0;1;0;0;0;1;0;25.43
1;0;1;1;1;0;1;1;1;0;1;1;1;0;1;1;1;0;0;0;0;1;0;0;1;0;0;1;0;0;0;1;0;1;0;1;0;0;0;31.0733333333333
1;0;1;1;1;0;1;1;1;0;1;1;1;0;1;1;0;0;0;1;0;1;0;0;0;1;0;1;0;0;0;0;1;1;1;0;0;0;0;31.1066666666667
1;0;1;1;0;1;1;1;1;0;1;1;0;1;0;1;0;0;0;1;0;1;0;0;0;1;0;1;0;0;1;0;0;1;0;1;0;0;0;30.2633333333333
1;0;1;1;1;0;1;1;1;0;1;1;1;0;1;1;1;0;0;0;0;1;0;0;0;0;1;1;0;0;1;0;0;1;0;1;0;0;0;30.92
1;0;1;1;0;1;1;1;1;0;1;1;0;1;0;1;0;0;1;0;0;1;1;0;0;0;0;1;0;0;0;0;1;1;0;1;0;0;0;29.0166666666667
1;0;1;1;1;0;1;1;1;0;1;1;1;0;1;1;0;1;0;0;0;1;0;0;1;0;0;1;0;0;0;1;0;1;0;0;0;1;0;30.6166666666667
1;0;1;1;0;1;1;1;1;0;1;1;0;1;0;1;0;0;0;1;0;1;0;1;0;0;0;1;0;0;0;0;1;1;1;0;0;0;0;28.28
1;0;1;1;0;1;1;1;1;0;1;1;0;1;0;1;0;1;0;0;0;1;0;0;0;1;0;1;0;1;0;0;0;1;0;0;0;0;1;29.5766666666667
1;1;0;0;0;0;0;1;1;0;1;1;1;0;1;1;0;1;0;0;0;1;0;0;1;0;0;1;1;0;0;0;0;1;0;0;0;0;1;30.1466666666667
1;0;1;1;0;1;1;1;1;0;1;1;1;0;0;1;0;1;0;0;0;1;1;0;0;0;0;1;1;0;0;0;0;1;0;1;0;0;0;29.7433333333333
1;0;1;1;1;0;0;1;1;1;0;1;1;0;0;1;0;0;1;0;0;1;1;0;0;0;0;1;0;0;1;0;0;1;0;1;0;0;0;7.53
1;1;0;0;0;0;0;1;1;0;1;1;0;1;0;1;0;1;0;0;0;1;0;0;1;0;0;1;1;0;0;0;0;1;0;0;0;0;1;28.62
1;1;0;0;0;0;0;1;1;0;1;1;0;1;1;1;0;0;0;0;1;1;0;0;1;0;0;1;0;0;0;1;0;1;0;1;0;0;0;29.1233333333333
1;1;0;0;0;0;0;1;1;0;1;1;0;1;0;1;0;0;0;1;0;1;0;0;0;1;0;1;1;0;0;0;0;1;0;0;0;0;1;29.2033333333333
1;1;0;0;0;0;0;1;1;0;1;1;0;1;0;1;0;0;1;0;0;1;0;1;0;0;0;1;1;0;0;0;0;1;1;0;0;0;0;28.51
1;0;1;1;1;0;1;1;1;0;1;1;1;0;1;1;0;0;0;1;0;1;0;0;0;1;0;1;0;0;0;1;0;1;1;0;0;0;0;30.84
1;0;1;1;1;0;1;1;1;0;1;1;1;0;1;1;0;0;1;0;0;1;0;0;0;0;1;1;0;0;0;1;0;1;0;0;0;1;0;31.0333333333333
1;0;1;1;0;1;1;1;1;0;1;1;0;1;0;1;0;0;0;1;0;1;0;0;1;0;0;1;0;0;1;0;0;1;0;0;1;0;0;29.1866666666667
1;1;0;0;0;0;0;1;1;0;1;1;0;1;1;1;0;1;0;0;0;1;0;0;0;0;1;1;1;0;0;0;0;1;1;0;0;0;0;29.74
1;0;1;0;0;0;0;1;1;1;0;1;0;1;0;1;0;1;0;0;0;1;1;0;0;0;0;1;0;0;0;0;1;1;0;1;0;0;0;28.5466666666667
1;0;1;0;0;0;0;1;1;1;0;1;1;0;0;1;0;0;0;0;1;1;0;0;1;0;0;1;0;0;1;0;0;1;0;0;1;0;0;4.35333333333333
1;0;1;1;1;0;1;1;1;0;1;1;1;0;1;1;0;0;1;0;0;1;0;0;0;1;0;1;0;0;1;0;0;1;0;0;0;1;0;30.9633333333333
1;0;1;0;0;0;0;1;1;1;0;1;1;0;0;1;0;0;1;0;0;1;0;0;0;1;0;1;1;0;0;0;0;1;1;0;0;0;0;18.54
1;0;1;1;0;1;1;1;1;0;1;1;0;1;0;1;0;0;1;0;0;1;1;0;0;0;0;1;0;1;0;0;0;1;0;0;0;1;0;28.4766666666667
1;1;0;0;0;0;0;1;1;0;1;1;0;1;1;1;0;0;0;1;0;1;0;0;1;0;0;1;0;1;0;0;0;1;0;0;0;1;0;29.0866666666667
1;0;1;1;0;1;1;1;1;0;1;1;0;1;0;1;0;1;0;0;0;1;0;0;0;0;1;1;0;0;1;0;0;1;0;0;1;0;0;29.2833333333333
1;0;1;0;0;0;0;1;1;1;0;1;1;0;0;1;1;0;0;0;0;1;0;0;0;0;1;1;0;0;0;0;1;1;0;0;1;0;0;4.59333333333333
1;1;0;0;0;0;0;1;1;0;1;1;0;1;0;1;1;0;0;0;0;1;0;1;0;0;0;1;1;0;0;0;0;1;0;0;0;1;0;28.6333333333333
1;1;0;0;0;0;0;1;1;0;1;1;0;1;1;1;1;0;0;0;0;1;0;0;1;0;0;1;0;0;0;0;1;1;1;0;0;0;0;28.5866666666667
1;0;1;1;0;1;1;1;1;0;1;1;0;1;0;1;0;0;0;0;1;1;0;0;0;1;0;1;0;0;0;1;0;1;0;1;0;0;0;29.7466666666667
1;1;0;0;0;0;0;1;1;0;1;1;0;1;1;1;0;1;0;0;0;1;0;0;0;0;1;1;0;1;0;0;0;1;0;0;0;0;1;29.1133333333333
1;0;1;1;1;0;1;1;1;0;1;1;1;0;1;1;1;0;0;0;0;1;1;0;0;0;0;1;0;0;0;1;0;1;0;0;0;1;0;31.0833333333333
1;0;1;1;1;0;0;1;1;1;0;1;1;0;0;1;0;0;1;0;0;1;1;0;0;0;0;1;0;1;0;0;0;1;0;0;1;0;0;6.02666666666667
1;1;0;0;0;0;0;1;1;0;1;1;1;0;1;1;0;0;0;1;0;1;0;0;0;1;0;1;0;0;1;0;0;1;0;1;0;0;0;29.1466666666667
1;0;1;0;0;0;0;1;1;1;0;1;1;0;0;1;0;1;0;0;0;1;0;1;0;0;0;1;0;0;0;1;0;1;0;0;0;0;1;7.3
1;0;1;0;0;0;1;1;1;1;0;1;1;0;1;1;0;0;0;1;0;1;1;0;0;0;0;1;0;1;0;0;0;1;0;0;1;0;0;23.88
1;1;0;0;0;0;0;1;1;0;1;1;0;1;0;1;0;0;0;1;0;1;0;1;0;0;0;1;1;0;0;0;0;1;1;0;0;0;0;28.49
1;0;1;1;1;0;1;1;1;0;1;1;1;0;1;1;1;0;0;0;0;1;1;0;0;0;0;1;1;0;0;0;0;1;0;0;0;1;0;31.1
1;0;1;1;1;0;0;1;1;1;0;1;1;0;0;1;0;0;1;0;0;1;0;0;0;1;0;1;1;0;0;0;0;1;0;0;0;1;0;8.00666666666667
1;0;1;1;0;1;1;1;1;0;1;1;0;1;0;1;1;0;0;0;0;1;0;0;1;0;0;1;0;1;0;0;0;1;0;1;0;0;0;29.7466666666667
1;0;1;1;0;1;1;1;1;0;1;1;0;1;0;1;0;0;1;0;0;1;0;0;0;1;0;1;0;0;1;0;0;1;0;0;0;0;1;30.2433333333333
1;1;0;0;0;0;0;1;1;0;1;1;0;1;0;1;1;0;0;0;0;1;0;0;0;0;1;1;0;0;0;1;0;1;1;0;0;0;0;28.4733333333333
1;1;0;0;0;0;0;1;1;0;1;1;0;1;1;1;1;0;0;0;0;1;0;0;0;1;0;1;0;0;0;0;1;1;0;0;0;1;0;29.0366666666667
1;0;1;0;0;0;0;1;1;1;0;1;0;1;0;1;0;0;1;0;0;1;0;1;0;0;0;1;0;1;0;0;0;1;1;0;0;0;0;28.5733333333333
1;0;1;0;0;0;1;1;1;1;0;1;1;0;1;1;0;1;0;0;0;1;0;0;0;0;1;1;0;0;1;0;0;1;1;0;0;0;0;25.3366666666667
1;0;1;1;0;1;0;1;1;0;1;1;1;0;0;1;0;0;1;0;0;1;0;1;0;0;0;1;0;0;0;1;0;1;1;0;0;0;0;28.4966666666667
1;0;1;1;0;1;1;1;1;0;1;1;0;1;0;1;0;0;0;0;1;1;1;0;0;0;0;1;0;0;1;0;0;1;0;0;0;0;1;29.1466666666667
1;0;1;1;0;1;0;1;1;1;0;1;1;0;0;1;0;0;1;0;0;1;1;0;0;0;0;1;0;0;1;0;0;1;0;0;1;0;0;4.47333333333333
1;0;1;1;0;1;1;1;1;0;1;1;0;1;0;1;1;0;0;0;0;1;0;0;0;1;0;1;1;0;0;0;0;1;1;0;0;0;0;28.6166666666667
1;1;0;0;0;0;0;1;1;0;1;1;0;1;0;1;0;1;0;0;0;1;0;0;0;0;1;1;0;1;0;0;0;1;0;0;1;0;0;29.2133333333333
1;1;0;0;0;0;0;1;1;0;1;1;0;1;0;1;0;0;0;0;1;1;0;0;0;0;1;1;0;0;0;1;0;1;0;0;0;1;0;28.4933333333333
1;0;1;1;0;1;1;1;1;0;1;1;0;1;0;1;1;0;0;0;0;1;0;0;0;0;1;1;0;0;0;0;1;1;0;0;1;0;0;28.63
1;0;1;1;0;1;1;1;1;0;1;1;0;1;0;1;0;0;0;1;0;1;0;1;0;0;0;1;1;0;0;0;0;1;0;0;0;1;0;28.4633333333333
1;0;1;0;0;0;0;1;1;0;1;1;0;1;1;1;1;0;0;0;0;1;0;0;0;0;1;1;0;0;1;0;0;1;0;1;0;0;0;28.57
1;0;1;1;0;1;1;1;1;0;1;1;0;1;0;1;0;0;0;0;1;1;1;0;0;0;0;1;1;0;0;0;0;1;0;1;0;0;0;29.62
1;0;1;1;0;1;1;1;1;0;1;1;0;1;0;1;1;0;0;0;0;1;0;0;0;0;1;1;1;0;0;0;0;1;0;0;0;0;1;28.91
1;0;1;1;1;0;1;1;1;0;1;1;1;0;1;1;0;1;0;0;0;1;0;0;0;0;1;1;0;0;0;0;1;1;0;0;0;0;1;30.6066666666667
1;0;1;0;0;0;0;1;1;0;1;1;1;0;0;1;0;0;0;0;1;1;0;1;0;0;0;1;1;0;0;0;0;1;0;0;0;0;1;29.1733333333333
1;0;1;1;0;1;1;1;1;0;1;1;0;1;0;1;1;0;0;0;0;1;0;0;0;0;1;1;0;0;0;1;0;1;0;1;0;0;0;29.6533333333333
1;0;1;1;1;0;1;1;1;0;1;1;1;0;1;1;0;1;0;0;0;1;1;0;0;0;0;1;0;0;1;0;0;1;0;1;0;0;0;30.89
1;0;1;0;0;0;1;1;1;1;0;1;1;0;1;1;0;1;0;0;0;1;1;0;0;0;0;1;0;1;0;0;0;1;0;0;1;0;0;26.6933333333333
1;0;1;0;0;0;1;1;1;1;0;1;1;0;1;1;0;0;0;1;0;1;1;0;0;0;0;1;0;0;0;1;0;1;0;0;0;1;0;24.1966666666667
1;1;0;0;0;0;0;1;1;0;1;1;1;0;1;1;0;0;0;1;0;1;1;0;0;0;0;1;0;0;0;0;1;1;0;1;0;0;0;29.58
1;0;1;1;1;0;1;1;1;0;1;1;1;0;1;1;0;0;0;1;0;1;0;0;1;0;0;1;0;0;0;1;0;1;0;0;0;1;0;30.83
1;1;0;1;0;1;1;1;1;0;1;1;0;1;0;1;0;0;0;0;1;1;1;0;0;0;0;1;0;0;0;0;1;1;0;1;0;0;0;29.19
1;0;1;0;0;0;0;1;1;1;0;1;1;0;1;1;0;0;0;0;1;1;0;0;1;0;0;1;0;1;0;0;0;1;0;0;0;1;0;6.55666666666667
1;1;0;1;0;1;1;1;1;0;1;1;0;1;0;1;0;1;0;0;0;1;1;0;0;0;0;1;0;0;0;0;1;1;0;1;0;0;0;28.6833333333333
1;0;1;1;1;0;1;1;1;0;1;1;1;0;1;1;0;1;0;0;0;1;1;0;0;0;0;1;0;0;0;0;1;1;0;1;0;0;0;31.2166666666667
1;0;1;1;1;0;1;1;1;0;1;1;1;0;1;1;0;1;0;0;0;1;1;0;0;0;0;1;0;0;0;1;0;1;0;0;1;0;0;31.0066666666667
1;0;1;1;0;1;1;1;1;0;1;1;0;1;0;1;0;0;0;1;0;1;0;0;0;0;1;1;0;0;0;1;0;1;0;0;0;0;1;28.6266666666667
1;1;0;0;0;0;0;1;1;0;1;1;0;1;1;1;0;1;0;0;0;1;1;0;0;0;0;1;0;0;1;0;0;1;0;1;0;0;0;28.52
1;0;1;0;0;0;1;1;1;1;0;1;1;0;1;1;0;0;1;0;0;1;0;0;1;0;0;1;0;0;0;1;0;1;0;0;1;0;0;25.1433333333333
1;1;0;0;0;0;0;1;1;0;1;1;0;1;1;1;0;1;0;0;0;1;0;1;0;0;0;1;0;0;0;1;0;1;0;0;0;0;1;28.5266666666667
1;0;1;0;0;0;1;1;1;1;0;1;1;0;1;1;0;0;0;0;1;1;1;0;0;0;0;1;0;0;0;1;0;1;0;1;0;0;0;24.1133333333333
1;0;1;1;0;1;1;1;1;0;1;1;0;1;0;1;1;0;0;0;0;1;1;0;0;0;0;1;0;0;1;0;0;1;1;0;0;0;0;29.16
1;0;1;1;1;0;1;1;1;0;1;1;1;0;1;1;0;0;0;1;0;1;0;0;1;0;0;1;0;1;0;0;0;1;0;0;0;0;1;30.79
1;0;1;1;1;0;1;1;1;0;1;1;1;0;1;1;0;0;0;1;0;1;0;1;0;0;0;1;0;0;0;1;0;1;0;1;0;0;0;30.9966666666667
1;1;0;0;0;0;0;1;1;0;1;1;0;1;1;1;0;0;0;0;1;1;0;0;0;0;1;1;0;0;0;1;0;1;0;1;0;0;0;30.1566666666667
1;0;1;1;1;0;1;1;1;0;1;1;1;0;1;1;0;0;0;1;0;1;0;1;0;0;0;1;0;0;1;0;0;1;0;0;1;0;0;31.0233333333333
1;1;0;0;0;0;0;1;1;0;1;1;0;1;0;1;1;0;0;0;0;1;0;0;1;0;0;1;0;0;1;0;0;1;1;0;0;0;0;28.5066666666667
1;0;1;1;0;1;1;1;1;0;1;1;0;1;0;1;0;0;1;0;0;1;0;1;0;0;0;1;0;0;0;1;0;1;0;0;0;1;0;29.6233333333333
1;0;1;0;0;0;1;1;1;1;0;1;1;0;1;1;0;1;0;0;0;1;0;1;0;0;0;1;0;1;0;0;0;1;0;0;1;0;0;26.74
1;0;1;1;1;0;1;1;1;0;1;1;1;0;1;1;0;0;1;0;0;1;0;0;1;0;0;1;0;0;0;0;1;1;0;1;0;0;0;30.8866666666667
1;0;1;0;0;0;0;1;1;0;1;1;1;0;0;1;0;0;1;0;0;1;0;0;0;0;1;1;1;0;0;0;0;1;1;0;0;0;0;29.0733333333333
1;1;0;0;0;0;0;1;1;0;1;1;0;1;1;1;0;0;1;0;0;1;0;1;0;0;0;1;0;0;1;0;0;1;0;1;0;0;0;28.5333333333333
1;0;1;1;1;0;1;1;1;0;1;1;1;0;1;1;0;0;0;1;0;1;0;1;0;0;0;1;0;1;0;0;0;1;0;0;0;0;1;30.9633333333333
1;0;1;0;0;0;1;1;1;1;0;1;1;0;1;1;0;0;0;1;0;1;0;0;1;0;0;1;0;0;0;0;1;1;0;0;0;0;1;24.25
1;0;1;1;1;0;1;1;1;0;1;1;1;0;1;1;0;0;1;0;0;1;1;0;0;0;0;1;0;1;0;0;0;1;0;1;0;0;0;31.2233333333333
1;0;1;1;0;1;1;1;1;0;1;1;0;1;0;1;0;0;1;0;0;1;0;0;0;1;0;1;0;0;0;1;0;1;0;0;0;1;0;29.1966666666667
1;0;1;0;0;0;1;1;1;1;0;1;1;0;1;1;0;1;0;0;0;1;0;0;0;1;0;1;0;0;0;1;0;1;1;0;0;0;0;27.87
1;0;1;0;0;0;1;1;1;1;0;1;1;0;1;1;0;0;0;0;1;1;0;1;0;0;0;1;0;0;1;0;0;1;0;0;0;0;1;24.09
1;0;1;1;0;1;1;1;1;0;1;1;0;1;0;1;0;0;1;0;0;1;0;0;1;0;0;1;0;0;0;0;1;1;0;0;0;1;0;29.2633333333333
1;1;0;1;0;1;1;1;1;0;1;1;1;0;0;1;0;1;0;0;0;1;1;0;0;0;0;1;0;0;1;0;0;1;0;0;0;1;0;28.6633333333333
1;1;0;0;0;0;0;1;1;0;1;1;0;1;0;1;0;1;0;0;0;1;0;0;0;0;1;1;1;0;0;0;0;1;0;0;0;0;1;29.1433333333333
1;0;1;1;1;0;1;1;1;0;1;1;1;0;1;1;0;0;1;0;0;1;0;1;0;0;0;1;0;0;0;1;0;1;0;0;0;0;1;31.15
1;1;0;0;0;0;0;1;1;0;1;1;0;1;0;1;0;1;0;0;0;1;0;0;0;1;0;1;0;0;0;1;0;1;0;1;0;0;0;28.5566666666667
1;1;0;0;0;0;0;1;1;0;1;1;0;1;1;1;0;0;1;0;0;1;1;0;0;0;0;1;1;0;0;0;0;1;1;0;0;0;0;28.5466666666667
1;0;1;1;1;0;1;1;1;0;1;1;1;0;1;1;0;1;0;0;0;1;0;0;0;0;1;1;1;0;0;0;0;1;0;0;0;1;0;30.8266666666667
1;0;1;1;1;0;1;1;1;0;1;1;1;0;1;1;0;0;0;1;0;1;1;0;0;0;0;1;0;0;0;0;1;1;0;0;0;0;1;31.21
1;0;1;0;0;0;1;1;1;1;0;1;1;0;1;1;0;0;0;1;0;1;0;0;0;0;1;1;0;0;0;1;0;1;0;0;1;0;0;24.18
1;1;0;0;0;0;0;1;1;0;1;1;0;1;0;1;0;0;0;1;0;1;0;0;1;0;0;1;1;0;0;0;0;1;1;0;0;0;0;28.4066666666667
1;1;0;0;0;0;0;1;1;0;1;1;0;1;0;1;1;0;0;0;0;1;0;0;1;0;0;1;0;0;0;0;1;1;0;1;0;0;0;28.6033333333333
1;0;1;1;0;1;1;1;1;0;1;1;0;1;0;1;0;1;0;0;0;1;0;0;0;1;0;1;0;0;0;1;0;1;0;1;0;0;0;30.19
1;1;0;0;0;0;0;1;1;0;1;1;0;1;0;1;0;0;0;0;1;1;1;0;0;0;0;1;0;0;0;1;0;1;0;0;1;0;0;29.0933333333333
1;1;0;0;0;0;0;1;1;0;1;1;1;0;1;1;0;0;0;0;1;1;0;0;1;0;0;1;0;1;0;0;0;1;0;0;0;1;0;28.6733333333333
1;0;1;0;0;0;1;1;1;1;0;1;1;0;1;1;0;0;0;1;0;1;0;0;0;0;1;1;0;1;0;0;0;1;0;1;0;0;0;25.1233333333333
1;0;1;1;0;1;1;1;1;0;1;1;0;1;0;1;0;1;0;0;0;1;0;0;1;0;0;1;0;0;0;1;0;1;0;1;0;0;0;29.23
1;0;1;0;0;0;1;1;1;1;0;1;1;0;1;1;1;0;0;0;0;1;0;0;0;0;1;1;0;0;1;0;0;1;0;0;0;1;0;23.8933333333333
1;0;1;0;0;0;1;1;1;1;0;1;1;0;1;1;0;1;0;0;0;1;1;0;0;0;0;1;0;0;0;1;0;1;0;1;0;0;0;26.6766666666667
1;1;0;1;1;0;1;1;1;0;1;1;1;0;0;1;0;0;0;0;1;1;0;1;0;0;0;1;1;0;0;0;0;1;1;0;0;0;0;30.58
1;0;1;1;0;1;1;1;1;0;1;1;0;1;0;1;1;0;0;0;0;1;0;0;0;0;1;1;0;0;1;0;0;1;1;0;0;0;0;29.3566666666667
1;0;1;1;0;1;1;1;1;0;1;1;0;1;0;1;1;0;0;0;0;1;0;0;0;0;1;1;0;1;0;0;0;1;0;0;0;0;1;29.63
1;0;1;0;0;0;0;1;1;0;1;1;0;1;0;1;1;0;0;0;0;1;0;1;0;0;0;1;0;0;0;0;1;1;0;0;0;0;1;29.5833333333333
1;0;1;1;1;0;0;1;1;1;0;1;1;0;0;1;0;0;1;0;0;1;0;0;1;0;0;1;0;0;1;0;0;1;0;1;0;0;0;7.58666666666667
1;0;1;0;0;0;0;1;1;1;0;1;1;0;0;1;0;0;0;1;0;1;0;0;0;1;0;1;1;0;0;0;0;1;0;0;0;0;1;7.55333333333333
1;0;1;0;0;0;1;1;1;1;0;1;1;0;1;1;0;1;0;0;0;1;0;0;0;1;0;1;0;1;0;0;0;1;0;1;0;0;0;26.4966666666667
1;1;0;0;0;0;0;1;1;0;1;1;0;1;1;1;0;0;0;1;0;1;0;0;0;1;0;1;0;1;0;0;0;1;0;0;0;1;0;28.7966666666667
1;0;1;1;1;0;1;1;1;0;1;1;1;0;1;1;0;0;0;0;1;1;0;0;0;0;1;1;0;1;0;0;0;1;0;0;0;1;0;30.6666666666667
1;0;1;1;1;0;1;1;1;0;1;1;1;0;1;1;0;0;1;0;0;1;1;0;0;0;0;1;0;0;0;0;1;1;0;0;0;0;1;30.7866666666667
1;1;0;0;0;0;0;1;1;0;1;1;0;1;1;1;1;0;0;0;0;1;1;0;0;0;0;1;1;0;0;0;0;1;0;1;0;0;0;29.13
1;0;1;1;1;0;1;1;1;0;1;1;1;0;1;1;0;0;0;0;1;1;1;0;0;0;0;1;1;0;0;0;0;1;0;1;0;0;0;31.09
1;0;1;1;1;0;1;1;1;0;1;1;1;0;1;1;0;0;0;1;0;1;0;0;0;1;0;1;1;0;0;0;0;1;0;1;0;0;0;31.16
1;1;0;1;1;0;1;1;1;0;1;1;0;1;0;1;1;0;0;0;0;1;0;1;0;0;0;1;0;0;0;1;0;1;0;0;0;1;0;30.6733333333333
1;0;1;1;0;1;1;1;1;0;1;1;0;1;0;1;0;0;0;0;1;1;1;0;0;0;0;1;0;0;0;0;1;1;0;1;0;0;0;28.83
1;0;1;1;0;1;1;1;1;0;1;1;0;1;0;1;1;0;0;0;0;1;0;0;0;0;1;1;0;0;0;1;0;1;0;0;0;0;1;29.18
1;0;1;0;0;0;0;1;1;1;0;1;0;1;0;1;0;1;0;0;0;1;0;1;0;0;0;1;0;1;0;0;0;1;1;0;0;0;0;29.1333333333333
1;0;1;1;0;1;1;1;1;0;1;1;0;1;0;1;0;1;0;0;0;1;0;0;1;0;0;1;0;0;0;1;0;1;0;0;1;0;0;28.5666666666667
1;0;1;0;0;0;1;1;1;1;0;1;1;0;1;1;1;0;0;0;0;1;0;1;0;0;0;1;1;0;0;0;0;1;0;0;1;0;0;27.9133333333333
1;0;1;0;0;0;1;1;1;1;0;1;1;0;1;1;0;0;1;0;0;1;0;0;0;1;0;1;0;0;0;0;1;1;0;1;0;0;0;26.5533333333333
1;1;0;0;0;0;0;1;1;0;1;1;0;1;1;1;0;0;1;0;0;1;0;1;0;0;0;1;1;0;0;0;0;1;0;1;0;0;0;29.1633333333333
1;1;0;0;0;0;0;1;1;0;1;1;0;1;1;1;1;0;0;0;0;1;0;0;0;1;0;1;0;0;0;0;1;1;0;0;1;0;0;28.43
1;1;0;0;0;0;0;1;1;0;1;1;0;1;1;1;0;1;0;0;0;1;0;1;0;0;0;1;0;0;0;1;0;1;0;1;0;0;0;28.62
1;0;1;1;1;0;0;1;1;1;0;1;1;0;0;1;0;0;0;0;1;1;0;0;0;1;0;1;0;0;1;0;0;1;0;1;0;0;0;7.59
1;0;1;0;0;0;0;1;1;0;1;1;1;0;0;1;0;0;1;0;0;1;0;0;0;0;1;1;0;1;0;0;0;1;0;0;0;0;1;28.5866666666667
1;1;0;0;0;0;0;1;1;0;1;1;0;1;1;1;0;0;0;0;1;1;0;0;1;0;0;1;0;0;0;0;1;1;0;0;0;1;0;28.3233333333333
1;0;1;1;1;0;1;1;1;0;1;1;1;0;1;1;0;1;0;0;0;1;0;0;0;1;0;1;0;0;0;0;1;1;0;0;0;0;1;30.8166666666667
1;0;1;1;1;0;1;1;1;0;1;1;1;0;1;1;0;0;1;0;0;1;1;0;0;0;0;1;0;0;1;0;0;1;0;0;0;0;1;31.0733333333333
1;0;1;1;0;1;1;1;1;0;1;1;0;1;0;1;0;0;1;0;0;1;0;1;0;0;0;1;0;1;0;0;0;1;0;1;0;0;0;29.61
1;1;0;0;0;0;0;1;1;0;1;1;0;1;1;1;0;0;1;0;0;1;0;0;1;0;0;1;0;0;0;1;0;1;0;0;0;1;0;28.6
1;1;0;0;0;0;0;1;1;0;1;1;1;0;1;1;1;0;0;0;0;1;0;0;1;0;0;1;1;0;0;0;0;1;0;1;0;0;0;29.7266666666667
1;1;0;0;0;0;0;1;1;0;1;1;0;1;1;1;0;0;0;0;1;1;0;0;0;1;0;1;0;0;0;0;1;1;1;0;0;0;0;29.3033333333333
1;0;1;0;0;0;1;1;1;1;0;1;1;0;1;1;0;0;0;0;1;1;0;0;0;0;1;1;0;0;0;1;0;1;1;0;0;0;0;25.3133333333333
1;0;1;1;0;1;1;1;1;0;1;1;1;0;1;1;0;0;0;1;0;1;0;0;0;0;1;1;0;1;0;0;0;1;0;0;0;0;1;29.1833333333333
1;0;1;1;1;0;1;1;1;0;1;1;1;0;1;1;0;1;0;0;0;1;0;0;0;0;1;1;1;0;0;0;0;1;0;0;1;0;0;30.7
1;0;1;0;0;0;1;1;1;1;0;1;1;0;1;1;0;1;0;0;0;1;0;0;0;1;0;1;0;0;0;1;0;1;0;0;0;0;1;26.41
1;1;0;0;0;0;0;1;1;0;1;1;0;1;0;1;1;0;0;0;0;1;1;0;0;0;0;1;0;0;0;1;0;1;1;0;0;0;0;29.65
1;0;1;0;0;0;1;1;1;1;0;1;1;0;1;1;0;0;0;0;1;1;0;0;1;0;0;1;0;1;0;0;0;1;0;1;0;0;0;26.6866666666667
1;1;0;0;0;0;0;1;1;0;1;1;0;1;1;1;0;0;0;0;1;1;0;1;0;0;0;1;0;0;1;0;0;1;1;0;0;0;0;29.14
1;1;0;0;0;0;0;1;1;0;1;1;0;1;0;1;0;0;0;1;0;1;1;0;0;0;0;1;1;0;0;0;0;1;0;0;1;0;0;29.18
1;0;1;1;0;1;1;1;1;0;1;1;0;1;0;1;0;0;0;1;0;1;1;0;0;0;0;1;0;0;0;0;1;1;0;1;0;0;0;28.9866666666667
1;1;0;0;0;0;0;1;1;0;1;1;0;1;1;1;0;1;0;0;0;1;0;0;1;0;0;1;1;0;0;0;0;1;0;0;0;1;0;28.6133333333333
1;0;1;0;0;0;0;1;1;0;1;1;0;1;0;1;0;0;0;1;0;1;0;1;0;0;0;1;0;1;0;0;0;1;1;0;0;0;0;29.1166666666667
1;0;1;1;0;1;0;1;1;1;0;1;1;0;0;1;0;0;0;1;0;1;0;0;0;1;0;1;0;0;0;1;0;1;0;0;0;0;1;7.44666666666667
1;0;1;0;0;0;1;1;1;1;0;1;1;0;1;1;0;0;0;0;1;1;0;0;0;0;1;1;0;0;0;1;0;1;0;0;0;1;0;23.8533333333333
1;0;1;1;1;0;1;1;1;0;1;1;1;0;1;1;0;0;1;0;0;1;0;1;0;0;0;1;0;0;1;0;0;1;0;0;0;0;1;30.9566666666667
1;0;1;0;0;0;0;1;1;1;0;1;0;1;0;1;0;0;1;0;0;1;1;0;0;0;0;1;0;0;1;0;0;1;1;0;0;0;0;28.0866666666667
1;1;0;0;0;0;0;1;1;0;1;1;1;0;1;1;0;0;0;1;0;1;0;0;0;0;1;1;0;0;0;1;0;1;0;1;0;0;0;28.7033333333333
1;0;1;1;1;0;1;1;1;0;1;1;1;0;1;1;0;0;0;1;0;1;0;1;0;0;0;1;0;0;0;0;1;1;0;0;0;1;0;31.0166666666667
1;0;1;0;0;0;0;1;1;0;1;1;1;0;0;1;0;0;0;1;0;1;0;0;1;0;0;1;0;1;0;0;0;1;0;0;1;0;0;28.6166666666667
1;0;1;1;1;0;0;1;1;1;0;1;1;0;0;1;0;0;0;0;1;1;0;0;0;0;1;1;0;0;1;0;0;1;1;0;0;0;0;9.05333333333333
1;0;1;1;1;0;1;1;1;0;1;1;1;0;1;1;0;0;0;1;0;1;0;0;1;0;0;1;0;0;0;1;0;1;1;0;0;0;0;30.73
1;0;1;1;0;1;1;1;1;0;1;1;0;1;0;1;0;0;0;1;0;1;0;0;0;1;0;1;0;0;0;0;1;1;0;0;0;0;1;28.92
1;1;0;0;0;0;0;1;1;0;1;1;0;1;1;1;0;1;0;0;0;1;0;0;1;0;0;1;0;0;0;1;0;1;0;0;0;1;0;28.9666666666667
1;0;1;1;1;0;1;1;1;0;1;1;1;0;1;1;0;0;0;1;0;1;0;0;0;0;1;1;0;1;0;0;0;1;0;0;0;1;0;30.9133333333333
1;0;1;1;0;1;1;1;1;0;1;1;0;1;0;1;0;0;0;1;0;1;0;0;1;0;0;1;1;0;0;0;0;1;0;1;0;0;0;28.5366666666667
1;0;1;0;0;0;1;1;1;1;0;1;1;0;1;1;0;0;0;0;1;1;0;1;0;0;0;1;0;0;0;1;0;1;1;0;0;0;0;24.0866666666667
1;0;1;0;0;0;1;1;1;1;0;1;1;0;1;1;0;1;0;0;0;1;1;0;0;0;0;1;0;0;0;0;1;1;0;1;0;0;0;27.8366666666667
1;1;0;0;0;0;0;1;1;0;1;1;0;1;0;1;0;0;1;0;0;1;0;1;0;0;0;1;0;0;0;1;0;1;0;0;1;0;0;29.43
1;0;1;1;1;0;0;1;1;1;0;1;1;0;0;1;0;0;0;0;1;1;0;0;0;0;1;1;0;1;0;0;0;1;0;0;0;0;1;8.10333333333333
1;0;1;1;1;0;1;1;1;0;1;1;1;0;1;1;0;0;0;0;1;1;0;1;0;0;0;1;0;0;0;1;0;1;0;0;1;0;0;30.7366666666667
1;0;1;1;1;0;1;1;1;0;1;1;1;0;1;1;0;0;1;0;0;1;0;1;0;0;0;1;0;1;0;0;0;1;0;0;0;0;1;31.1
1;0;1;1;1;0;1;1;1;0;1;1;1;0;1;1;0;0;0;1;0;1;0;1;0;0;0;1;0;0;1;0;0;1;0;0;0;1;0;30.84
1;1;0;0;0;0;0;1;1;0;1;1;0;1;0;1;0;0;0;1;0;1;0;0;1;0;0;1;1;0;0;0;0;1;0;0;0;0;1;29.1466666666667
1;0;1;1;1;0;1;1;1;0;1;1;1;0;1;1;0;1;0;0;0;1;0;1;0;0;0;1;0;0;0;0;1;1;0;0;1;0;0;30.7566666666667
1;1;0;0;0;0;0;1;1;0;1;1;0;1;0;1;0;0;0;1;0;1;0;0;0;1;0;1;1;0;0;0;0;1;0;0;1;0;0;28.43
1;0;1;0;0;0;0;1;1;0;1;1;1;0;0;1;0;0;0;1;0;1;0;0;0;0;1;1;0;1;0;0;0;1;0;1;0;0;0;29.5
1;0;1;0;0;0;0;1;1;1;0;1;0;1;0;1;0;0;0;1;0;1;0;1;0;0;0;1;0;0;0;0;1;1;0;0;0;0;1;28.5733333333333
1;0;1;0;0;0;0;1;1;1;0;1;0;1;0;1;0;0;0;1;0;1;0;0;1;0;0;1;0;1;0;0;0;1;0;0;1;0;0;28.6366666666667
1;1;0;0;0;0;0;1;1;0;1;1;0;1;1;1;0;1;0;0;0;1;0;0;1;0;0;1;0;0;1;0;0;1;0;1;0;0;0;28.54
1;0;1;1;1;0;1;1;1;0;1;1;1;0;1;1;0;0;0;0;1;1;1;0;0;0;0;1;0;1;0;0;0;1;0;0;1;0;0;30.9
1;0;1;1;1;0;0;1;1;1;0;1;1;0;0;1;0;0;0;1;0;1;0;1;0;0;0;1;0;0;0;0;1;1;0;0;0;1;0;8.00333333333333
1;0;1;1;1;0;1;1;1;0;1;1;1;0;1;1;1;0;0;0;0;1;0;0;1;0;0;1;0;0;0;1;0;1;0;0;0;0;1;30.9266666666667
1;1;0;0;0;0;0;1;1;0;1;1;0;1;1;1;0;0;0;1;0;1;0;0;1;0;0;1;0;0;0;1;0;1;0;1;0;0;0;28.9366666666667
1;0;1;1;1;0;1;1;1;0;1;1;1;0;1;1;1;0;0;0;0;1;0;0;0;0;1;1;0;0;0;0;1;1;0;0;1;0;0;30.91
1;1;0;0;0;0;0;1;1;0;1;1;0;1;1;1;0;0;0;0;1;1;0;0;0;0;1;1;1;0;0;0;0;1;0;1;0;0;0;29.6166666666667
1;1;0;0;0;0;0;1;1;0;1;1;0;1;1;1;0;1;0;0;0;1;0;0;0;0;1;1;0;0;1;0;0;1;0;0;1;0;0;28.82
1;0;1;0;0;0;0;1;1;0;1;1;1;0;0;1;0;0;1;0;0;1;0;1;0;0;0;1;1;0;0;0;0;1;1;0;0;0;0;28.6033333333333
1;0;1;1;0;1;1;1;1;0;1;1;0;1;0;1;0;0;0;0;1;1;0;0;0;1;0;1;0;1;0;0;0;1;0;0;0;0;1;29.5833333333333
1;0;1;1;1;0;1;1;1;0;1;1;1;0;1;1;0;1;0;0;0;1;0;0;0;1;0;1;0;0;0;1;0;1;1;0;0;0;0;31.0933333333333
1;0;1;1;1;0;1;1;1;0;1;1;1;0;1;1;0;0;1;0;0;1;0;0;1;0;0;1;0;0;0;0;1;1;0;0;0;0;1;30.9266666666667
1;0;1;0;0;0;0;1;1;1;0;1;1;0;0;1;1;0;0;0;0;1;0;0;0;1;0;1;0;0;0;1;0;1;0;1;0;0;0;5.85666666666667
1;0;1;0;0;0;1;1;1;1;0;1;1;0;1;1;0;0;0;1;0;1;0;0;0;1;0;1;0;0;0;0;1;1;0;0;1;0;0;25.4766666666667
1;0;1;1;1;0;1;1;1;0;1;1;1;0;1;1;0;0;1;0;0;1;0;0;1;0;0;1;1;0;0;0;0;1;0;0;0;1;0;30.7666666666667
1;0;1;0;0;0;0;1;1;0;1;1;1;0;0;1;0;0;0;1;0;1;0;0;0;0;1;1;0;0;1;0;0;1;0;0;0;1;0;28.5766666666667
1;1;0;0;0;0;0;1;1;0;1;1;0;1;1;1;0;1;0;0;0;1;0;1;0;0;0;1;0;1;0;0;0;1;0;1;0;0;0;28.2466666666667
1;0;1;1;0;1;1;1;1;0;1;1;0;1;0;1;0;1;0;0;0;1;0;0;1;0;0;1;0;1;0;0;0;1;0;0;1;0;0;29.5633333333333
1;0;1;1;1;0;1;1;1;0;1;1;1;0;1;1;0;0;0;0;1;1;0;0;0;1;0;1;0;1;0;0;0;1;0;0;0;0;1;30.8766666666667
1;0;1;1;1;0;1;1;1;0;1;1;1;0;1;1;0;0;0;1;0;1;1;0;0;0;0;1;0;1;0;0;0;1;0;1;0;0;0;30.96
1;0;1;1;1;0;1;1;1;0;1;1;1;0;1;1;0;1;0;0;0;1;0;0;1;0;0;1;0;0;0;0;1;1;1;0;0;0;0;31.1066666666667
1;0;1;1;1;0;1;1;1;0;1;1;1;0;1;1;0;0;0;0;1;1;1;0;0;0;0;1;0;0;0;0;1;1;1;0;0;0;0;31.18
1;0;1;1;1;0;1;1;1;0;1;1;1;0;1;1;0;0;1;0;0;1;0;1;0;0;0;1;1;0;0;0;0;1;0;1;0;0;0;31.05
1;0;1;0;0;0;0;1;1;0;1;1;0;1;0;1;1;0;0;0;0;1;1;0;0;0;0;1;1;0;0;0;0;1;1;0;0;0;0;29.2066666666667
1;0;1;0;0;0;0;1;1;0;1;1;0;1;0;1;0;1;0;0;0;1;0;1;0;0;0;1;0;1;0;0;0;1;1;0;0;0;0;29.74
1;0;1;1;1;0;1;1;1;0;1;1;1;0;1;1;0;0;0;0;1;1;0;0;1;0;0;1;0;1;0;0;0;1;0;0;1;0;0;30.7133333333333
1;1;0;0;0;0;0;1;1;0;1;1;0;1;0;1;1;0;0;0;0;1;0;0;0;0;1;1;0;0;0;0;1;1;0;0;0;0;1;29.77
1;0;1;0;0;0;1;1;1;1;0;1;1;0;1;1;0;1;0;0;0;1;0;0;0;0;1;1;0;0;0;1;0;1;0;0;0;1;0;26.6133333333333
1;0;1;1;0;1;1;1;1;0;1;1;0;1;0;1;0;0;0;1;0;1;1;0;0;0;0;1;0;1;0;0;0;1;0;0;1;0;0;29.2766666666667
1;0;1;0;0;0;0;1;1;1;0;1;1;0;0;1;0;0;1;0;0;1;0;1;0;0;0;1;0;1;0;0;0;1;0;0;1;0;0;4.51
1;0;1;1;1;0;1;1;1;0;1;1;1;0;1;1;0;0;1;0;0;1;0;0;0;0;1;1;0;0;1;0;0;1;0;0;0;1;0;31.1866666666667
1;0;1;1;0;1;1;1;1;0;1;1;1;0;1;1;0;0;0;1;0;1;0;0;1;0;0;1;0;0;0;1;0;1;0;0;0;0;1;28.36
1;1;0;1;1;0;1;1;1;0;1;1;1;0;0;1;0;0;1;0;0;1;0;1;0;0;0;1;0;0;0;1;0;1;0;0;0;1;0;31.3
1;0;1;1;0;1;1;1;1;0;1;1;0;1;0;1;0;0;0;0;1;1;0;0;0;0;1;1;0;0;0;0;1;1;0;0;1;0;0;28.77
1;0;1;0;0;0;1;1;1;1;0;1;1;0;1;1;0;0;1;0;0;1;0;1;0;0;0;1;0;0;0;0;1;1;0;0;1;0;0;26.67
1;0;1;0;0;0;1;1;1;1;0;1;1;0;1;1;1;0;0;0;0;1;0;0;0;0;1;1;0;0;0;0;1;1;0;0;0;1;0;23.7566666666667
1;0;1;1;1;0;1;1;1;0;1;1;1;0;1;1;0;1;0;0;0;1;0;1;0;0;0;1;0;0;0;1;0;1;1;0;0;0;0;30.9533333333333
1;0;1;0;0;0;0;1;1;1;0;1;1;0;0;1;0;0;1;0;0;1;0;1;0;0;0;1;0;1;0;0;0;1;0;0;0;0;1;7.26333333333333
1;0;1;1;1;0;1;1;1;0;1;1;1;0;1;1;0;0;0;1;0;1;0;1;0;0;0;1;0;0;1;0;0;1;0;0;0;0;1;31.17
1;0;1;0;0;0;0;1;1;1;0;1;0;1;0;1;1;0;0;0;0;1;1;0;0;0;0;1;0;0;1;0;0;1;1;0;0;0;0;30.3133333333333
1;0;1;1;0;1;1;1;1;0;1;1;0;1;0;1;1;0;0;0;0;1;0;0;0;0;1;1;0;0;0;0;1;1;0;0;0;0;1;29.7166666666667
1;0;1;0;0;0;0;1;1;0;1;1;1;0;0;1;0;0;0;1;0;1;0;0;0;1;0;1;0;1;0;0;0;1;1;0;0;0;0;29.12
1;0;1;1;1;0;0;1;1;1;0;1;1;0;0;1;0;0;0;1;0;1;0;0;0;1;0;1;0;0;0;0;1;1;0;0;0;1;0;8.00666666666667
1;1;0;1;1;0;1;1;1;0;1;1;1;0;0;1;0;0;0;0;1;1;1;0;0;0;0;1;1;0;0;0;0;1;0;1;0;0;0;31.0366666666667
1;0;1;1;0;1;1;1;1;0;1;1;0;1;0;1;0;0;0;0;1;1;0;0;1;0;0;1;0;1;0;0;0;1;1;0;0;0;0;29.1666666666667
1;0;1;1;1;0;1;1;1;0;1;1;1;0;1;1;0;0;0;0;1;1;0;0;0;1;0;1;0;0;0;0;1;1;1;0;0;0;0;30.9133333333333
1;1;0;0;0;0;0;1;1;0;1;1;0;1;1;1;0;1;0;0;0;1;1;0;0;0;0;1;0;0;0;0;1;1;0;0;0;1;0;28.99
1;0;1;1;1;0;1;1;1;0;1;1;1;0;1;1;0;0;0;0;1;1;0;1;0;0;0;1;0;0;0;1;0;1;0;0;0;0;1;30.83
1;0;1;1;1;0;1;1;1;0;1;1;1;0;1;1;0;0;0;1;0;1;0;0;0;0;1;1;0;0;0;1;0;1;1;0;0;0;0;30.9266666666667
1;1;0;1;0;1;1;1;1;0;1;1;0;1;0;1;0;1;0;0;0;1;1;0;0;0;0;1;0;0;1;0;0;1;0;1;0;0;0;28.5366666666667
1;0;1;1;1;0;1;1;1;0;1;1;1;0;1;1;0;1;0;0;0;1;0;0;0;0;1;1;0;0;0;1;0;1;0;0;0;1;0;30.9766666666667
1;0;1;1;1;0;1;1;1;0;1;1;1;0;1;1;1;0;0;0;0;1;0;1;0;0;0;1;0;0;1;0;0;1;0;1;0;0;0;30.8833333333333
1;0;1;1;0;1;1;1;1;0;1;1;0;1;0;1;0;1;0;0;0;1;1;0;0;0;0;1;0;0;0;0;1;1;0;0;0;0;1;28.9633333333333
1;0;1;1;0;1;1;1;1;0;1;1;1;0;1;1;0;0;0;0;1;1;0;0;0;0;1;1;0;1;0;0;0;1;0;0;1;0;0;29.97
1;0;1;1;0;1;0;1;1;0;1;1;1;0;0;1;0;0;1;0;0;1;0;1;0;0;0;1;0;0;0;1;0;1;0;1;0;0;0;29.4833333333333
1;0;1;1;1;0;0;1;1;1;0;1;1;0;0;1;0;0;1;0;0;1;0;0;0;1;0;1;0;0;0;0;1;1;0;0;0;0;1;8.19333333333333
1;1;0;0;0;0;0;1;1;1;0;1;1;0;0;1;1;0;0;0;0;1;0;1;0;0;0;1;0;1;0;0;0;1;1;0;0;0;0;11.0733333333333
1;0;1;0;0;0;0;1;1;1;0;1;1;0;0;1;0;0;0;1;0;1;0;0;0;0;1;1;0;0;1;0;0;1;0;0;1;0;0;4.47666666666667
1;0;1;0;0;0;1;1;1;0;1;1;1;0;1;1;1;0;0;0;0;1;0;0;0;0;1;1;0;0;0;1;0;1;0;0;0;0;1;28.5666666666667
1;0;1;1;1;0;1;1;1;0;1;1;1;0;1;1;0;1;0;0;0;1;0;0;1;0;0;1;0;0;1;0;0;1;0;0;1;0;0;31.18
1;0;1;1;0;1;1;1;1;0;1;1;0;1;0;1;0;1;0;0;0;1;1;0;0;0;0;1;0;0;0;0;1;1;0;1;0;0;0;28.7233333333333
1;1;0;0;0;0;0;1;1;0;1;1;0;1;1;1;0;0;1;0;0;1;0;0;0;1;0;1;0;0;0;1;0;1;0;0;0;1;0;28.62
1;0;1;1;1;0;1;1;1;0;1;1;1;0;1;1;0;1;0;0;0;1;1;0;0;0;0;1;0;0;0;1;0;1;0;1;0;0;0;30.9
1;0;1;0;0;0;0;1;1;1;0;1;0;1;0;1;0;0;1;0;0;1;1;0;0;0;0;1;0;0;1;0;0;1;0;0;0;0;1;28.56
1;1;0;0;0;0;0;1;1;0;1;1;0;1;1;1;0;0;0;0;1;1;0;1;0;0;0;1;0;0;0;0;1;1;0;0;0;1;0;29.1966666666667
1;1;0;0;0;0;0;1;1;0;1;1;0;1;1;1;0;0;0;0;1;1;0;0;0;0;1;1;0;0;1;0;0;1;0;0;0;0;1;28.6
1;0;1;0;0;0;0;1;1;1;0;1;0;1;0;1;1;0;0;0;0;1;0;0;1;0;0;1;0;0;0;0;1;1;1;0;0;0;0;28.4366666666667
1;0;1;1;1;0;1;1;1;0;1;1;1;0;1;1;0;0;1;0;0;1;1;0;0;0;0;1;1;0;0;0;0;1;0;0;1;0;0;30.86
1;0;1;0;0;0;1;1;1;1;0;1;1;0;1;1;1;0;0;0;0;1;0;0;1;0;0;1;0;0;0;0;1;1;0;1;0;0;0;25.2766666666667
1;0;1;0;0;0;1;1;1;1;0;1;1;0;1;1;1;0;0;0;0;1;0;1;0;0;0;1;0;0;1;0;0;1;0;0;1;0;0;24.2066666666667
1;1;0;0;0;0;0;1;1;0;1;1;0;1;1;1;0;0;0;0;1;1;0;0;1;0;0;1;0;0;0;1;0;1;0;0;0;1;0;29.0333333333333
1;1;0;0;0;0;0;1;1;0;1;1;1;0;0;1;0;0;0;1;0;1;1;0;0;0;0;1;1;0;0;0;0;1;0;1;0;0;0;29.1733333333333
1;0;1;1;0;1;1;1;1;0;1;1;0;1;0;1;0;0;0;1;0;1;0;0;0;0;1;1;0;0;0;0;1;1;0;0;0;0;1;28.5633333333333
1;0;1;1;0;1;1;1;1;0;1;1;0;1;0;1;0;1;0;0;0;1;0;0;0;1;0;1;0;1;0;0;0;1;0;0;1;0;0;29.7366666666667
1;0;1;1;0;1;1;1;1;0;1;1;0;1;0;1;1;0;0;0;0;1;0;0;0;0;1;1;0;0;0;1;0;1;0;0;0;1;0;30.0666666666667
1;0;1;0;0;0;0;1;1;0;1;1;1;0;1;1;1;0;0;0;0;1;0;0;0;0;1;1;0;0;1;0;0;1;0;0;0;1;0;29.0633333333333
1;0;1;0;0;0;0;1;1;1;0;1;0;1;0;1;0;0;1;0;0;1;1;0;0;0;0;1;1;0;0;0;0;1;0;0;1;0;0;29.2066666666667
1;0;1;1;1;0;1;1;1;0;1;1;1;0;1;1;0;0;1;0;0;1;1;0;0;0;0;1;0;0;0;1;0;1;1;0;0;0;0;30.8066666666667
1;0;1;1;1;0;1;1;1;0;1;1;1;0;1;1;0;1;0;0;0;1;0;0;1;0;0;1;1;0;0;0;0;1;1;0;0;0;0;30.74
1;0;1;1;0;1;1;1;1;0;1;1;0;1;1;1;0;0;0;1;0;1;0;0;0;1;0;1;0;0;1;0;0;1;0;0;1;0;0;28.9166666666667
1;1;0;0;0;0;0;1;1;0;1;1;0;1;0;1;0;0;1;0;0;1;0;0;0;0;1;1;0;0;0;1;0;1;0;1;0;0;0;28.24
1;0;1;0;0;0;1;1;1;1;0;1;1;0;1;1;0;0;1;0;0;1;0;0;0;0;1;1;0;0;0;1;0;1;0;0;0;0;1;25.5
1;1;0;0;0;0;0;1;1;0;1;1;1;0;1;1;0;1;0;0;0;1;0;0;0;1;0;1;0;0;1;0;0;1;0;0;0;1;0;29.2233333333333
1;0;1;0;0;0;0;1;1;1;0;1;1;0;0;1;0;0;1;0;0;1;0;1;0;0;0;1;1;0;0;0;0;1;0;0;0;0;1;7.41666666666667
1;0;1;1;0;1;1;1;1;0;1;1;0;1;0;1;0;0;1;0;0;1;1;0;0;0;0;1;0;0;0;1;0;1;0;0;0;0;1;29.0433333333333
1;1;0;0;0;0;0;1;1;0;1;1;1;0;1;1;0;1;0;0;0;1;0;0;0;1;0;1;1;0;0;0;0;1;0;0;0;1;0;29.83
1;0;1;0;0;0;1;1;1;1;0;1;1;0;1;1;0;0;0;1;0;1;0;0;0;1;0;1;0;0;0;0;1;1;0;0;0;1;0;24.2333333333333
1;0;1;0;0;0;1;1;1;1;0;1;1;0;1;1;1;0;0;0;0;1;0;0;1;0;0;1;0;0;0;0;1;1;0;0;0;1;0;24.06
1;0;1;0;0;0;1;1;1;1;0;1;1;0;1;1;0;1;0;0;0;1;0;0;0;0;1;1;0;1;0;0;0;1;0;0;0;1;0;25.3566666666667
1;1;0;0;0;0;0;1;1;0;1;1;1;0;1;1;0;0;1;0;0;1;0;0;0;1;0;1;0;0;1;0;0;1;0;0;0;0;1;29.62
1;0;1;1;1;0;0;1;1;1;0;1;1;0;0;1;0;0;0;0;1;1;0;0;1;0;0;1;1;0;0;0;0;1;0;0;0;0;1;8.18333333333333
1;0;1;1;1;0;1;1;1;0;1;1;1;0;1;1;0;0;1;0;0;1;0;0;1;0;0;1;0;0;1;0;0;1;0;0;1;0;0;30.9066666666667
1;0;1;0;0;0;0;1;1;0;1;1;1;0;0;1;1;0;0;0;0;1;0;0;0;0;1;1;1;0;0;0;0;1;0;0;0;1;0;28.59
1;0;1;1;0;1;1;1;1;0;1;1;0;1;0;1;0;0;0;1;0;1;0;0;0;1;0;1;0;0;0;1;0;1;0;0;0;0;1;29.14
1;0;1;1;0;1;1;1;1;0;1;1;1;0;1;1;0;0;0;0;1;1;0;0;1;0;0;1;0;1;0;0;0;1;0;0;0;0;1;28.3366666666667
1;1;0;0;0;0;0;1;1;0;1;1;0;1;0;1;1;0;0;0;0;1;0;1;0;0;0;1;1;0;0;0;0;1;1;0;0;0;0;28.52
1;0;1;0;0;0;1;1;1;1;0;1;1;0;1;1;0;0;1;0;0;1;0;0;0;0;1;1;0;1;0;0;0;1;1;0;0;0;0;26.3866666666667
1;1;0;0;0;0;0;1;1;0;1;1;0;1;1;1;1;0;0;0;0;1;0;0;1;0;0;1;0;0;0;1;0;1;0;1;0;0;0;29.1033333333333
1;0;1;1;0;1;1;1;1;0;1;1;0;1;0;1;0;0;0;1;0;1;0;0;0;1;0;1;0;0;1;0;0;1;0;0;0;1;0;29.0733333333333
1;0;1;0;0;0;0;1;1;0;1;1;1;0;0;1;0;0;1;0;0;1;1;0;0;0;0;1;0;0;1;0;0;1;1;0;0;0;0;28.4266666666667
1;0;1;1;1;0;1;1;1;0;1;1;1;0;1;1;0;0;0;0;1;1;0;1;0;0;0;1;0;1;0;0;0;1;0;0;0;1;0;31.05
1;1;0;1;0;1;1;1;1;0;1;1;0;1;0;1;0;0;1;0;0;1;0;0;0;0;1;1;0;0;0;0;1;1;0;0;0;1;0;29.7366666666667
1;0;1;0;0;0;0;1;1;0;1;1;0;1;0;1;0;0;1;0;0;1;0;1;0;0;0;1;0;1;0;0;0;1;1;0;0;0;0;28.85
1;0;1;0;0;0;0;1;1;1;0;1;0;1;0;1;0;0;1;0;0;1;0;1;0;0;0;1;0;0;0;1;0;1;0;0;1;0;0;29.18
1;1;0;0;0;0;0;1;1;0;1;1;0;1;1;1;0;0;0;0;1;1;0;1;0;0;0;1;0;0;0;1;0;1;0;0;0;0;1;28.89
1;1;0;0;0;0;0;1;1;0;1;1;0;1;1;1;0;0;0;1;0;1;0;0;0;0;1;1;0;0;0;1;0;1;1;0;0;0;0;29.2366666666667
1;0;1;0;0;0;1;1;1;1;0;1;1;0;1;1;0;0;0;0;1;1;0;1;0;0;0;1;0;0;1;0;0;1;0;1;0;0;0;25.41
1;1;0;0;0;0;0;1;1;0;1;1;0;1;1;1;0;1;0;0;0;1;0;0;0;0;1;1;0;0;0;1;0;1;1;0;0;0;0;28.6033333333333
1;1;0;0;0;0;0;1;1;0;1;1;1;0;1;1;0;1;0;0;0;1;0;0;0;0;1;1;0;1;0;0;0;1;0;0;1;0;0;29.1933333333333
1;1;0;0;0;0;0;1;1;0;1;1;0;1;1;1;0;0;0;0;1;1;1;0;0;0;0;1;1;0;0;0;0;1;0;0;1;0;0;29.01
1;0;1;1;1;0;1;1;1;0;1;1;1;0;1;1;0;0;0;0;1;1;0;1;0;0;0;1;0;0;0;0;1;1;0;0;0;1;0;31.08
1;0;1;1;0;1;1;1;1;0;1;1;0;1;0;1;0;0;0;0;1;1;0;0;1;0;0;1;1;0;0;0;0;1;1;0;0;0;0;29.2033333333333
1;1;0;0;0;0;0;1;1;0;1;1;0;1;0;1;0;0;1;0;0;1;1;0;0;0;0;1;1;0;0;0;0;1;0;0;1;0;0;28.5333333333333
1;0;1;1;1;0;1;1;1;0;1;1;1;0;1;1;0;0;1;0;0;1;0;0;1;0;0;1;0;0;0;1;0;1;1;0;0;0;0;30.9933333333333
1;1;0;0;0;0;0;1;1;0;1;1;0;1;1;1;1;0;0;0;0;1;1;0;0;0;0;1;0;0;0;0;1;1;0;0;1;0;0;28.33
1;1;0;0;0;0;0;1;1;0;1;1;0;1;1;1;0;0;0;0;1;1;1;0;0;0;0;1;0;1;0;0;0;1;0;0;0;1;0;29.0666666666667
1;1;0;0;0;0;0;1;1;0;1;1;0;1;0;1;1;0;0;0;0;1;0;1;0;0;0;1;0;0;0;0;1;1;0;0;0;0;1;29.08
1;0;1;1;1;0;1;1;1;0;1;1;1;0;1;1;0;1;0;0;0;1;0;0;0;1;0;1;0;0;0;1;0;1;0;1;0;0;0;30.9766666666667
1;0;1;1;1;0;1;1;1;0;1;1;1;0;1;1;0;0;0;1;0;1;1;0;0;0;0;1;0;0;0;1;0;1;0;1;0;0;0;30.8866666666667
1;0;1;1;1;0;0;1;1;1;0;1;1;0;0;1;0;0;0;1;0;1;0;1;0;0;0;1;1;0;0;0;0;1;0;0;0;1;0;8
1;0;1;0;0;0;1;1;1;0;1;1;1;0;1;1;1;0;0;0;0;1;0;0;0;0;1;1;0;1;0;0;0;1;0;0;0;1;0;29.1033333333333
1;0;1;1;0;1;1;1;1;0;1;1;0;1;0;1;0;0;0;0;1;1;0;0;1;0;0;1;0;1;0;0;0;1;0;0;0;0;1;29.19
1;1;0;0;0;0;0;1;1;0;1;1;0;1;1;1;0;0;0;0;1;1;1;0;0;0;0;1;0;1;0;0;0;1;0;1;0;0;0;29.0466666666667
1;0;1;1;0;1;1;1;1;0;1;1;0;1;0;1;0;1;0;0;0;1;1;0;0;0;0;1;1;0;0;0;0;1;0;0;0;1;0;29.1766666666667
1;1;0;0;0;0;0;1;1;0;1;1;0;1;0;1;1;0;0;0;0;1;1;0;0;0;0;1;0;0;1;0;0;1;0;0;0;1;0;28.6133333333333
1;0;1;1;0;1;1;1;1;0;1;1;0;1;0;1;0;0;1;0;0;1;0;0;0;1;0;1;0;0;0;0;1;1;1;0;0;0;0;28.7
1;1;0;1;1;0;1;1;1;0;1;1;1;0;0;1;1;0;0;0;0;1;0;1;0;0;0;1;0;0;0;0;1;1;0;0;0;1;0;31.2866666666667
1;0;1;1;1;0;1;1;1;0;1;1;1;0;1;1;0;0;0;1;0;1;0;0;0;1;0;1;0;0;0;1;0;1;0;1;0;0;0;31.0266666666667
1;0;1;1;0;1;1;1;1;0;1;1;0;1;0;1;1;0;0;0;0;1;0;0;1;0;0;1;0;0;1;0;0;1;0;0;0;0;1;28.5333333333333
1;0;1;0;0;0;1;1;1;1;0;1;1;0;1;1;0;1;0;0;0;1;0;0;1;0;0;1;0;0;0;1;0;1;0;0;1;0;0;25.0766666666667
1;0;1;0;0;0;0;1;1;1;0;1;1;0;0;1;0;0;0;0;1;1;0;1;0;0;0;1;0;1;0;0;0;1;0;0;1;0;0;4.36333333333333
1;0;1;1;0;1;0;1;1;1;0;1;1;0;0;1;0;0;1;0;0;1;0;1;0;0;0;1;0;0;0;0;1;1;0;1;0;0;0;5.82333333333333
1;0;1;0;0;0;1;1;1;1;0;1;1;0;1;1;0;0;0;1;0;1;0;0;1;0;0;1;0;1;0;0;0;1;0;0;0;1;0;25.2366666666667
1;0;1;1;0;1;1;1;1;0;1;1;0;1;0;1;0;0;0;1;0;1;1;0;0;0;0;1;0;0;0;1;0;1;0;1;0;0;0;29.69
1;0;1;0;0;0;0;1;1;0;1;1;0;1;0;1;1;0;0;0;0;1;0;1;0;0;0;1;0;0;0;1;0;1;0;0;1;0;0;28.7833333333333
1;0;1;1;0;1;1;1;1;0;1;1;0;1;0;1;0;1;0;0;0;1;0;0;0;1;0;1;1;0;0;0;0;1;1;0;0;0;0;30.2033333333333
1;1;0;0;0;0;0;1;1;0;1;1;0;1;1;1;0;0;0;1;0;1;0;0;1;0;0;1;0;1;0;0;0;1;0;1;0;0;0;29.7266666666667
1;0;1;0;0;0;0;1;1;1;0;1;1;0;1;1;0;0;1;0;0;1;1;0;0;0;0;1;0;1;0;0;0;1;0;0;0;1;0;6.97333333333333
1;0;1;1;1;0;1;1;1;0;1;1;1;0;1;1;0;1;0;0;0;1;0;0;0;1;0;1;0;0;0;1;0;1;0;0;0;1;0;30.7666666666667
1;1;0;1;1;0;1;1;1;0;1;1;1;0;0;1;0;0;0;1;0;1;1;0;0;0;0;1;1;0;0;0;0;1;0;1;0;0;0;30.6466666666667
1;1;0;0;0;0;0;1;1;0;1;1;0;1;1;1;1;0;0;0;0;1;1;0;0;0;0;1;1;0;0;0;0;1;0;0;1;0;0;29.0766666666667
1;0;1;1;0;1;1;1;1;0;1;1;0;1;0;1;0;0;0;1;0;1;0;0;0;1;0;1;0;0;0;1;0;1;0;0;1;0;0;28.5266666666667
1;1;0;0;0;0;0;1;1;0;1;1;0;1;1;1;0;0;1;0;0;1;0;0;1;0;0;1;0;0;1;0;0;1;0;0;0;1;0;28.7333333333333
1;0;1;0;0;0;1;1;1;1;0;1;1;0;1;1;0;0;0;0;1;1;0;1;0;0;0;1;0;0;1;0;0;1;1;0;0;0;0;27.7766666666667
1;0;1;1;0;1;1;1;1;0;1;1;0;1;0;1;0;0;0;0;1;1;0;0;1;0;0;1;0;0;0;1;0;1;1;0;0;0;0;28.6733333333333
1;0;1;0;0;0;1;1;1;1;0;1;1;0;1;1;1;0;0;0;0;1;0;1;0;0;0;1;1;0;0;0;0;1;1;0;0;0;0;24.0433333333333
1;0;1;1;1;0;1;1;1;0;1;1;1;0;1;1;1;0;0;0;0;1;0;0;0;0;1;1;0;0;0;0;1;1;0;1;0;0;0;30.79
1;0;1;1;1;0;1;1;1;0;1;1;1;0;1;1;1;0;0;0;0;1;1;0;0;0;0;1;0;0;0;0;1;1;0;0;0;0;1;30.99
1;0;1;0;0;0;0;1;1;0;1;1;1;0;0;1;0;0;0;1;0;1;0;0;0;0;1;1;0;1;0;0;0;1;0;0;0;1;0;28.6066666666667
1;0;1;1;1;0;1;1;1;0;1;1;1;0;1;1;1;0;0;0;0;1;0;1;0;0;0;1;0;0;1;0;0;1;0;0;0;1;0;30.8466666666667
1;1;0;0;0;0;0;1;1;0;1;1;0;1;1;1;0;1;0;0;0;1;1;0;0;0;0;1;0;1;0;0;0;1;0;0;1;0;0;28.4933333333333
1;1;0;0;0;0;0;1;1;0;1;1;0;1;1;1;0;1;0;0;0;1;0;0;0;1;0;1;1;0;0;0;0;1;0;0;0;1;0;28.5833333333333
1;1;0;1;1;0;1;1;1;0;1;1;1;0;0;1;0;1;0;0;0;1;1;0;0;0;0;1;0;1;0;0;0;1;1;0;0;0;0;30.8566666666667
1;0;1;1;0;1;1;1;1;0;1;1;0;1;0;1;0;0;0;1;0;1;0;1;0;0;0;1;0;1;0;0;0;1;0;0;0;0;1;28.66
1;0;1;0;0;0;0;1;1;1;0;1;1;0;0;1;0;0;0;1;0;1;0;0;0;1;0;1;0;1;0;0;0;1;0;0;0;1;0;7.11
1;0;1;1;0;1;1;1;1;0;1;1;0;1;0;1;0;0;0;0;1;1;0;0;0;1;0;1;0;1;0;0;0;1;1;0;0;0;0;29.7666666666667
1;0;1;0;0;0;0;1;1;0;1;1;1;0;0;1;0;0;0;1;0;1;0;0;0;0;1;1;1;0;0;0;0;1;1;0;0;0;0;28.5166666666667
1;1;0;0;0;0;0;1;1;0;1;1;0;1;0;1;0;0;0;0;1;1;0;0;0;0;1;1;1;0;0;0;0;1;0;0;1;0;0;29.1866666666667
1;1;0;0;0;0;0;1;1;0;1;1;0;1;1;1;0;0;1;0;0;1;1;0;0;0;0;1;0;0;0;0;1;1;0;0;0;0;1;28.6366666666667
1;0;1;0;0;0;0;1;1;1;0;1;0;1;0;1;1;0;0;0;0;1;0;1;0;0;0;1;0;1;0;0;0;1;0;0;1;0;0;28.5633333333333
1;0;1;1;1;0;0;1;1;1;0;1;1;0;0;1;0;0;0;1;0;1;0;0;1;0;0;1;0;0;1;0;0;1;0;0;0;1;0;7.99666666666667
1;0;1;1;0;1;1;1;1;0;1;1;0;1;0;1;0;0;0;1;0;1;0;0;1;0;0;1;0;0;0;1;0;1;0;0;0;1;0;28.4033333333333
1;1;0;0;0;0;0;1;1;0;1;1;0;1;0;1;0;1;0;0;0;1;1;0;0;0;0;1;1;0;0;0;0;1;0;0;0;0;1;28.96
1;1;0;0;0;0;0;1;1;0;1;1;1;0;0;1;0;0;0;1;0;1;0;0;1;0;0;1;1;0;0;0;0;1;0;0;0;1;0;29.0033333333333
1;1;0;0;0;0;0;1;1;0;1;1;0;1;1;1;0;1;0;0;0;1;0;0;0;1;0;1;1;0;0;0;0;1;0;0;0;0;1;28.3533333333333
1;0;1;0;0;0;1;1;1;1;0;1;1;0;1;1;0;0;0;0;1;1;0;0;0;1;0;1;0;0;0;0;1;1;0;0;0;1;0;24.16
1;1;0;1;0;1;0;1;1;1;0;1;1;0;0;1;0;0;1;0;0;1;0;0;0;0;1;1;0;0;0;1;0;1;0;0;0;0;1;14.1266666666667
1;1;0;0;0;0;0;1;1;0;1;1;0;1;0;1;0;1;0;0;0;1;0;0;0;0;1;1;0;0;0;1;0;1;0;0;1;0;0;28.4933333333333
1;0;1;0;0;0;1;1;1;1;0;1;1;0;1;1;0;0;1;0;0;1;0;0;1;0;0;1;0;0;0;1;0;1;0;1;0;0;0;25.42
1;1;0;0;0;0;0;1;1;0;1;1;0;1;1;1;0;0;0;0;1;1;0;0;0;1;0;1;0;0;0;1;0;1;0;0;0;1;0;29.07
1;0;1;0;0;0;0;1;1;1;0;1;0;1;0;1;1;0;0;0;0;1;0;1;0;0;0;1;0;0;0;0;1;1;0;0;0;0;1;29.18
1;0;1;0;0;0;0;1;1;0;1;1;1;0;0;1;0;0;0;1;0;1;0;1;0;0;0;1;1;0;0;0;0;1;1;0;0;0;0;29.6666666666667
1;0;1;1;0;1;1;1;1;0;1;1;1;0;1;1;0;0;0;1;0;1;0;0;0;1;0;1;0;0;1;0;0;1;0;0;1;0;0;29.69
1;1;0;0;0;0;0;1;1;0;1;1;0;1;1;1;0;0;0;0;1;1;0;0;0;1;0;1;1;0;0;0;0;1;0;1;0;0;0;28.4933333333333
1;1;0;0;0;0;0;1;1;0;1;1;1;0;1;1;0;1;0;0;0;1;0;1;0;0;0;1;0;0;0;0;1;1;0;0;0;0;1;28.5666666666667
1;1;0;0;0;0;0;1;1;0;1;1;1;0;1;1;0;0;0;0;1;1;1;0;0;0;0;1;0;0;0;0;1;1;0;0;0;0;1;28.61
1;0;1;0;0;0;0;1;1;0;1;1;1;0;0;1;1;0;0;0;0;1;0;0;0;0;1;1;0;1;0;0;0;1;0;0;0;1;0;29.0733333333333
1;0;1;0;0;0;1;1;1;1;0;1;1;0;1;1;0;0;0;0;1;1;0;1;0;0;0;1;0;0;0;0;1;1;0;1;0;0;0;26.5933333333333
1;0;1;0;0;0;1;1;1;1;0;1;1;0;1;1;0;1;0;0;0;1;0;1;0;0;0;1;0;1;0;0;0;1;1;0;0;0;0;25.2233333333333
1;0;1;0;0;0;1;1;1;1;0;1;1;0;1;1;0;1;0;0;0;1;0;1;0;0;0;1;0;1;0;0;0;1;0;0;0;1;0;24.1166666666667
1;0;1;0;0;0;1;1;1;1;0;1;1;0;1;1;0;0;1;0;0;1;1;0;0;0;0;1;0;1;0;0;0;1;1;0;0;0;0;25.44
1;1;0;0;0;0;0;1;1;0;1;1;0;1;1;1;1;0;0;0;0;1;1;0;0;0;0;1;0;1;0;0;0;1;0;0;1;0;0;29.1866666666667
1;0;1;0;0;0;1;1;1;1;0;1;1;0;1;1;0;0;0;0;1;1;0;0;0;0;1;1;0;0;0;0;1;1;0;0;0;0;1;25.5666666666667
1;1;0;0;0;0;0;1;1;0;1;1;0;1;1;1;0;0;0;0;1;1;0;0;0;1;0;1;0;1;0;0;0;1;0;1;0;0;0;28.7666666666667
1;0;1;0;0;0;1;1;1;1;0;1;1;0;1;1;0;0;1;0;0;1;1;0;0;0;0;1;0;1;0;0;0;1;0;0;0;1;0;28.1133333333333
1;1;0;0;0;0;0;1;1;0;1;1;0;1;0;1;0;0;0;0;1;1;0;0;1;0;0;1;1;0;0;0;0;1;0;0;1;0;0;28.6133333333333
1;0;1;1;1;0;1;1;1;0;1;1;1;0;1;1;1;0;0;0;0;1;0;0;1;0;0;1;0;0;0;1;0;1;1;0;0;0;0;30.8733333333333
1;1;0;0;0;0;0;1;1;0;1;1;0;1;1;1;0;0;0;0;1;1;1;0;0;0;0;1;1;0;0;0;0;1;0;0;0;1;0;28.9
1;1;0;0;0;0;0;1;1;0;1;1;1;0;1;1;0;0;0;1;0;1;0;0;0;1;0;1;0;1;0;0;0;1;0;0;0;0;1;29.2166666666667
1;0;1;1;1;0;1;1;1;0;1;1;1;0;1;1;0;0;0;1;0;1;0;0;0;1;0;1;1;0;0;0;0;1;0;0;0;0;1;30.8933333333333
1;0;1;0;0;0;0;1;1;0;1;1;0;1;0;1;1;0;0;0;0;1;0;1;0;0;0;1;0;1;0;0;0;1;0;0;0;1;0;28.65
1;1;0;0;0;0;0;1;1;0;1;1;0;1;1;1;1;0;0;0;0;1;0;0;1;0;0;1;1;0;0;0;0;1;1;0;0;0;0;29.1166666666667
1;0;1;1;1;0;1;1;1;0;1;1;1;0;1;1;0;0;0;0;1;1;0;0;0;1;0;1;0;0;1;0;0;1;0;0;0;0;1;31.0866666666667
1;0;1;1;0;1;1;1;1;0;1;1;0;1;0;1;0;0;1;0;0;1;0;0;1;0;0;1;0;0;1;0;0;1;0;0;1;0;0;29.7833333333333
1;0;1;1;1;0;1;1;1;0;1;1;1;0;1;1;0;0;0;0;1;1;0;0;1;0;0;1;1;0;0;0;0;1;1;0;0;0;0;31.03
1;0;1;0;0;0;1;1;1;1;0;1;1;0;1;1;0;0;0;1;0;1;0;0;0;0;1;1;0;0;0;0;1;1;0;0;1;0;0;25.37
1;0;1;0;0;0;0;1;1;1;0;1;0;1;0;1;0;0;0;1;0;1;1;0;0;0;0;1;1;0;0;0;0;1;0;0;1;0;0;29.21
1;0;1;0;0;0;1;1;1;1;0;1;1;0;1;1;0;0;0;1;0;1;0;0;1;0;0;1;1;0;0;0;0;1;0;0;0;1;0;25.4833333333333
1;0;1;1;1;0;1;1;1;0;1;1;1;0;1;1;0;0;1;0;0;1;1;0;0;0;0;1;0;0;1;0;0;1;0;0;1;0;0;30.71
1;0;1;1;1;0;1;1;1;0;1;1;1;0;1;1;1;0;0;0;0;1;1;0;0;0;0;1;0;0;0;0;1;1;0;0;0;1;0;30.9533333333333
1;1;0;0;0;0;0;1;1;0;1;1;0;1;1;1;0;1;0;0;0;1;0;0;0;0;1;1;0;0;1;0;0;1;0;0;0;1;0;29.5133333333333
1;1;0;0;0;0;0;1;1;0;1;1;0;1;1;1;0;0;0;1;0;1;0;0;1;0;0;1;0;0;0;0;1;1;1;0;0;0;0;30.1033333333333
1;0;1;0;0;0;1;1;1;1;0;1;1;0;1;1;0;1;0;0;0;1;0;0;1;0;0;1;0;0;0;0;1;1;1;0;0;0;0;24.1833333333333
1;0;1;0;0;0;1;1;1;1;0;1;1;0;1;1;1;0;0;0;0;1;0;0;1;0;0;1;0;0;0;1;0;1;0;0;0;0;1;23.9533333333333
1;1;0;1;0;1;1;1;1;0;1;1;0;1;0;1;0;0;0;1;0;1;0;0;0;0;1;1;0;0;0;1;0;1;0;0;0;0;1;28.6166666666667
1;0;1;1;0;1;1;1;1;0;1;1;0;1;0;1;0;0;0;0;1;1;0;0;1;0;0;1;1;0;0;0;0;1;0;0;1;0;0;29.12
1;0;1;1;1;0;1;1;1;0;1;1;1;0;1;1;0;1;0;0;0;1;0;1;0;0;0;1;0;0;0;1;0;1;0;0;1;0;0;31.16
1;1;0;0;0;0;0;1;1;0;1;1;0;1;1;1;0;0;0;0;1;1;0;0;1;0;0;1;0;1;0;0;0;1;0;1;0;0;0;28.5266666666667
1;0;1;0;0;0;0;1;1;1;0;1;0;1;0;1;0;1;0;0;0;1;0;1;0;0;0;1;0;0;1;0;0;1;1;0;0;0;0;28.5466666666667
1;0;1;1;0;1;1;1;1;0;1;1;0;1;0;1;0;0;0;1;0;1;1;0;0;0;0;1;0;0;0;1;0;1;1;0;0;0;0;28.5866666666667
1;0;1;0;0;0;1;1;1;1;0;1;1;0;1;1;0;0;1;0;0;1;0;0;1;0;0;1;0;0;0;0;1;1;0;1;0;0;0;25.2133333333333
1;1;0;1;0;1;1;1;1;0;1;1;0;1;0;1;0;1;0;0;0;1;0;0;0;1;0;1;0;0;1;0;0;1;0;0;0;0;1;28.6066666666667
1;0;1;1;1;0;1;1;1;0;1;1;1;0;1;1;0;0;0;1;0;1;0;0;0;1;0;1;0;0;0;0;1;1;0;0;1;0;0;31.0566666666667
1;0;1;1;0;1;1;1;1;0;1;1;0;1;0;1;1;0;0;0;0;1;0;1;0;0;0;1;0;1;0;0;0;1;0;0;1;0;0;30.3566666666667
1;0;1;0;0;0;1;1;1;1;0;1;1;0;1;1;0;0;0;1;0;1;0;0;0;1;0;1;1;0;0;0;0;1;0;0;0;1;0;25.3166666666667
1;1;0;0;0;0;0;1;1;0;1;1;0;1;1;1;0;1;0;0;0;1;0;0;0;1;0;1;1;0;0;0;0;1;1;0;0;0;0;29.16
1;0;1;0;0;0;0;1;1;0;1;1;1;0;1;1;0;0;1;0;0;1;0;1;0;0;0;1;0;1;0;0;0;1;0;0;0;0;1;29.1
1;0;1;0;0;0;1;1;1;1;0;1;1;0;1;1;1;0;0;0;0;1;0;0;1;0;0;1;0;1;0;0;0;1;0;0;0;1;0;25.2733333333333
1;0;1;0;0;0;1;1;1;1;0;1;1;0;1;1;0;0;0;1;0;1;0;1;0;0;0;1;0;1;0;0;0;1;0;0;1;0;0;24.1133333333333
1;0;1;1;1;0;1;1;1;0;1;1;1;0;1;1;0;0;1;0;0;1;0;0;1;0;0;1;0;1;0;0;0;1;0;0;0;1;0;30.8966666666667
1;0;1;1;0;1;1;1;1;0;1;1;0;1;0;1;0;0;0;1;0;1;0;0;0;1;0;1;0;0;0;0;1;1;0;1;0;0;0;28.5
1;0;1;0;0;0;1;1;1;1;0;1;1;0;1;1;0;0;1;0;0;1;0;1;0;0;0;1;0;0;0;0;1;1;0;0;0;1;0;25.38
1;0;1;1;1;0;1;1;1;0;1;1;1;0;1;1;0;1;0;0;0;1;0;1;0;0;0;1;0;1;0;0;0;1;0;0;0;0;1;30.7833333333333
1;1;0;0;0;0;0;1;1;0;1;1;0;1;1;1;0;1;0;0;0;1;1;0;0;0;0;1;0;0;0;0;1;1;0;1;0;0;0;28.19
1;1;0;0;0;0;0;1;1;0;1;1;0;1;1;1;0;0;1;0;0;1;1;0;0;0;0;1;0;0;0;1;0;1;0;0;1;0;0;29.42
1;0;1;1;0;1;1;1;1;0;1;1;0;1;0;1;1;0;0;0;0;1;1;0;0;0;0;1;0;1;0;0;0;1;0;0;0;0;1;29.5
1;1;0;0;0;0;0;1;1;0;1;1;0;1;1;1;1;0;0;0;0;1;0;0;0;1;0;1;0;0;0;0;1;1;0;0;0;0;1;29.1466666666667
1;0;1;0;0;0;1;1;1;1;0;1;1;0;1;1;0;1;0;0;0;1;0;0;0;0;1;1;0;0;0;1;0;1;1;0;0;0;0;25.0466666666667
1;0;1;1;1;0;1;1;1;0;1;1;1;0;1;1;1;0;0;0;0;1;0;1;0;0;0;1;0;0;0;0;1;1;1;0;0;0;0;30.81
1;0;1;1;1;0;1;1;1;0;1;1;1;0;1;1;0;0;0;0;1;1;1;0;0;0;0;1;0;0;0;0;1;1;0;0;0;0;1;30.9966666666667
1;0;1;1;0;1;1;1;1;0;1;1;0;1;0;1;0;0;1;0;0;1;0;0;0;1;0;1;0;0;0;1;0;1;0;1;0;0;0;29.6433333333333
1;0;1;0;0;0;1;1;1;1;0;1;1;0;1;1;0;0;0;0;1;1;0;1;0;0;0;1;0;0;1;0;0;1;0;0;1;0;0;25.5166666666667
1;0;1;0;0;0;1;1;1;1;0;1;1;0;1;1;0;0;1;0;0;1;0;0;1;0;0;1;0;0;0;0;1;1;0;0;0;0;1;24.0233333333333
1;0;1;0;0;0;0;1;1;0;1;1;0;1;0;1;1;0;0;0;0;1;0;1;0;0;0;1;1;0;0;0;0;1;0;0;0;1;0;28.63
1;0;1;0;0;0;1;1;1;1;0;1;1;0;1;1;0;0;0;0;1;1;0;0;0;1;0;1;0;0;0;1;0;1;0;0;0;1;0;25.4866666666667
1;1;0;0;0;0;0;1;1;0;1;1;0;1;1;1;0;1;0;0;0;1;0;0;0;0;1;1;0;0;0;0;1;1;1;0;0;0;0;28.4866666666667
1;0;1;0;0;0;0;1;1;1;0;1;0;1;0;1;0;1;0;0;0;1;1;0;0;0;0;1;0;0;0;0;1;1;0;0;0;0;1;29.1
1;0;1;0;0;0;1;1;1;1;0;1;1;0;1;1;0;0;0;1;0;1;0;0;0;1;0;1;0;0;0;0;1;1;0;0;0;0;1;24.0866666666667
1;0;1;1;1;0;1;1;1;0;1;1;1;0;1;1;1;0;0;0;0;1;0;0;0;1;0;1;0;1;0;0;0;1;0;0;0;0;1;30.7133333333333
1;0;1;0;0;0;0;1;1;0;1;1;1;0;0;1;0;0;0;1;0;1;0;0;0;0;1;1;0;0;0;0;1;1;0;0;0;1;0;30.25
1;0;1;1;0;1;1;1;1;0;1;1;0;1;0;1;1;0;0;0;0;1;0;0;1;0;0;1;0;0;0;0;1;1;0;0;1;0;0;28.8433333333333
1;0;1;1;0;1;1;1;1;0;1;1;0;1;0;1;1;0;0;0;0;1;0;0;0;0;1;1;0;1;0;0;0;1;0;1;0;0;0;29.3033333333333
1;1;0;0;0;0;0;1;1;0;1;1;0;1;1;1;0;0;0;0;1;1;0;0;0;1;0;1;0;0;0;0;1;1;0;0;1;0;0;28.43
1;1;0;0;0;0;0;1;1;0;1;1;0;1;1;1;0;0;0;0;1;1;0;0;1;0;0;1;0;0;1;0;0;1;0;0;1;0;0;29.5733333333333
1;1;0;0;0;0;0;1;1;0;1;1;0;1;1;1;0;1;0;0;0;1;0;0;0;1;0;1;1;0;0;0;0;1;0;0;1;0;0;28.59
1;0;1;0;0;0;1;1;1;1;0;1;1;0;1;1;0;0;0;1;0;1;0;1;0;0;0;1;0;1;0;0;0;1;0;1;0;0;0;24.1633333333333
1;0;1;0;0;0;0;1;1;0;1;1;0;1;1;1;1;0;0;0;0;1;0;1;0;0;0;1;0;0;1;0;0;1;1;0;0;0;0;28.56
1;0;1;0;0;0;1;1;1;1;0;1;1;0;1;1;0;1;0;0;0;1;0;1;0;0;0;1;1;0;0;0;0;1;0;0;1;0;0;27.92
1;0;1;1;1;0;1;1;1;0;1;1;0;1;0;1;0;0;1;0;0;1;0;1;0;0;0;1;0;0;0;1;0;1;0;0;0;1;0;30.62
1;0;1;1;1;0;1;1;1;0;1;1;1;0;1;1;0;0;1;0;0;1;0;0;0;1;0;1;1;0;0;0;0;1;0;0;0;1;0;31.1066666666667
1;0;1;1;0;1;1;1;1;0;1;1;0;1;0;1;0;0;1;0;0;1;0;0;0;1;0;1;0;0;0;0;1;1;0;0;1;0;0;29.8866666666667
1;1;0;0;0;0;0;1;1;0;1;1;0;1;0;1;0;0;0;1;0;1;0;0;1;0;0;1;1;0;0;0;0;1;0;0;0;1;0;29.03
1;0;1;0;0;0;1;1;1;1;0;1;1;0;1;1;0;1;0;0;0;1;0;1;0;0;0;1;1;0;0;0;0;1;0;0;0;1;0;25.4033333333333
1;0;1;0;0;0;0;1;1;0;1;1;1;0;1;1;1;0;0;0;0;1;0;1;0;0;0;1;1;0;0;0;0;1;0;0;0;0;1;29.5
1;1;0;0;0;0;0;1;1;0;1;1;0;1;1;1;0;0;0;0;1;1;0;0;1;0;0;1;0;0;0;1;0;1;0;0;1;0;0;29.1633333333333
1;0;1;0;0;0;1;1;1;1;0;1;1;0;1;1;0;0;1;0;0;1;1;0;0;0;0;1;0;0;0;1;0;1;0;0;0;0;1;25.18
1;0;1;0;0;0;0;1;1;1;0;1;1;0;0;1;1;0;0;0;0;1;0;0;0;1;0;1;0;0;0;1;0;1;0;0;0;0;1;7.50333333333333
1;0;1;0;0;0;0;1;1;0;1;1;1;0;0;1;0;0;0;1;0;1;0;0;1;0;0;1;1;0;0;0;0;1;0;0;0;0;1;28.6866666666667
1;0;1;1;0;1;1;1;1;0;1;1;0;1;0;1;0;0;0;1;0;1;1;0;0;0;0;1;0;1;0;0;0;1;0;0;0;0;1;29.1966666666667
1;0;1;0;0;0;1;1;1;1;0;1;1;0;1;1;0;0;1;0;0;1;0;1;0;0;0;1;0;0;0;0;1;1;0;1;0;0;0;25.4233333333333
1;0;1;0;0;0;0;1;1;0;1;1;1;0;0;1;0;0;0;1;0;1;0;0;0;0;1;1;0;0;1;0;0;1;0;0;1;0;0;29.05
1;0;1;0;0;0;0;1;1;1;0;1;0;1;0;1;1;0;0;0;0;1;0;1;0;0;0;1;0;1;0;0;0;1;0;0;0;1;0;29.0833333333333
1;0;1;1;1;0;0;1;1;1;0;1;1;0;0;1;0;0;1;0;0;1;0;0;1;0;0;1;0;1;0;0;0;1;0;0;0;0;1;8.19666666666667
1;0;1;0;0;0;1;1;1;1;0;1;1;0;1;1;0;0;0;1;0;1;0;1;0;0;0;1;0;0;0;0;1;1;0;0;0;1;0;23.9633333333333
1;0;1;0;0;0;0;1;1;1;0;1;1;0;0;1;0;1;0;0;0;1;0;0;0;1;0;1;1;0;0;0;0;1;1;0;0;0;0;18.6033333333333
1;0;1;0;0;0;0;1;1;1;0;1;1;0;1;1;0;0;1;0;0;1;0;0;1;0;0;1;1;0;0;0;0;1;0;0;0;1;0;6.73333333333333
1;1;0;0;0;0;0;1;1;0;1;1;0;1;1;1;0;0;0;1;0;1;1;0;0;0;0;1;0;0;0;1;0;1;0;0;1;0;0;28.6333333333333
1;0;1;0;0;0;0;1;1;1;0;1;0;1;0;1;0;0;1;0;0;1;0;1;0;0;0;1;0;0;0;0;1;1;0;0;1;0;0;29.26
1;0;1;1;1;0;1;1;1;0;1;1;1;0;1;1;1;0;0;0;0;1;0;0;0;1;0;1;0;0;0;1;0;1;0;0;0;0;1;30.9533333333333
1;1;0;0;0;0;0;1;1;0;1;1;1;0;1;1;0;0;1;0;0;1;0;0;0;1;0;1;0;0;0;1;0;1;0;0;0;1;0;29.6333333333333
1;1;0;0;0;0;0;1;1;0;1;1;0;1;1;1;1;0;0;0;0;1;1;0;0;0;0;1;0;0;0;0;1;1;0;1;0;0;0;28.6533333333333
1;0;1;1;0;1;1;1;1;0;1;1;0;1;0;1;1;0;0;0;0;1;1;0;0;0;0;1;1;0;0;0;0;1;0;0;1;0;0;29.0033333333333
1;0;1;0;0;0;1;1;1;1;0;1;1;0;1;1;0;0;0;0;1;1;0;0;1;0;0;1;0;0;0;1;0;1;0;0;0;0;1;25.33
1;0;1;1;0;1;1;1;1;0;1;1;0;1;0;1;1;0;0;0;0;1;0;0;0;1;0;1;0;1;0;0;0;1;0;1;0;0;0;28.6233333333333
1;0;1;1;0;1;1;1;1;0;1;1;0;1;0;1;1;0;0;0;0;1;0;0;1;0;0;1;1;0;0;0;0;1;0;0;0;1;0;29.1033333333333
1;0;1;1;0;1;1;1;1;0;1;1;0;1;0;1;1;0;0;0;0;1;0;0;0;1;0;1;0;0;0;0;1;1;0;0;0;0;1;28.8333333333333
1;0;1;0;0;0;1;1;1;1;0;1;1;0;1;1;0;0;0;0;1;1;0;0;0;1;0;1;0;0;0;1;0;1;0;0;1;0;0;24.14
1;0;1;0;0;0;1;1;1;1;0;1;1;0;1;1;0;0;0;0;1;1;0;0;0;1;0;1;0;0;1;0;0;1;0;0;0;1;0;23.9133333333333
1;1;0;0;0;0;0;1;1;0;1;1;0;1;0;1;1;0;0;0;0;1;0;1;0;0;0;1;1;0;0;0;0;1;0;1;0;0;0;29.0966666666667
1;0;1;1;1;0;1;1;1;0;1;1;1;0;1;1;0;0;1;0;0;1;0;0;0;1;0;1;0;0;0;1;0;1;0;0;1;0;0;30.8733333333333
1;1;0;0;0;0;0;1;1;0;1;1;1;0;1;1;0;0;1;0;0;1;1;0;0;0;0;1;0;1;0;0;0;1;0;1;0;0;0;29.7066666666667
1;0;1;0;0;0;0;1;1;1;0;1;1;0;0;1;0;0;0;1;0;1;0;0;0;1;0;1;0;0;0;1;0;1;1;0;0;0;0;18.7666666666667
1;0;1;0;0;0;0;1;1;0;1;1;1;0;0;1;1;0;0;0;0;1;0;0;0;0;1;1;0;1;0;0;0;1;1;0;0;0;0;29.09
1;0;1;1;1;0;1;1;1;0;1;1;1;0;1;1;0;0;0;1;0;1;1;0;0;0;0;1;0;1;0;0;0;1;0;0;0;1;0;30.97
1;1;0;0;0;0;0;1;1;0;1;1;0;1;0;1;1;0;0;0;0;1;0;0;1;0;0;1;1;0;0;0;0;1;0;0;1;0;0;28.9033333333333
1;0;1;1;0;1;1;1;1;0;1;1;0;1;0;1;0;1;0;0;0;1;0;0;0;0;1;1;0;1;0;0;0;1;0;0;0;1;0;28.5466666666667
1;0;1;1;0;1;1;1;1;0;1;1;0;1;0;1;0;0;1;0;0;1;1;0;0;0;0;1;0;1;0;0;0;1;0;0;1;0;0;29.03
1;0;1;1;0;1;1;1;1;0;1;1;0;1;0;1;1;0;0;0;0;1;1;0;0;0;0;1;0;0;1;0;0;1;0;0;1;0;0;29.6966666666667
1;0;1;0;0;0;1;1;1;1;0;1;1;0;1;1;0;0;1;0;0;1;0;1;0;0;0;1;0;0;0;1;0;1;0;0;0;1;0;24.07
1;0;1;0;0;0;0;1;1;1;0;1;0;1;0;1;1;0;0;0;0;1;0;1;0;0;0;1;0;0;1;0;0;1;0;0;0;0;1;28.54
1;0;1;1;0;1;1;1;1;0;1;1;0;1;0;1;0;0;0;0;1;1;0;0;1;0;0;1;1;0;0;0;0;1;0;0;0;1;0;29.1533333333333
1;0;1;1;1;0;1;1;1;0;1;1;1;0;1;1;0;0;0;0;1;1;0;0;1;0;0;1;0;0;0;1;0;1;1;0;0;0;0;31.0966666666667
1;0;1;0;0;0;0;1;1;0;1;1;0;1;0;1;1;0;0;0;0;1;0;1;0;0;0;1;0;0;1;0;0;1;0;1;0;0;0;28.68
1;1;0;1;0;1;1;1;1;0;1;1;1;0;0;1;0;0;0;0;1;1;1;0;0;0;0;1;0;0;1;0;0;1;0;1;0;0;0;28.99
1;0;1;1;0;1;1;1;1;0;1;1;1;0;1;1;0;0;0;0;1;1;0;0;1;0;0;1;1;0;0;0;0;1;0;0;0;0;1;29.1433333333333
1;0;1;1;0;1;1;1;1;0;1;1;0;1;0;1;0;1;0;0;0;1;0;0;0;1;0;1;1;0;0;0;0;1;0;0;0;0;1;29.1633333333333
1;0;1;1;1;0;0;1;1;1;0;1;1;0;0;1;0;0;0;1;0;1;0;1;0;0;0;1;0;1;0;0;0;1;0;0;0;0;1;8.17333333333333
1;1;0;0;0;0;0;1;1;0;1;1;0;1;1;1;0;0;1;0;0;1;0;0;1;0;0;1;0;0;1;0;0;1;0;0;1;0;0;28.49
1;0;1;1;1;0;1;1;1;0;1;1;1;0;1;1;0;1;0;0;0;1;0;0;0;1;0;1;0;1;0;0;0;1;0;0;1;0;0;30.9533333333333
1;0;1;0;0;0;0;1;1;1;0;1;0;1;0;1;0;0;1;0;0;1;1;0;0;0;0;1;1;0;0;0;0;1;0;1;0;0;0;28.6233333333333
1;1;0;0;0;0;0;1;1;0;1;1;0;1;1;1;0;0;0;0;1;1;0;1;0;0;0;1;1;0;0;0;0;1;0;0;1;0;0;29.1033333333333
1;0;1;1;0;1;1;1;1;0;1;1;0;1;0;1;0;0;0;1;0;1;0;0;0;0;1;1;0;1;0;0;0;1;0;1;0;0;0;29.65
1;0;1;1;0;1;1;1;1;0;1;1;0;1;0;1;0;1;0;0;0;1;0;0;0;0;1;1;0;0;0;1;0;1;0;0;0;0;1;29.1466666666667
1;0;1;0;0;0;1;1;1;1;0;1;1;0;1;1;1;0;0;0;0;1;0;0;0;0;1;1;1;0;0;0;0;1;1;0;0;0;0;25.2266666666667
1;1;0;0;0;0;0;1;1;0;1;1;0;1;1;1;0;0;0;0;1;1;0;0;1;0;0;1;1;0;0;0;0;1;0;0;0;1;0;29.04
1;1;0;0;0;0;0;1;1;0;1;1;0;1;0;1;0;0;0;1;0;1;0;0;0;0;1;1;0;0;0;1;0;1;0;1;0;0;0;28.82
1;1;0;0;0;0;0;1;1;0;1;1;0;1;0;1;1;0;0;0;0;1;0;1;0;0;0;1;0;0;0;0;1;1;0;0;0;1;0;28.6833333333333
1;0;1;0;0;0;1;1;1;1;0;1;1;0;1;1;0;1;0;0;0;1;0;0;0;1;0;1;0;0;1;0;0;1;0;0;0;0;1;25.3266666666667
1;0;1;0;0;0;0;1;1;1;0;1;0;1;0;1;0;0;0;0;1;1;0;0;0;0;1;1;0;0;0;1;0;1;1;0;0;0;0;29.18
1;1;0;0;0;0;0;1;1;0;1;1;0;1;1;1;0;0;1;0;0;1;0;0;1;0;0;1;0;0;0;1;0;1;0;1;0;0;0;29.2366666666667
1;0;1;1;0;1;1;1;1;0;1;1;0;1;0;1;0;0;1;0;0;1;0;0;0;1;0;1;0;0;0;1;0;1;0;0;1;0;0;28.5733333333333
1;0;1;0;0;0;1;1;1;1;0;1;1;0;1;1;1;0;0;0;0;1;0;0;1;0;0;1;0;0;0;0;1;1;0;0;0;0;1;24.1
1;0;1;1;0;1;1;1;1;0;1;1;0;1;0;1;1;0;0;0;0;1;1;0;0;0;0;1;0;0;0;1;0;1;0;0;0;0;1;29.1433333333333
1;0;1;0;0;0;1;1;1;1;0;1;1;0;1;1;0;1;0;0;0;1;0;0;1;0;0;1;0;1;0;0;0;1;0;0;1;0;0;23.9966666666667
1;0;1;1;0;1;1;1;1;0;1;1;0;1;0;1;0;0;0;0;1;1;1;0;0;0;0;1;0;0;0;1;0;1;0;0;0;1;0;28.59
1;0;1;0;0;0;1;1;1;1;0;1;1;0;1;1;0;0;1;0;0;1;0;0;1;0;0;1;0;0;1;0;0;1;0;0;0;1;0;28.0066666666667
1;0;1;1;0;1;1;1;1;0;1;1;0;1;0;1;1;0;0;0;0;1;0;0;0;1;0;1;0;1;0;0;0;1;0;0;0;0;1;29.1566666666667
1;0;1;1;1;0;1;1;1;0;1;1;1;0;1;1;0;0;0;1;0;1;0;0;0;0;1;1;0;0;0;0;1;1;1;0;0;0;0;30.96
1;0;1;0;0;0;1;1;1;1;0;1;1;0;1;1;0;0;0;1;0;1;0;0;0;1;0;1;0;0;0;0;1;1;1;0;0;0;0;25.4566666666667
1;0;1;1;1;0;1;1;1;0;1;1;1;0;1;1;0;0;0;1;0;1;0;0;1;0;0;1;0;1;0;0;0;1;0;0;0;1;0;31.06
1;0;1;1;1;0;1;1;1;0;1;1;1;0;1;1;1;0;0;0;0;1;0;0;0;1;0;1;0;1;0;0;0;1;1;0;0;0;0;30.9433333333333
1;1;0;0;0;0;0;1;1;0;1;1;0;1;0;1;0;1;0;0;0;1;1;0;0;0;0;1;1;0;0;0;0;1;1;0;0;0;0;29.5466666666667
1;0;1;0;0;0;1;1;1;1;0;1;1;0;1;1;0;1;0;0;0;1;0;0;1;0;0;1;0;0;0;1;0;1;0;0;0;0;1;25.2366666666667
1;0;1;1;1;0;1;1;1;0;1;1;1;0;1;1;0;0;0;0;1;1;0;1;0;0;0;1;0;0;0;1;0;1;1;0;0;0;0;31.0033333333333
1;0;1;1;1;0;1;1;1;0;1;1;1;0;1;1;0;1;0;0;0;1;0;1;0;0;0;1;0;0;0;1;0;1;0;1;0;0;0;31.2666666666667
1;0;1;1;0;1;1;1;1;0;1;1;1;0;1;1;0;1;0;0;0;1;0;0;0;0;1;1;0;1;0;0;0;1;0;0;1;0;0;29.1833333333333
1;0;1;0;0;0;0;1;1;1;0;1;0;1;0;1;0;0;0;1;0;1;0;1;0;0;0;1;0;0;1;0;0;1;0;0;0;1;0;28.5766666666667
1;1;0;0;0;0;0;1;1;0;1;1;1;0;1;1;0;0;0;1;0;1;0;0;0;0;1;1;0;1;0;0;0;1;0;0;0;1;0;29.7733333333333
1;1;0;0;0;0;0;1;1;0;1;1;0;1;1;1;0;0;0;0;1;1;1;0;0;0;0;1;0;1;0;0;0;1;0;0;1;0;0;30.0233333333333
1;0;1;0;0;0;0;1;1;1;0;1;1;0;0;1;0;0;0;0;1;1;0;0;1;0;0;1;1;0;0;0;0;1;1;0;0;0;0;18.6033333333333
1;1;0;0;0;0;0;1;1;0;1;1;0;1;0;1;0;0;0;1;0;1;1;0;0;0;0;1;0;0;0;1;0;1;1;0;0;0;0;29.1333333333333
1;0;1;1;0;1;1;1;1;0;1;1;0;1;0;1;0;0;0;0;1;1;0;0;0;0;1;1;0;0;1;0;0;1;0;0;0;0;1;29.6466666666667
1;1;0;0;0;0;0;1;1;0;1;1;0;1;1;1;1;0;0;0;0;1;0;1;0;0;0;1;0;0;1;0;0;1;0;0;0;0;1;29.1366666666667
1;0;1;1;1;0;1;1;1;0;1;1;1;0;1;1;0;0;1;0;0;1;0;1;0;0;0;1;0;0;1;0;0;1;1;0;0;0;0;30.84
1;0;1;0;0;0;1;1;1;1;0;1;1;0;1;1;0;0;0;1;0;1;0;0;0;1;0;1;0;0;0;0;1;1;0;1;0;0;0;25.3666666666667
1;0;1;1;1;0;1;1;1;0;1;1;1;0;1;1;0;0;0;1;0;1;0;0;0;1;0;1;0;1;0;0;0;1;0;0;0;0;1;30.9366666666667
1;0;1;0;0;0;1;1;1;1;0;1;1;0;1;1;0;1;0;0;0;1;0;0;0;0;1;1;1;0;0;0;0;1;0;0;0;1;0;25.4166666666667
1;0;1;1;1;0;1;1;1;0;1;1;1;0;1;1;0;0;0;1;0;1;0;0;1;0;0;1;0;0;1;0;0;1;0;0;1;0;0;31.0466666666667
1;0;1;0;0;0;1;1;1;1;0;1;1;0;1;1;0;1;0;0;0;1;0;0;0;0;1;1;0;0;0;0;1;1;0;0;0;1;0;26.6233333333333
1;0;1;0;0;0;0;1;1;0;1;1;1;0;1;1;0;0;0;1;0;1;0;0;0;0;1;1;0;1;0;0;0;1;0;0;0;1;0;29.1566666666667
1;0;1;1;1;0;1;1;1;0;1;1;1;0;1;1;0;0;0;0;1;1;0;1;0;0;0;1;1;0;0;0;0;1;1;0;0;0;0;30.88
1;0;1;1;1;0;1;1;1;0;1;1;1;0;1;1;0;1;0;0;0;1;1;0;0;0;0;1;0;0;1;0;0;1;0;0;0;0;1;30.9166666666667
1;0;1;1;0;1;1;1;1;0;1;1;0;1;0;1;0;1;0;0;0;1;0;0;0;0;1;1;0;0;0;1;0;1;0;0;1;0;0;28.97
1;1;0;0;0;0;0;1;1;0;1;1;0;1;1;1;0;0;0;0;1;1;0;0;0;1;0;1;1;0;0;0;0;1;0;0;0;1;0;28.6933333333333
1;1;0;0;0;0;0;1;1;0;1;1;0;1;0;1;1;0;0;0;0;1;0;0;0;1;0;1;0;0;1;0;0;1;0;0;0;1;0;30.2366666666667
1;0;1;1;1;0;1;1;1;0;1;1;1;0;1;1;0;1;0;0;0;1;1;0;0;0;0;1;1;0;0;0;0;1;0;0;0;1;0;30.94
1;0;1;1;0;1;1;1;1;0;1;1;0;1;0;1;0;0;1;0;0;1;0;0;1;0;0;1;0;0;0;0;1;1;0;0;0;0;1;28.43
1;1;0;1;0;1;1;1;1;0;1;1;0;1;0;1;0;0;1;0;0;1;1;0;0;0;0;1;0;1;0;0;0;1;0;0;0;0;1;29.1566666666667
1;1;0;0;0;0;0;1;1;0;1;1;0;1;0;1;1;0;0;0;0;1;0;0;0;1;0;1;0;0;0;1;0;1;1;0;0;0;0;29.2566666666667
1;0;1;1;1;0;1;1;1;0;1;1;1;0;1;1;0;0;1;0;0;1;0;0;1;0;0;1;1;0;0;0;0;1;0;1;0;0;0;30.97
1;1;0;0;0;0;0;1;1;0;1;1;0;1;1;1;0;0;1;0;0;1;0;1;0;0;0;1;0;1;0;0;0;1;1;0;0;0;0;30.2566666666667
1;0;1;0;0;0;1;1;1;1;0;1;1;0;1;1;0;0;0;1;0;1;0;0;0;1;0;1;0;0;0;1;0;1;0;0;0;0;1;26.5433333333333
1;0;1;1;1;0;1;1;1;0;1;1;1;0;1;1;0;1;0;0;0;1;0;0;0;0;1;1;0;0;0;0;1;1;0;0;1;0;0;30.9866666666667
1;0;1;1;0;1;1;1;1;0;1;1;0;1;0;1;1;0;0;0;0;1;0;1;0;0;0;1;0;1;0;0;0;1;0;0;0;1;0;29.0266666666667
1;1;0;0;0;0;0;1;1;0;1;1;0;1;0;1;0;0;0;0;1;1;0;0;0;0;1;1;0;0;0;0;1;1;0;0;1;0;0;28.5466666666667
1;1;0;0;0;0;0;1;1;0;1;1;0;1;1;1;0;0;0;1;0;1;1;0;0;0;0;1;0;0;0;0;1;1;0;1;0;0;0;28.6433333333333
1;0;1;1;0;1;1;1;1;0;1;1;0;1;0;1;0;0;0;0;1;1;0;0;1;0;0;1;0;0;1;0;0;1;1;0;0;0;0;29.16
1;0;1;1;1;0;1;1;1;0;1;1;1;0;1;1;0;1;0;0;0;1;0;1;0;0;0;1;0;0;0;0;1;1;1;0;0;0;0;30.6533333333333
1;0;1;1;0;1;1;1;1;0;1;1;0;1;0;1;0;1;0;0;0;1;0;0;0;0;1;1;0;0;0;1;0;1;0;1;0;0;0;29.1033333333333
1;0;1;1;1;0;1;1;1;0;1;1;1;0;1;1;1;0;0;0;0;1;0;0;0;0;1;1;0;1;0;0;0;1;0;1;0;0;0;31.1233333333333
1;1;0;0;0;0;0;1;1;0;1;1;0;1;1;1;0;0;1;0;0;1;0;0;0;1;0;1;0;0;0;0;1;1;1;0;0;0;0;28.5433333333333
1;0;1;0;0;0;0;1;1;1;0;1;0;1;0;1;0;1;0;0;0;1;0;0;0;1;0;1;0;0;0;0;1;1;0;0;0;0;1;28.5133333333333
1;0;1;0;0;0;0;1;1;1;0;1;0;1;0;1;1;0;0;0;0;1;0;1;0;0;0;1;1;0;0;0;0;1;0;0;1;0;0;28.3966666666667
1;0;1;1;0;1;0;1;1;1;0;1;1;0;0;1;0;0;0;0;1;1;0;0;0;1;0;1;0;0;0;0;1;1;0;0;0;0;1;7.52
1;1;0;0;0;0;0;1;1;0;1;1;0;1;1;1;0;1;0;0;0;1;0;0;1;0;0;1;0;0;1;0;0;1;0;0;1;0;0;29.0433333333333
1;0;1;1;1;0;1;1;1;0;1;1;1;0;1;1;0;1;0;0;0;1;0;0;0;0;1;1;0;0;0;1;0;1;1;0;0;0;0;31.1066666666667
1;0;1;1;0;1;1;1;1;0;1;1;0;1;0;1;1;0;0;0;0;1;1;0;0;0;0;1;0;0;0;0;1;1;1;0;0;0;0;28.5566666666667
1;1;0;0;0;0;0;1;1;0;1;1;1;0;1;1;0;0;0;1;0;1;0;0;1;0;0;1;0;0;0;1;0;1;0;0;0;1;0;28.3766666666667
1;0;1;1;0;1;1;1;1;0;1;1;0;1;0;1;0;1;0;0;0;1;0;1;0;0;0;1;0;0;0;1;0;1;0;0;1;0;0;28.13
1;1;0;0;0;0;0;1;1;0;1;1;1;0;1;1;0;1;0;0;0;1;0;0;0;1;0;1;0;0;1;0;0;1;0;0;0;0;1;29.46
1;1;0;0;0;0;0;1;1;0;1;1;0;1;1;1;0;1;0;0;0;1;0;0;1;0;0;1;0;0;0;1;0;1;0;0;0;0;1;28.5733333333333
1;0;1;0;0;0;1;1;1;1;0;1;1;0;1;1;1;0;0;0;0;1;0;1;0;0;0;1;1;0;0;0;0;1;0;1;0;0;0;26.5933333333333
1;0;1;1;1;0;1;1;1;0;1;1;1;0;1;1;1;0;0;0;0;1;0;1;0;0;0;1;0;0;0;0;1;1;0;0;0;1;0;31.1766666666667
1;0;1;0;0;0;1;1;1;1;0;1;1;0;1;1;0;0;0;0;1;1;0;0;0;0;1;1;0;0;0;0;1;1;0;0;0;1;0;24.2833333333333
1;1;0;0;0;0;0;1;1;0;1;1;1;0;1;1;0;0;0;0;1;1;0;0;0;0;1;1;1;0;0;0;0;1;0;0;0;1;0;29.18
1;0;1;0;0;0;1;1;1;1;0;1;1;0;1;1;0;0;0;1;0;1;1;0;0;0;0;1;0;0;0;1;0;1;0;0;0;0;1;24.2066666666667
1;0;1;0;0;0;0;1;1;0;1;1;0;1;0;1;0;0;0;0;1;1;0;1;0;0;0;1;0;1;0;0;0;1;1;0;0;0;0;29.0633333333333
1;0;1;0;0;0;1;1;1;1;0;1;1;0;1;1;0;0;1;0;0;1;0;1;0;0;0;1;0;1;0;0;0;1;0;0;0;1;0;24.17
1;0;1;1;1;0;1;1;1;0;1;1;1;0;1;1;0;1;0;0;0;1;0;1;0;0;0;1;0;0;0;0;1;1;0;0;0;0;1;31.08
1;0;1;0;0;0;0;1;1;0;1;1;1;0;0;1;0;0;0;1;0;1;0;0;1;0;0;1;0;1;0;0;0;1;0;0;0;0;1;29.3333333333333
1;1;0;0;0;0;0;1;1;0;1;1;0;1;1;1;1;0;0;0;0;1;1;0;0;0;0;1;1;0;0;0;0;1;0;0;0;0;1;29.1966666666667
1;0;1;1;1;0;1;1;1;0;1;1;1;0;1;1;0;1;0;0;0;1;1;0;0;0;0;1;0;0;0;1;0;1;1;0;0;0;0;31.1033333333333
1;0;1;1;1;0;1;1;1;0;1;1;1;0;1;1;0;0;0;0;1;1;0;0;0;1;0;1;1;0;0;0;0;1;0;0;0;1;0;30.9033333333333
1;0;1;0;0;0;1;1;1;1;0;1;1;0;1;1;0;0;0;0;1;1;0;0;0;0;1;1;0;1;0;0;0;1;1;0;0;0;0;25.4166666666667
1;0;1;1;1;0;1;1;1;0;1;1;1;0;1;1;0;0;0;0;1;1;0;0;0;1;0;1;0;0;0;1;0;1;0;0;0;1;0;31.2766666666667
1;1;0;0;0;0;0;1;1;0;1;1;0;1;0;1;0;0;0;0;1;1;0;1;0;0;0;1;0;0;0;0;1;1;1;0;0;0;0;28.68
1;0;1;1;0;1;1;1;1;0;1;1;0;1;0;1;1;0;0;0;0;1;0;0;1;0;0;1;0;0;0;0;1;1;1;0;0;0;0;29.2333333333333
1;0;1;0;0;0;0;1;1;0;1;1;0;1;0;1;1;0;0;0;0;1;0;1;0;0;0;1;0;1;0;0;0;1;0;0;1;0;0;29.08
1;1;0;0;0;0;0;1;1;0;1;1;0;1;1;1;0;0;0;0;1;1;0;0;0;1;0;1;0;0;1;0;0;1;0;0;0;0;1;28.4666666666667
1;1;0;0;0;0;0;1;1;1;0;1;1;0;0;1;1;0;0;0;0;1;0;0;0;1;0;1;0;0;0;1;0;1;1;0;0;0;0;11.1466666666667
1;0;1;1;1;0;1;1;1;0;1;1;1;0;1;1;0;0;0;1;0;1;0;1;0;0;0;1;0;1;0;0;0;1;0;0;1;0;0;30.8133333333333
1;1;0;0;0;0;0;1;1;0;1;1;1;0;1;1;0;0;1;0;0;1;0;0;0;1;0;1;0;0;0;1;0;1;0;0;0;0;1;28.61
1;0;1;1;1;0;1;1;1;0;1;1;1;0;1;1;0;0;0;0;1;1;0;0;0;0;1;1;0;0;0;0;1;1;0;0;0;0;1;30.95
1;1;0;0;0;0;0;1;1;0;1;1;1;0;1;1;0;0;0;1;0;1;0;0;1;0;0;1;0;0;1;0;0;1;0;0;0;0;1;28.6566666666667
1;1;0;1;1;0;1;1;1;0;1;1;1;0;0;1;0;0;0;1;0;1;0;1;0;0;0;1;1;0;0;0;0;1;1;0;0;0;0;30.7933333333333
1;1;0;0;0;0;0;1;1;0;1;1;0;1;1;1;0;0;1;0;0;1;0;1;0;0;0;1;1;0;0;0;0;1;0;0;1;0;0;28.5566666666667
1;0;1;0;0;0;0;1;1;1;0;1;0;1;0;1;1;0;0;0;0;1;0;0;1;0;0;1;1;0;0;0;0;1;1;0;0;0;0;28.5766666666667
1;0;1;0;0;0;0;1;1;0;1;1;1;0;0;1;0;1;0;0;0;1;0;0;0;1;0;1;0;1;0;0;0;1;0;1;0;0;0;29.5366666666667
1;0;1;1;0;1;1;1;1;0;1;1;0;1;0;1;0;1;0;0;0;1;0;0;0;1;0;1;0;0;0;0;1;1;0;1;0;0;0;28.8966666666667
1;0;1;0;0;0;0;1;1;1;0;1;0;1;0;1;0;1;0;0;0;1;0;1;0;0;0;1;0;0;1;0;0;1;0;0;0;0;1;28.4266666666667
1;0;1;1;0;1;1;1;1;0;1;1;0;1;0;1;0;0;1;0;0;1;0;1;0;0;0;1;0;0;0;0;1;1;0;1;0;0;0;29.3766666666667
1;1;0;0;0;0;0;1;1;0;1;1;0;1;1;1;0;0;1;0;0;1;0;0;1;0;0;1;1;0;0;0;0;1;0;0;1;0;0;29.1266666666667
1;0;1;0;0;0;1;1;1;1;0;1;1;0;1;1;0;0;0;0;1;1;0;0;1;0;0;1;0;0;0;0;1;1;0;1;0;0;0;25.43
1;0;1;0;0;0;1;1;1;1;0;1;1;0;1;1;0;0;0;1;0;1;0;0;0;0;1;1;0;0;0;1;0;1;0;0;0;0;1;26.5533333333333
1;0;1;0;0;0;0;1;1;0;1;1;1;0;0;1;0;0;0;0;1;1;0;1;0;0;0;1;0;1;0;0;0;1;0;0;0;0;1;29.6033333333333
1;0;1;1;0;1;1;1;1;0;1;1;0;1;0;1;0;0;0;0;1;1;0;1;0;0;0;1;0;0;1;0;0;1;0;0;1;0;0;29.6433333333333
1;0;1;1;0;1;1;1;1;0;1;1;0;1;0;1;1;0;0;0;0;1;0;0;0;1;0;1;0;0;0;1;0;1;0;0;0;1;0;29.0766666666667
1;1;0;0;0;0;0;1;1;0;1;1;0;1;1;1;0;0;1;0;0;1;0;0;0;1;0;1;1;0;0;0;0;1;0;0;1;0;0;29.1233333333333
1;0;1;0;0;0;1;1;1;1;0;1;1;0;1;1;0;1;0;0;0;1;0;0;1;0;0;1;0;0;0;0;1;1;0;0;1;0;0;25.3233333333333
1;0;1;1;1;0;1;1;1;0;1;1;1;0;1;1;0;0;0;0;1;1;0;0;0;1;0;1;0;0;0;0;1;1;0;0;0;0;1;31.0433333333333
1;0;1;0;0;0;0;1;1;1;0;1;0;1;0;1;0;0;1;0;0;1;1;0;0;0;0;1;0;1;0;0;0;1;0;1;0;0;0;29.1
1;1;0;0;0;0;0;1;1;0;1;1;1;0;0;1;0;0;0;1;0;1;0;0;1;0;0;1;1;0;0;0;0;1;0;1;0;0;0;29.21
1;0;1;1;0;1;1;1;1;0;1;1;0;1;0;1;1;0;0;0;0;1;0;0;1;0;0;1;1;0;0;0;0;1;0;0;1;0;0;28.5733333333333
1;0;1;1;0;1;1;1;1;0;1;1;0;1;0;1;0;1;0;0;0;1;0;0;0;1;0;1;0;0;0;1;0;1;0;0;0;0;1;29.1266666666667
1;0;1;0;0;0;0;1;1;1;0;1;0;1;0;1;0;1;0;0;0;1;0;0;0;0;1;1;0;1;0;0;0;1;1;0;0;0;0;29.21
1;1;0;0;0;0;0;1;1;0;1;1;0;1;0;1;0;0;0;1;0;1;0;1;0;0;0;1;0;0;0;1;0;1;1;0;0;0;0;28.6033333333333
1;1;0;0;0;0;0;1;1;0;1;1;0;1;0;1;0;1;0;0;0;1;0;0;0;0;1;1;0;0;0;0;1;1;0;0;1;0;0;28.6
1;0;1;0;0;0;0;1;1;1;0;1;0;1;0;1;1;0;0;0;0;1;1;0;0;0;0;1;0;0;1;0;0;1;0;0;0;1;0;28.5633333333333
1;1;0;0;0;0;0;1;1;0;1;1;0;1;0;1;0;0;0;1;0;1;0;0;1;0;0;1;1;0;0;0;0;1;0;0;1;0;0;28.8933333333333
1;0;1;1;0;1;1;1;1;0;1;1;0;1;0;1;0;0;1;0;0;1;0;0;1;0;0;1;0;0;0;1;0;1;0;0;0;1;0;28.5866666666667
1;1;0;0;0;0;0;1;1;0;1;1;0;1;1;1;0;1;0;0;0;1;0;0;0;1;0;1;0;0;0;0;1;1;0;1;0;0;0;29.06
1;0;1;1;1;0;1;1;1;0;1;1;1;0;1;1;0;0;0;1;0;1;0;0;1;0;0;1;0;0;1;0;0;1;0;0;0;0;1;30.82
1;1;0;0;0;0;0;1;1;0;1;1;1;0;1;1;0;1;0;0;0;1;0;0;0;1;0;1;0;1;0;0;0;1;0;1;0;0;0;29.5133333333333
1;0;1;1;1;0;1;1;1;0;1;1;1;0;1;1;0;0;1;0;0;1;0;0;1;0;0;1;0;1;0;0;0;1;1;0;0;0;0;31.09
1;0;1;1;0;1;1;1;1;0;1;1;0;1;0;1;0;0;0;0;1;1;0;0;0;1;0;1;0;0;1;0;0;1;1;0;0;0;0;28.5666666666667
1;1;0;0;0;0;0;1;1;0;1;1;0;1;1;1;0;1;0;0;0;1;0;0;1;0;0;1;0;0;0;0;1;1;0;0;1;0;0;29.0666666666667
1;0;1;0;0;0;0;1;1;1;0;1;0;1;0;1;1;0;0;0;0;1;0;1;0;0;0;1;0;0;1;0;0;1;0;0;1;0;0;29.1166666666667
1;0;1;1;1;0;1;1;1;0;1;1;1;0;1;1;0;1;0;0;0;1;1;0;0;0;0;1;1;0;0;0;0;1;0;0;1;0;0;30.6933333333333
1;0;1;0;0;0;1;1;1;1;0;1;1;0;1;1;0;0;1;0;0;1;0;0;0;1;0;1;0;0;0;1;0;1;0;0;0;0;1;25.4033333333333
1;0;1;0;0;0;1;1;1;1;0;1;1;0;1;1;0;0;0;1;0;1;0;0;0;1;0;1;0;0;1;0;0;1;0;1;0;0;0;25.22
1;0;1;1;1;0;1;1;1;0;1;1;0;1;1;1;0;1;0;0;0;1;0;0;0;0;1;1;0;0;0;0;1;1;0;0;1;0;0;30.8533333333333
1;1;0;0;0;0;0;1;1;1;0;1;1;0;0;1;0;0;0;0;1;1;0;0;0;1;0;1;1;0;0;0;0;1;1;0;0;0;0;11.1633333333333
1;0;1;1;1;0;1;1;1;0;1;1;1;0;1;1;0;0;1;0;0;1;0;0;0;0;1;1;0;0;0;1;0;1;0;1;0;0;0;31.0933333333333
1;0;1;0;0;0;1;1;1;1;0;1;1;0;1;1;0;1;0;0;0;1;0;0;0;1;0;1;1;0;0;0;0;1;1;0;0;0;0;25.4833333333333
1;0;1;1;0;1;1;1;1;0;1;1;0;1;0;1;0;0;0;1;0;1;0;1;0;0;0;1;0;1;0;0;0;1;0;1;0;0;0;28.5733333333333
1;0;1;1;1;0;1;1;1;0;1;1;1;0;1;1;0;1;0;0;0;1;1;0;0;0;0;1;0;1;0;0;0;1;0;0;0;1;0;30.89
1;1;0;0;0;0;0;1;1;0;1;1;0;1;1;1;0;0;1;0;0;1;0;0;0;0;1;1;0;0;1;0;0;1;0;1;0;0;0;29.1133333333333
1;0;1;1;0;1;1;1;1;0;1;1;0;1;0;1;0;0;0;1;0;1;0;0;0;1;0;1;0;0;1;0;0;1;0;0;1;0;0;28.5166666666667
1;1;0;0;0;0;0;1;1;0;1;1;1;0;1;1;0;0;0;1;0;1;1;0;0;0;0;1;0;0;1;0;0;1;0;0;0;0;1;28.5166666666667
1;1;0;0;0;0;0;1;1;0;1;1;0;1;0;1;0;0;1;0;0;1;0;1;0;0;0;1;1;0;0;0;0;1;0;0;0;1;0;28.49
1;0;1;0;0;0;1;1;1;1;0;1;1;0;1;1;0;1;0;0;0;1;0;0;0;0;1;1;0;0;0;1;0;1;0;0;1;0;0;25.4266666666667
1;0;1;1;1;0;1;1;1;0;1;1;1;0;1;1;0;0;0;1;0;1;0;0;1;0;0;1;1;0;0;0;0;1;1;0;0;0;0;31.0433333333333
1;0;1;1;1;0;1;1;1;0;1;1;1;0;1;1;0;0;0;1;0;1;1;0;0;0;0;1;1;0;0;0;0;1;0;1;0;0;0;31.1533333333333
1;0;1;0;0;0;1;1;1;1;0;1;1;0;1;1;0;0;0;1;0;1;1;0;0;0;0;1;1;0;0;0;0;1;0;1;0;0;0;25.07
1;0;1;1;1;0;1;1;1;0;1;1;1;0;1;1;1;0;0;0;0;1;0;1;0;0;0;1;0;0;0;0;1;1;0;0;1;0;0;31.0533333333333
1;0;1;1;0;1;1;1;1;0;1;1;0;1;0;1;1;0;0;0;0;1;0;0;0;1;0;1;0;0;0;0;1;1;0;0;1;0;0;29.2
1;1;0;0;0;0;0;1;1;0;1;1;0;1;1;1;0;0;1;0;0;1;0;0;0;0;1;1;0;0;1;0;0;1;0;0;0;0;1;28.61
1;1;0;0;0;0;0;1;1;0;1;1;0;1;0;1;0;0;0;1;0;1;0;0;1;0;0;1;0;0;0;1;0;1;0;1;0;0;0;28.6233333333333
1;0;1;1;1;0;1;1;1;0;1;1;1;0;1;1;1;0;0;0;0;1;1;0;0;0;0;1;0;1;0;0;0;1;0;1;0;0;0;31.0866666666667
1;0;1;1;1;0;1;1;1;0;1;1;0;1;1;1;0;0;0;1;0;1;0;0;1;0;0;1;0;0;1;0;0;1;0;0;1;0;0;30.7466666666667
1;0;1;0;0;0;0;1;1;1;0;1;0;1;0;1;1;0;0;0;0;1;0;1;0;0;0;1;0;0;1;0;0;1;0;0;0;1;0;29.7166666666667
1;1;0;0;0;0;0;1;1;0;1;1;0;1;1;1;1;0;0;0;0;1;0;0;1;0;0;1;0;0;0;0;1;1;0;0;1;0;0;29.0966666666667
1;0;1;0;0;0;1;1;1;1;0;1;1;0;1;1;0;0;0;1;0;1;0;0;0;0;1;1;1;0;0;0;0;1;1;0;0;0;0;25.2633333333333
1;0;1;1;0;1;1;1;1;0;1;1;0;1;0;1;1;0;0;0;0;1;1;0;0;0;0;1;0;0;0;0;1;1;0;0;1;0;0;28.3233333333333
1;0;1;1;1;0;1;1;1;0;1;1;1;0;1;1;0;0;0;0;1;1;1;0;0;0;0;1;0;0;1;0;0;1;0;1;0;0;0;30.8566666666667
1;0;1;1;1;0;1;1;1;0;1;1;1;0;1;1;0;0;1;0;0;1;0;0;0;1;0;1;0;0;0;1;0;1;0;0;0;0;1;30.9133333333333
1;0;1;1;1;0;1;1;1;0;1;1;1;0;1;1;0;0;0;0;1;1;0;0;1;0;0;1;0;0;1;0;0;1;0;0;1;0;0;30.8866666666667
1;0;1;1;0;1;1;1;1;0;1;1;0;1;0;1;0;0;0;1;0;1;0;0;1;0;0;1;0;0;1;0;0;1;0;1;0;0;0;29.2
1;0;1;1;1;0;0;1;1;1;0;1;1;0;0;1;0;0;0;1;0;1;1;0;0;0;0;1;0;1;0;0;0;1;0;0;0;1;0;8
1;0;1;0;0;0;1;1;1;1;0;1;1;0;1;1;0;0;0;0;1;1;1;0;0;0;0;1;0;0;0;0;1;1;0;0;0;0;1;23.81
1;0;1;1;1;0;1;1;1;0;1;1;1;0;1;1;1;0;0;0;0;1;1;0;0;0;0;1;0;0;1;0;0;1;0;1;0;0;0;30.8233333333333
1;1;0;0;0;0;0;1;1;0;1;1;0;1;0;1;0;1;0;0;0;1;0;0;1;0;0;1;0;0;0;0;1;1;0;1;0;0;0;28.34
1;0;1;1;0;1;1;1;1;0;1;1;0;1;0;1;0;1;0;0;0;1;0;0;0;0;1;1;0;0;1;0;0;1;0;0;0;0;1;29.1466666666667
1;0;1;0;0;0;0;1;1;0;1;1;1;0;0;1;0;0;1;0;0;1;0;0;0;1;0;1;1;0;0;0;0;1;1;0;0;0;0;29.15
1;1;0;0;0;0;0;1;1;0;1;1;0;1;1;1;0;0;0;1;0;1;0;0;1;0;0;1;0;0;0;0;1;1;0;0;0;1;0;28.9533333333333
1;0;1;0;0;0;0;1;1;1;0;1;0;1;0;1;0;0;1;0;0;1;0;0;0;1;0;1;0;0;0;1;0;1;0;1;0;0;0;29.6433333333333
1;0;1;1;0;1;1;1;1;0;1;1;0;1;0;1;0;0;0;1;0;1;1;0;0;0;0;1;0;0;1;0;0;1;1;0;0;0;0;28.62
1;0;1;1;0;1;1;1;1;0;1;1;0;1;0;1;0;0;0;0;1;1;0;0;0;0;1;1;0;1;0;0;0;1;0;1;0;0;0;28.92
1;0;1;0;0;0;1;1;1;1;0;1;1;0;1;1;0;0;0;0;1;1;0;0;1;0;0;1;0;0;0;0;1;1;0;0;0;0;1;24.24
1;1;0;0;0;0;0;1;1;0;1;1;0;1;1;1;0;0;1;0;0;1;1;0;0;0;0;1;1;0;0;0;0;1;0;0;1;0;0;29.11
1;0;1;1;0;1;1;1;1;0;1;1;0;1;0;1;1;0;0;0;0;1;0;0;0;0;1;1;0;1;0;0;0;1;0;0;1;0;0;28.95
1;1;0;0;0;0;0;1;1;0;1;1;0;1;1;1;1;0;0;0;0;1;0;0;1;0;0;1;0;1;0;0;0;1;0;1;0;0;0;28.5333333333333
1;1;0;0;0;0;0;1;1;0;1;1;0;1;0;1;0;0;0;1;0;1;0;0;0;0;1;1;0;0;0;1;0;1;0;0;0;0;1;28.62
1;1;0;0;0;0;0;1;1;0;1;1;0;1;1;1;0;1;0;0;0;1;1;0;0;0;0;1;0;0;0;1;0;1;0;0;0;0;1;28.2266666666667
1;0;1;0;0;0;1;1;1;1;0;1;1;0;1;1;1;0;0;0;0;1;0;1;0;0;0;1;0;0;0;1;0;1;1;0;0;0;0;25.1433333333333
1;0;1;1;1;0;1;1;1;0;1;1;1;0;1;1;0;0;0;1;0;1;1;0;0;0;0;1;0;0;1;0;0;1;0;0;1;0;0;31.0033333333333
1;0;1;0;0;0;1;1;1;1;0;1;1;0;1;1;0;0;0;0;1;1;1;0;0;0;0;1;0;1;0;0;0;1;0;0;0;1;0;25.3966666666667
1;1;0;0;0;0;0;1;1;0;1;1;0;1;1;1;0;0;0;0;1;1;0;1;0;0;0;1;1;0;0;0;0;1;0;0;0;0;1;28.97
1;0;1;0;0;0;0;1;1;1;0;1;0;1;0;1;1;0;0;0;0;1;0;1;0;0;0;1;0;0;0;0;1;1;0;1;0;0;0;28.5233333333333
1;1;0;0;0;0;0;1;1;0;1;1;1;0;1;1;0;0;0;0;1;1;0;0;0;0;1;1;0;0;1;0;0;1;0;0;0;0;1;29.77
1;0;1;0;0;0;1;1;1;1;0;1;1;0;1;1;0;1;0;0;0;1;1;0;0;0;0;1;0;0;1;0;0;1;0;1;0;0;0;25.3766666666667
1;0;1;1;1;0;1;1;1;0;1;1;1;0;1;1;0;0;1;0;0;1;0;0;0;1;0;1;0;0;0;1;0;1;0;1;0;0;0;31
1;1;0;0;0;0;0;1;1;0;1;1;0;1;0;1;0;0;1;0;0;1;0;0;0;0;1;1;1;0;0;0;0;1;0;0;1;0;0;29.1166666666667
1;0;1;1;0;1;1;1;1;0;1;1;0;1;0;1;0;0;0;1;0;1;0;0;0;0;1;1;0;0;0;1;0;1;0;1;0;0;0;28.5866666666667
1;0;1;1;0;1;1;1;1;0;1;1;0;1;0;1;0;0;0;1;0;1;0;0;0;0;1;1;0;1;0;0;0;1;0;0;0;1;0;29.6533333333333
1;0;1;1;0;1;1;1;1;0;1;1;0;1;0;1;0;0;0;0;1;1;0;0;0;0;1;1;0;0;0;0;1;1;1;0;0;0;0;28.62
1;0;1;1;1;0;1;1;1;0;1;1;1;0;1;1;1;0;0;0;0;1;0;0;0;1;0;1;0;0;0;0;1;1;0;0;0;0;1;30.96
1;1;0;0;0;0;0;1;1;0;1;1;1;0;1;1;0;0;1;0;0;1;0;0;1;0;0;1;0;0;1;0;0;1;0;0;0;0;1;30.0966666666667
1;0;1;0;0;0;1;1;1;1;0;1;1;0;1;1;0;0;0;0;1;1;0;0;0;1;0;1;0;0;0;1;0;1;0;0;0;0;1;25.32
1;0;1;1;1;0;1;1;1;0;1;1;1;0;1;1;0;0;0;1;0;1;0;0;0;0;1;1;0;0;1;0;0;1;0;0;1;0;0;31.1633333333333
1;0;1;0;0;0;1;1;1;1;0;1;1;0;1;1;0;1;0;0;0;1;0;1;0;0;0;1;0;1;0;0;0;1;0;1;0;0;0;25.1833333333333
1;0;1;0;0;0;1;1;1;1;0;1;1;0;1;1;0;1;0;0;0;1;0;1;0;0;0;1;0;0;0;0;1;1;0;0;1;0;0;24.0366666666667
1;0;1;0;0;0;1;1;1;1;0;1;1;0;1;1;1;0;0;0;0;1;0;0;0;1;0;1;0;1;0;0;0;1;0;0;0;1;0;24.1566666666667
1;0;1;1;1;0;1;1;1;0;1;1;1;0;1;1;0;0;0;1;0;1;0;0;0;0;1;1;1;0;0;0;0;1;0;0;0;0;1;30.72
1;0;1;1;1;0;0;1;1;1;0;1;1;0;0;1;0;0;1;0;0;1;0;0;0;1;0;1;0;0;1;0;0;1;0;0;0;1;0;8.01
1;0;1;1;1;0;1;1;1;0;1;1;1;0;1;1;0;0;1;0;0;1;0;0;1;0;0;1;0;0;0;1;0;1;0;0;1;0;0;30.9
1;0;1;0;0;0;1;1;1;1;0;1;1;0;1;1;0;0;0;1;0;1;0;0;0;0;1;1;0;0;1;0;0;1;0;0;0;0;1;25.26
1;0;1;1;1;0;1;1;1;0;1;1;1;0;1;1;0;1;0;0;0;1;0;0;0;0;1;1;0;0;1;0;0;1;0;0;0;1;0;30.8666666666667
1;0;1;1;0;1;1;1;1;0;1;1;1;0;0;1;0;0;0;1;0;1;1;0;0;0;0;1;1;0;0;0;0;1;0;1;0;0;0;28.36
1;1;0;1;0;1;1;1;1;0;1;1;0;1;0;1;0;0;0;0;1;1;0;0;0;0;1;1;0;0;0;0;1;1;0;0;0;0;1;28.5666666666667
1;1;0;0;0;0;0;1;1;0;1;1;0;1;1;1;0;1;0;0;0;1;1;0;0;0;0;1;0;0;0;0;1;1;0;0;1;0;0;29.71
1;1;0;0;0;0;0;1;1;0;1;1;1;0;1;1;0;1;0;0;0;1;0;0;0;1;0;1;1;0;0;0;0;1;0;0;0;0;1;30.2466666666667
1;0;1;1;1;0;1;1;1;0;1;1;1;0;1;1;0;1;0;0;0;1;0;1;0;0;0;1;0;1;0;0;0;1;0;0;1;0;0;31.05
1;0;1;0;0;0;0;1;1;0;1;1;0;1;1;1;0;0;0;1;0;1;0;0;0;1;0;1;0;0;0;0;1;1;1;0;0;0;0;28.6533333333333
1;1;0;0;0;0;0;1;1;0;1;1;0;1;1;1;0;1;0;0;0;1;0;0;1;0;0;1;0;0;0;0;1;1;0;1;0;0;0;28.6333333333333
1;1;0;0;0;0;0;1;1;0;1;1;0;1;1;1;0;0;0;1;0;1;0;0;0;0;1;1;0;0;0;0;1;1;0;0;1;0;0;28.97
1;0;1;1;0;1;1;1;1;0;1;1;0;1;0;1;0;0;0;1;0;1;0;0;0;0;1;1;0;1;0;0;0;1;0;0;1;0;0;29.1333333333333
1;0;1;1;0;1;1;1;1;0;1;1;0;1;0;1;1;0;0;0;0;1;0;0;0;0;1;1;0;0;1;0;0;1;0;0;0;0;1;29.1866666666667
1;0;1;0;0;0;0;1;1;0;1;1;1;0;0;1;0;1;0;0;0;1;0;0;0;0;1;1;1;0;0;0;0;1;0;1;0;0;0;30.2533333333333
1;0;1;1;1;0;1;1;1;0;1;1;1;0;1;1;0;0;0;0;1;1;1;0;0;0;0;1;1;0;0;0;0;1;0;0;0;1;0;30.9166666666667
1;0;1;0;0;0;0;1;1;1;0;1;0;1;0;1;1;0;0;0;0;1;0;0;0;1;0;1;1;0;0;0;0;1;0;0;0;0;1;28.6233333333333
1;0;1;0;0;0;1;1;1;1;0;1;1;0;1;1;0;0;1;0;0;1;0;0;0;1;0;1;0;0;1;0;0;1;0;1;0;0;0;25.3666666666667
1;0;1;0;0;0;1;1;1;1;0;1;1;0;1;1;0;0;0;1;0;1;0;0;0;1;0;1;0;1;0;0;0;1;0;0;0;1;0;25.31
1;1;0;0;0;0;0;1;1;0;1;1;0;1;0;1;0;0;0;1;0;1;0;1;0;0;0;1;1;0;0;0;0;1;0;1;0;0;0;28.61
1;0;1;0;0;0;0;1;1;1;0;1;0;1;0;1;0;0;1;0;0;1;0;1;0;0;0;1;1;0;0;0;0;1;1;0;0;0;0;28.64
1;1;0;0;0;0;0;1;1;0;1;1;0;1;1;1;1;0;0;0;0;1;1;0;0;0;0;1;0;0;1;0;0;1;0;1;0;0;0;29.0466666666667
1;0;1;1;1;0;0;1;1;1;0;1;1;0;0;1;0;0;0;0;1;1;0;0;0;1;0;1;1;0;0;0;0;1;0;0;0;1;0;8
1;1;0;0;0;0;0;1;1;0;1;1;0;1;1;1;0;1;0;0;0;1;0;0;1;0;0;1;0;0;0;0;1;1;1;0;0;0;0;29.2333333333333
1;0;1;0;0;0;1;1;1;1;0;1;1;0;1;1;0;0;0;0;1;1;0;0;1;0;0;1;0;0;0;1;0;1;0;1;0;0;0;25.1733333333333
1;0;1;0;0;0;1;1;1;1;0;1;1;0;1;1;0;0;0;1;0;1;0;0;1;0;0;1;0;0;0;1;0;1;0;0;1;0;0;23.9366666666667
1;0;1;0;0;0;1;1;1;1;0;1;1;0;1;1;0;0;0;0;1;1;0;1;0;0;0;1;0;0;1;0;0;1;0;0;0;1;0;24.1933333333333
1;0;1;1;1;0;1;1;1;0;1;1;1;0;1;1;0;0;0;1;0;1;1;0;0;0;0;1;0;0;1;0;0;1;0;1;0;0;0;30.8
1;0;1;0;0;0;1;1;1;1;0;1;1;0;1;1;0;1;0;0;0;1;0;1;0;0;0;1;0;0;1;0;0;1;1;0;0;0;0;24.03
1;1;0;0;0;0;0;1;1;0;1;1;0;1;1;1;1;0;0;0;0;1;0;0;0;1;0;1;0;1;0;0;0;1;0;0;1;0;0;29.14
1;1;0;0;0;0;0;1;1;0;1;1;0;1;1;1;0;0;0;0;1;1;1;0;0;0;0;1;0;0;0;0;1;1;0;0;0;1;0;29.15
1;0;1;0;0;0;1;1;1;1;0;1;1;0;1;1;0;0;1;0;0;1;0;0;0;1;0;1;0;0;0;1;0;1;1;0;0;0;0;26.23
1;0;1;0;0;0;0;1;1;1;0;1;0;1;0;1;0;0;0;0;1;1;0;1;0;0;0;1;0;1;0;0;0;1;1;0;0;0;0;28.54
1;1;0;0;0;0;0;1;1;0;1;1;0;1;1;1;1;0;0;0;0;1;1;0;0;0;0;1;0;0;1;0;0;1;0;0;0;0;1;29.7133333333333
1;0;1;1;0;1;1;1;1;0;1;1;0;1;0;1;0;0;0;0;1;1;0;0;0;1;0;1;1;0;0;0;0;1;0;0;0;1;0;28.6933333333333
1;0;1;0;0;0;1;1;1;1;0;1;1;0;1;1;0;1;0;0;0;1;0;1;0;0;0;1;0;0;0;0;1;1;0;0;0;1;0;24.01
1;0;1;1;0;1;1;1;1;0;1;1;0;1;0;1;0;1;0;0;0;1;0;1;0;0;0;1;1;0;0;0;0;1;0;0;0;0;1;30.0633333333333
1;1;0;0;0;0;0;1;1;0;1;1;0;1;0;1;0;0;0;0;1;1;1;0;0;0;0;1;0;0;1;0;0;1;0;0;1;0;0;29.1066666666667
1;0;1;1;0;1;1;1;1;0;1;1;0;1;0;1;1;0;0;0;0;1;1;0;0;0;0;1;1;0;0;0;0;1;0;0;0;0;1;29.66
1;1;0;0;0;0;0;1;1;0;1;1;0;1;0;1;0;0;1;0;0;1;0;0;1;0;0;1;1;0;0;0;0;1;0;0;0;0;1;28.5133333333333
1;0;1;1;0;1;1;1;1;0;1;1;0;1;0;1;1;0;0;0;0;1;0;1;0;0;0;1;0;0;0;1;0;1;1;0;0;0;0;29.57
1;0;1;0;0;0;0;1;1;0;1;1;0;1;0;1;1;0;0;0;0;1;0;0;0;0;1;1;1;0;0;0;0;1;1;0;0;0;0;28.9333333333333
1;0;1;1;0;1;1;1;1;0;1;1;0;1;0;1;1;0;0;0;0;1;0;0;0;1;0;1;0;0;0;1;0;1;0;0;0;0;1;28.5033333333333
1;0;1;0;0;0;1;1;1;0;1;1;1;0;1;1;0;0;1;0;0;1;0;0;1;0;0;1;0;0;1;0;0;1;0;1;0;0;0;29.6966666666667
1;0;1;1;0;1;1;1;1;0;1;1;0;1;0;1;1;0;0;0;0;1;0;0;0;1;0;1;0;1;0;0;0;1;0;0;1;0;0;28.6066666666667
1;0;1;1;0;1;1;1;1;0;1;1;0;1;0;1;0;0;0;1;0;1;0;0;0;0;1;1;0;0;0;1;0;1;0;0;1;0;0;28.62
1;0;1;0;0;0;1;1;1;1;0;1;1;0;1;1;0;1;0;0;0;1;0;0;1;0;0;1;0;0;0;1;0;1;1;0;0;0;0;24.19
1;1;0;0;0;0;0;1;1;0;1;1;0;1;1;1;1;0;0;0;0;1;0;0;0;1;0;1;0;0;1;0;0;1;0;0;0;0;1;28.5633333333333
1;1;0;0;0;0;0;1;1;0;1;1;0;1;1;1;0;0;1;0;0;1;0;0;0;0;1;1;0;1;0;0;0;1;0;0;0;0;1;28.2666666666667
1;1;0;0;0;0;0;1;1;0;1;1;1;0;1;1;0;0;0;1;0;1;0;1;0;0;0;1;0;0;1;0;0;1;0;1;0;0;0;29.7366666666667
1;0;1;0;0;0;1;1;1;1;0;1;1;0;1;1;1;0;0;0;0;1;0;0;0;1;0;1;0;0;1;0;0;1;1;0;0;0;0;24.0533333333333
1;0;1;0;0;0;1;1;1;1;0;1;1;0;1;1;0;0;0;1;0;1;0;1;0;0;0;1;0;0;1;0;0;1;1;0;0;0;0;26.6266666666667
1;0;1;0;0;0;1;1;1;1;0;1;1;0;1;1;0;0;0;1;0;1;0;0;1;0;0;1;0;0;0;0;1;1;0;0;1;0;0;25.4666666666667
1;0;1;1;1;0;1;1;1;0;1;1;1;0;1;1;0;0;0;0;1;1;0;0;1;0;0;1;0;0;0;1;0;1;0;1;0;0;0;30.7266666666667
1;1;0;0;0;0;0;1;1;0;1;1;0;1;0;1;0;0;0;1;0;1;0;0;0;1;0;1;0;1;0;0;0;1;0;0;0;0;1;29.72
1;0;1;1;1;0;1;1;1;0;1;1;1;0;1;1;0;0;1;0;0;1;0;0;1;0;0;1;1;0;0;0;0;1;1;0;0;0;0;31.04
1;0;1;0;0;0;1;1;1;1;0;1;1;0;1;1;0;1;0;0;0;1;0;0;1;0;0;1;0;0;0;0;1;1;0;0;0;0;1;24.0333333333333
1;0;1;1;1;0;1;1;1;0;1;1;1;0;1;1;0;0;0;0;1;1;1;0;0;0;0;1;0;0;1;0;0;1;1;0;0;0;0;30.92
1;0;1;0;0;0;1;1;1;1;0;1;1;0;1;1;0;0;0;0;1;1;0;1;0;0;0;1;0;0;0;1;0;1;0;0;1;0;0;25.4866666666667
1;0;1;0;0;0;1;1;1;1;0;1;1;0;1;1;0;0;0;0;1;1;1;0;0;0;0;1;0;0;1;0;0;1;0;1;0;0;0;25.3766666666667
1;1;0;0;0;0;0;1;1;0;1;1;0;1;1;1;0;0;1;0;0;1;0;0;0;0;1;1;1;0;0;0;0;1;0;1;0;0;0;28.7533333333333
1;0;1;0;0;0;1;1;1;1;0;1;1;0;1;1;0;0;0;1;0;1;1;0;0;0;0;1;0;0;1;0;0;1;0;0;1;0;0;25.52
1;1;0;0;0;0;0;1;1;0;1;1;1;0;1;1;0;0;0;0;1;1;1;0;0;0;0;1;0;0;1;0;0;1;0;1;0;0;0;28.4533333333333
1;1;0;0;0;0;0;1;1;0;1;1;0;1;1;1;1;0;0;0;0;1;1;0;0;0;0;1;0;0;1;0;0;1;0;0;0;1;0;29.41
1;1;0;0;0;0;0;1;1;0;1;1;0;1;1;1;0;0;1;0;0;1;0;0;0;0;1;1;0;1;0;0;0;1;0;1;0;0;0;28.5
1;0;1;1;0;1;1;1;1;0;1;1;0;1;0;1;0;0;0;1;0;1;0;0;1;0;0;1;0;0;0;1;0;1;1;0;0;0;0;28.6733333333333
1;0;1;1;1;0;1;1;1;0;1;1;1;0;1;1;0;0;1;0;0;1;0;0;0;0;1;1;0;0;0;0;1;1;1;0;0;0;0;30.8933333333333
1;1;0;0;0;0;0;1;1;0;1;1;0;1;1;1;0;0;0;0;1;1;0;0;0;0;1;1;1;0;0;0;0;1;0;0;0;0;1;29.6866666666667
1;1;0;0;0;0;0;1;1;0;1;1;0;1;0;1;0;0;0;0;1;1;1;0;0;0;0;1;1;0;0;0;0;1;1;0;0;0;0;29.14
1;0;1;1;0;1;1;1;1;0;1;1;0;1;0;1;0;0;1;0;0;1;0;1;0;0;0;1;0;0;1;0;0;1;1;0;0;0;0;28.5666666666667
1;0;1;0;0;0;0;1;1;1;0;1;0;1;0;1;0;0;0;0;1;1;0;1;0;0;0;1;1;0;0;0;0;1;1;0;0;0;0;29.0466666666667
1;0;1;1;1;0;1;1;1;0;1;1;1;0;1;1;0;0;1;0;0;1;0;0;0;1;0;1;0;0;0;1;0;1;0;0;0;1;0;31.1333333333333
1;0;1;1;1;0;0;1;1;1;0;1;1;0;0;1;1;0;0;0;0;1;0;0;0;1;0;1;0;1;0;0;0;1;0;0;0;1;0;7.99
1;0;1;0;0;0;1;1;1;1;0;1;1;0;1;1;1;0;0;0;0;1;0;1;0;0;0;1;0;0;0;0;1;1;0;0;1;0;0;26.5466666666667
1;0;1;1;0;1;1;1;1;0;1;1;0;1;0;1;1;0;0;0;0;1;0;0;0;1;0;1;1;0;0;0;0;1;0;1;0;0;0;29.18
1;0;1;0;0;0;1;1;1;1;0;1;1;0;1;1;0;1;0;0;0;1;1;0;0;0;0;1;0;0;1;0;0;1;0;0;0;1;0;25.39
1;0;1;1;0;1;1;1;1;0;1;1;0;1;0;1;1;0;0;0;0;1;0;0;1;0;0;1;0;0;0;1;0;1;0;0;0;0;1;29.0833333333333
1;0;1;1;1;0;1;1;1;0;1;1;1;0;1;1;0;0;0;0;1;1;0;0;1;0;0;1;0;0;1;0;0;1;0;1;0;0;0;31.0533333333333
1;0;1;0;0;0;1;1;1;1;0;1;1;0;1;1;0;0;0;0;1;1;0;0;1;0;0;1;0;0;0;0;1;1;1;0;0;0;0;24.1933333333333
1;0;1;1;0;1;1;1;1;0;1;1;0;1;0;1;0;0;1;0;0;1;0;0;0;1;0;1;0;1;0;0;0;1;0;1;0;0;0;28.9766666666667
1;0;1;0;0;0;1;1;1;1;0;1;1;0;1;1;0;0;0;0;1;1;1;0;0;0;0;1;0;0;0;0;1;1;0;1;0;0;0;26.5366666666667
1;0;1;1;1;0;1;1;1;0;1;1;1;0;1;1;1;0;0;0;0;1;0;0;1;0;0;1;0;0;0;0;1;1;0;1;0;0;0;30.84
1;0;1;0;0;0;0;1;1;0;1;1;1;0;0;1;0;0;1;0;0;1;0;0;1;0;0;1;0;1;0;0;0;1;0;0;1;0;0;29.67
1;0;1;0;0;0;1;1;1;1;0;1;1;0;1;1;0;1;0;0;0;1;0;0;0;0;1;1;0;1;0;0;0;1;0;1;0;0;0;27.1066666666667
1;0;1;1;1;0;1;1;1;0;1;1;1;0;1;1;0;0;1;0;0;1;1;0;0;0;0;1;0;0;0;0;1;1;0;0;1;0;0;30.82
1;1;0;0;0;0;0;1;1;0;1;1;0;1;1;1;0;1;0;0;0;1;0;0;0;0;1;1;1;0;0;0;0;1;0;0;0;0;1;29.0666666666667
1;0;1;0;0;0;1;1;1;1;0;1;1;0;1;1;0;0;0;1;0;1;0;0;1;0;0;1;0;0;0;1;0;1;0;0;0;0;1;24.0466666666667
1;0;1;1;1;0;1;1;1;0;1;1;1;0;1;1;0;0;0;1;0;1;0;0;0;0;1;1;0;1;0;0;0;1;0;0;1;0;0;31.0033333333333
1;0;1;1;0;1;1;1;1;0;1;1;0;1;0;1;0;0;0;0;1;1;0;0;0;0;1;1;0;0;0;1;0;1;0;0;1;0;0;29.18
1;1;0;0;0;0;0;1;1;0;1;1;0;1;1;1;0;0;0;1;0;1;0;1;0;0;0;1;0;0;0;0;1;1;0;0;1;0;0;29.5733333333333
1;1;0;0;0;0;0;1;1;0;1;1;0;1;1;1;0;1;0;0;0;1;0;0;0;1;0;1;0;0;0;1;0;1;0;0;1;0;0;28.3366666666667
1;0;1;0;0;0;0;1;1;1;0;1;0;1;0;1;0;1;0;0;0;1;0;1;0;0;0;1;0;1;0;0;0;1;0;0;1;0;0;28.56
1;0;1;0;0;0;0;1;1;1;0;1;1;0;0;1;1;0;0;0;0;1;0;0;0;1;0;1;0;0;0;1;0;1;1;0;0;0;0;18.5466666666667
1;0;1;0;0;0;1;1;1;1;0;1;1;0;1;1;0;0;0;0;1;1;0;1;0;0;0;1;0;0;0;0;1;1;0;0;1;0;0;25.3466666666667
1;0;1;1;0;1;1;1;1;0;1;1;0;1;0;1;1;0;0;0;0;1;0;0;0;1;0;1;0;0;0;0;1;1;0;1;0;0;0;30.18
1;0;1;0;0;0;0;1;1;0;1;1;1;0;0;1;1;0;0;0;0;1;0;1;0;0;0;1;0;0;1;0;0;1;1;0;0;0;0;29.1166666666667
1;1;0;0;0;0;0;1;1;0;1;1;0;1;1;1;1;0;0;0;0;1;0;0;1;0;0;1;0;1;0;0;0;1;0;0;0;1;0;28.5233333333333
1;0;1;1;0;1;1;1;1;0;1;1;0;1;0;1;0;0;1;0;0;1;0;0;0;1;0;1;0;0;0;0;1;1;0;1;0;0;0;29.78
1;0;1;1;0;1;1;1;1;0;1;1;0;1;0;1;0;1;0;0;0;1;0;0;0;1;0;1;0;0;0;1;0;1;1;0;0;0;0;28.64
1;0;1;1;0;1;1;1;1;0;1;1;0;1;0;1;0;0;0;0;1;1;0;1;0;0;0;1;0;0;0;0;1;1;0;1;0;0;0;30.1166666666667
1;0;1;1;0;1;1;1;1;0;1;1;0;1;0;1;0;1;0;0;0;1;0;0;0;1;0;1;0;0;0;0;1;1;0;0;0;0;1;29.1066666666667
1;0;1;1;1;0;1;1;1;0;1;1;1;0;1;1;0;0;0;1;0;1;0;0;0;0;1;1;0;0;0;1;0;1;0;0;1;0;0;30.9933333333333
1;0;1;0;0;0;0;1;1;0;1;1;1;0;1;1;1;0;0;0;0;1;0;0;0;1;0;1;0;1;0;0;0;1;0;1;0;0;0;28.3333333333333
1;0;1;0;0;0;0;1;1;0;1;1;1;0;1;1;0;0;0;1;0;1;0;1;0;0;0;1;0;1;0;0;0;1;0;0;1;0;0;28.55
1;0;1;1;1;0;0;1;1;1;0;1;1;0;0;1;0;0;1;0;0;1;1;0;0;0;0;1;0;0;0;0;1;1;0;0;0;1;0;7.98
1;0;1;1;0;1;1;1;1;0;1;1;0;1;0;1;0;0;0;0;1;1;0;0;0;0;1;1;0;0;0;1;0;1;1;0;0;0;0;28.6433333333333
1;1;0;0;0;0;0;1;1;0;1;1;0;1;0;1;1;0;0;0;0;1;0;0;1;0;0;1;0;0;0;1;0;1;0;0;0;1;0;28.2
1;0;1;0;0;0;1;1;1;0;1;1;1;0;1;1;0;1;0;0;0;1;0;0;0;1;0;1;0;0;1;0;0;1;1;0;0;0;0;29.1066666666667
1;1;0;0;0;0;0;1;1;0;1;1;0;1;0;1;0;0;0;1;0;1;0;1;0;0;0;1;0;0;0;0;1;1;1;0;0;0;0;30.16
1;0;1;1;1;0;1;1;1;0;1;1;1;0;1;1;0;1;0;0;0;1;1;0;0;0;0;1;0;0;0;0;1;1;0;0;0;1;0;31.25
1;0;1;1;1;0;1;1;1;0;1;1;1;0;1;1;0;0;0;0;1;1;1;0;0;0;0;1;0;0;0;1;0;1;0;0;1;0;0;31.0333333333333
1;1;0;0;0;0;0;1;1;0;1;1;0;1;0;1;0;0;0;1;0;1;0;0;0;0;1;1;1;0;0;0;0;1;0;0;0;0;1;28.79
1;0;1;1;0;1;1;1;1;0;1;1;0;1;0;1;0;1;0;0;0;1;0;0;0;1;0;1;0;0;0;0;1;1;1;0;0;0;0;28.3433333333333
1;1;0;0;0;0;0;1;1;0;1;1;0;1;1;1;1;0;0;0;0;1;0;0;1;0;0;1;0;0;1;0;0;1;0;0;0;0;1;29.5666666666667
1;1;0;0;0;0;0;1;1;0;1;1;0;1;1;1;0;0;1;0;0;1;1;0;0;0;0;1;0;1;0;0;0;1;0;0;1;0;0;28.3166666666667
1;0;1;1;0;1;1;1;1;0;1;1;0;1;0;1;1;0;0;0;0;1;0;0;1;0;0;1;0;1;0;0;0;1;0;0;0;0;1;29.1766666666667
1;0;1;0;0;0;0;1;1;0;1;1;0;1;0;1;0;1;0;0;0;1;0;1;0;0;0;1;1;0;0;0;0;1;0;0;0;0;1;29.02
1;0;1;1;1;0;1;1;1;0;1;1;1;0;1;1;0;0;0;0;1;1;0;0;0;0;1;1;0;0;0;1;0;1;0;0;0;1;0;31.16
1;1;0;1;0;1;1;1;1;0;1;1;0;1;0;1;0;0;1;0;0;1;1;0;0;0;0;1;0;0;0;0;1;1;0;0;0;0;1;28.6333333333333
1;0;1;0;0;0;1;1;1;1;0;1;1;0;1;1;0;0;0;1;0;1;0;1;0;0;0;1;1;0;0;0;0;1;0;0;0;1;0;25.4333333333333
1;0;1;0;0;0;1;1;1;1;0;1;1;0;1;1;0;0;0;0;1;1;1;0;0;0;0;1;0;1;0;0;0;1;0;1;0;0;0;24.0933333333333
1;1;0;1;0;1;1;1;1;0;1;1;0;1;0;1;0;0;1;0;0;1;0;0;0;0;1;1;0;1;0;0;0;1;0;0;0;0;1;28.6266666666667
1;1;0;0;0;0;0;1;1;0;1;1;0;1;1;1;0;1;0;0;0;1;1;0;0;0;0;1;1;0;0;0;0;1;0;0;0;0;1;28.66
1;0;1;1;0;1;1;1;1;0;1;1;0;1;0;1;1;0;0;0;0;1;0;0;0;1;0;1;1;0;0;0;0;1;0;0;1;0;0;29.19
1;0;1;0;0;0;0;1;1;0;1;1;1;0;0;1;1;0;0;0;0;1;0;0;1;0;0;1;0;1;0;0;0;1;0;0;0;0;1;28.59
1;0;1;0;0;0;0;1;1;0;1;1;1;0;0;1;0;0;1;0;0;1;0;1;0;0;0;1;0;0;1;0;0;1;0;0;0;0;1;29.13
1;1;0;0;0;0;0;1;1;0;1;1;0;1;1;1;1;0;0;0;0;1;0;0;0;0;1;1;0;1;0;0;0;1;0;0;0;1;0;29.0466666666667
1;0;1;0;0;0;1;1;1;1;0;1;1;0;1;1;0;0;0;0;1;1;0;0;0;0;1;1;1;0;0;0;0;1;0;1;0;0;0;24.1
1;0;1;1;0;1;1;1;1;0;1;1;0;1;0;1;0;1;0;0;0;1;0;0;0;1;0;1;0;0;1;0;0;1;0;0;0;0;1;28.51
1;0;1;1;1;0;1;1;1;0;1;1;1;0;1;1;0;0;1;0;0;1;0;1;0;0;0;1;0;1;0;0;0;1;0;1;0;0;0;30.9966666666667
1;0;1;1;0;1;1;1;1;0;1;1;0;1;0;1;0;0;0;1;0;1;0;0;1;0;0;1;0;1;0;0;0;1;1;0;0;0;0;29.7233333333333
1;1;0;1;0;1;1;1;1;0;1;1;0;1;0;1;0;1;0;0;0;1;0;0;0;1;0;1;0;1;0;0;0;1;0;0;0;0;1;29.7666666666667
1;0;1;1;0;1;1;1;1;0;1;1;0;1;0;1;0;0;0;1;0;1;0;0;0;0;1;1;1;0;0;0;0;1;0;0;0;1;0;28.6333333333333
1;1;0;0;0;0;0;1;1;1;0;1;1;0;0;1;0;0;0;1;0;1;0;0;0;1;0;1;0;0;0;1;0;1;0;0;1;0;0;10.5166666666667
1;1;0;0;0;0;0;1;1;0;1;1;0;1;0;1;0;0;1;0;0;1;1;0;0;0;0;1;0;0;0;1;0;1;1;0;0;0;0;29.15
1;1;0;0;0;0;0;1;1;1;0;1;1;0;0;1;0;0;0;0;1;1;0;0;1;0;0;1;0;0;1;0;0;1;1;0;0;0;0;11.14
1;0;1;1;0;1;1;1;1;0;1;1;0;1;0;1;0;0;0;1;0;1;0;0;1;0;0;1;0;0;0;0;1;1;0;0;0;1;0;29.14
1;0;1;1;0;1;1;1;1;0;1;1;0;1;0;1;0;1;0;0;0;1;0;0;0;0;1;1;0;1;0;0;0;1;0;0;1;0;0;29.0033333333333
1;0;1;1;1;0;1;1;1;0;1;1;1;0;1;1;0;0;0;0;1;1;1;0;0;0;0;1;1;0;0;0;0;1;0;0;1;0;0;30.9766666666667
1;0;1;0;0;0;0;1;1;0;1;1;1;0;0;1;1;0;0;0;0;1;0;0;0;0;1;1;0;1;0;0;0;1;0;0;1;0;0;29.3566666666667
1;0;1;0;0;0;0;1;1;1;0;1;1;0;0;1;0;0;1;0;0;1;0;1;0;0;0;1;0;1;0;0;0;1;1;0;0;0;0;18.69
1;0;1;0;0;0;0;1;1;1;0;1;1;0;0;1;0;0;1;0;0;1;0;1;0;0;0;1;0;0;0;1;0;1;0;0;0;0;1;7.03333333333333
1;1;0;0;0;0;0;1;1;0;1;1;0;1;1;1;0;0;0;0;1;1;1;0;0;0;0;1;0;0;0;1;0;1;0;0;1;0;0;28.8
1;0;1;0;0;0;0;1;1;1;0;1;0;1;0;1;0;0;0;1;0;1;0;1;0;0;0;1;0;0;0;0;1;1;1;0;0;0;0;28.4666666666667
1;0;1;1;1;0;0;1;1;1;0;1;1;0;0;1;0;0;1;0;0;1;1;0;0;0;0;1;0;0;1;0;0;1;0;0;0;1;0;7.98666666666667
1;1;0;0;0;0;0;1;1;0;1;1;0;1;1;1;0;0;0;0;1;1;0;1;0;0;0;1;0;0;0;1;0;1;1;0;0;0;0;28.6933333333333
1;0;1;1;0;1;1;1;1;0;1;1;0;1;0;1;0;0;1;0;0;1;0;0;0;1;0;1;0;1;0;0;0;1;0;0;0;0;1;29.1433333333333
1;0;1;0;0;0;0;1;1;1;0;1;0;1;0;1;0;0;1;0;0;1;0;1;0;0;0;1;0;0;1;0;0;1;0;0;0;0;1;28.57
1;0;1;1;0;1;1;1;1;0;1;1;0;1;0;1;0;0;0;0;1;1;0;0;0;1;0;1;0;0;0;1;0;1;0;0;0;0;1;28.6366666666667
1;1;0;0;0;0;0;1;1;0;1;1;0;1;1;1;0;0;1;0;0;1;0;0;0;1;0;1;0;0;1;0;0;1;1;0;0;0;0;29.6533333333333
1;0;1;1;1;0;1;1;1;0;1;1;1;0;1;1;0;0;1;0;0;1;0;0;0;1;0;1;0;0;0;0;1;1;1;0;0;0;0;30.7233333333333
1;0;1;1;0;1;1;1;1;0;1;1;0;1;0;1;1;0;0;0;0;1;0;0;1;0;0;1;0;0;0;0;1;1;0;0;0;0;1;29.14
1;0;1;1;1;0;1;1;1;0;1;1;1;0;1;1;0;0;1;0;0;1;0;0;1;0;0;1;0;1;0;0;0;1;0;0;1;0;0;30.9
1;0;1;0;0;0;1;1;1;1;0;1;1;0;1;1;0;1;0;0;0;1;1;0;0;0;0;1;0;1;0;0;0;1;0;0;0;1;0;25.2
1;0;1;0;0;0;0;1;1;1;0;1;1;0;0;1;0;0;0;0;1;1;0;1;0;0;0;1;0;0;0;1;0;1;0;1;0;0;0;5.63
1;0;1;0;0;0;0;1;1;0;1;1;0;1;0;1;1;0;0;0;0;1;0;0;0;0;1;1;1;0;0;0;0;1;0;0;0;1;0;29.1233333333333
1;0;1;1;0;1;1;1;1;0;1;1;0;1;0;1;0;0;1;0;0;1;0;1;0;0;0;1;0;1;0;0;0;1;0;0;0;1;0;28.28
1;0;1;1;1;0;1;1;1;0;1;1;1;0;1;1;0;0;0;1;0;1;0;0;0;1;0;1;0;1;0;0;0;1;0;0;0;1;0;30.8966666666667
1;0;1;1;1;0;1;1;1;0;1;1;1;0;1;1;0;0;1;0;0;1;0;0;1;0;0;1;0;0;0;1;0;1;0;1;0;0;0;31.0866666666667
1;1;0;0;0;0;0;1;1;0;1;1;0;1;1;1;0;0;0;0;1;1;0;0;1;0;0;1;0;0;1;0;0;1;0;1;0;0;0;28.51
1;0;1;0;0;0;0;1;1;1;0;1;0;1;0;1;1;0;0;0;0;1;0;1;0;0;0;1;0;0;0;0;1;1;1;0;0;0;0;29.0566666666667
1;1;0;0;0;0;0;1;1;0;1;1;0;1;1;1;1;0;0;0;0;1;0;1;0;0;0;1;1;0;0;0;0;1;0;0;0;1;0;29.6533333333333
1;0;1;1;1;0;1;1;1;0;1;1;1;0;1;1;0;0;0;0;1;1;1;0;0;0;0;1;0;0;0;0;1;1;0;1;0;0;0;30.6933333333333
1;1;0;0;0;0;0;1;1;0;1;1;0;1;1;1;0;1;0;0;0;1;0;0;0;0;1;1;1;0;0;0;0;1;0;0;1;0;0;28.5866666666667
1;1;0;0;0;0;0;1;1;0;1;1;0;1;1;1;1;0;0;0;0;1;0;0;1;0;0;1;0;0;1;0;0;1;0;0;0;1;0;28.9633333333333
1;1;0;0;0;0;0;1;1;0;1;1;0;1;0;1;1;0;0;0;0;1;0;0;0;0;1;1;1;0;0;0;0;1;0;1;0;0;0;29.2033333333333
1;1;0;0;0;0;0;1;1;0;1;1;0;1;1;1;1;0;0;0;0;1;0;0;0;0;1;1;0;0;0;1;0;1;0;1;0;0;0;28.58
1;0;1;0;0;0;0;1;1;0;1;1;1;0;0;1;0;0;1;0;0;1;0;0;0;1;0;1;0;1;0;0;0;1;0;1;0;0;0;30.1933333333333
1;0;1;1;0;1;1;1;1;0;1;1;0;1;0;1;1;0;0;0;0;1;0;1;0;0;0;1;0;0;1;0;0;1;1;0;0;0;0;29.73
1;0;1;0;0;0;1;1;1;1;0;1;1;0;1;1;0;0;1;0;0;1;0;0;1;0;0;1;0;1;0;0;0;1;0;0;1;0;0;26.5566666666667
1;1;0;0;0;0;0;1;1;0;1;1;1;0;1;1;0;0;0;0;1;1;1;0;0;0;0;1;0;0;0;1;0;1;0;1;0;0;0;29.1233333333333
1;0;1;0;0;0;0;1;1;0;1;1;1;0;0;1;0;0;1;0;0;1;0;0;0;1;0;1;0;1;0;0;0;1;0;0;1;0;0;29.2166666666667
1;0;1;1;0;1;1;1;1;0;1;1;0;1;0;1;1;0;0;0;0;1;0;0;0;0;1;1;0;0;0;1;0;1;0;0;1;0;0;28.96
1;0;1;1;0;1;1;1;1;0;1;1;0;1;0;1;0;0;0;1;0;1;0;0;1;0;0;1;0;1;0;0;0;1;0;1;0;0;0;29.2366666666667
1;0;1;1;0;1;1;1;1;0;1;1;0;1;0;1;0;1;0;0;0;1;1;0;0;0;0;1;0;0;0;1;0;1;0;0;1;0;0;29.6166666666667
1;0;1;1;0;1;0;1;1;1;0;1;1;0;0;1;0;1;0;0;0;1;0;0;0;0;1;1;0;1;0;0;0;1;0;0;0;0;1;7.05
1;1;0;0;0;0;0;1;1;0;1;1;0;1;1;1;0;0;1;0;0;1;0;0;0;1;0;1;0;0;0;1;0;1;1;0;0;0;0;29.71
1;0;1;1;0;1;1;1;1;0;1;1;1;0;1;1;0;0;0;0;1;1;0;0;0;1;0;1;1;0;0;0;0;1;0;0;1;0;0;28.3433333333333
1;1;0;1;0;1;1;1;1;0;1;1;1;0;0;1;1;0;0;0;0;1;0;0;0;0;1;1;0;0;0;0;1;1;0;0;0;1;0;29.5733333333333
1;0;1;0;0;0;0;1;1;0;1;1;0;1;0;1;0;0;0;0;1;1;0;1;0;0;0;1;0;0;0;1;0;1;1;0;0;0;0;29.7833333333333
1;0;1;1;1;0;1;1;1;0;1;1;1;0;1;1;0;0;1;0;0;1;0;0;0;0;1;1;0;0;1;0;0;1;0;0;0;0;1;31.09
1;1;0;0;0;0;0;1;1;0;1;1;0;1;0;1;1;0;0;0;0;1;0;0;1;0;0;1;1;0;0;0;0;1;0;1;0;0;0;28.62
1;1;0;0;0;0;0;1;1;0;1;1;0;1;1;1;0;0;0;0;1;1;0;1;0;0;0;1;0;1;0;0;0;1;0;0;1;0;0;28.3966666666667
1;1;0;0;0;0;0;1;1;0;1;1;1;0;1;1;0;0;0;0;1;1;0;0;0;0;1;1;0;1;0;0;0;1;0;0;0;1;0;30.09
1;0;1;1;0;1;1;1;1;0;1;1;0;1;0;1;0;0;0;1;0;1;0;1;0;0;0;1;0;0;1;0;0;1;1;0;0;0;0;29.2433333333333
1;0;1;0;0;0;0;1;1;1;0;1;0;1;0;1;0;1;0;0;0;1;0;1;0;0;0;1;0;0;0;1;0;1;0;0;1;0;0;29.12
1;0;1;1;0;1;1;1;1;0;1;1;0;1;0;1;0;0;0;0;1;1;0;0;1;0;0;1;0;0;0;1;0;1;0;0;1;0;0;29.6766666666667
1;0;1;1;0;1;1;1;1;0;1;1;0;1;0;1;0;1;0;0;0;1;0;0;0;1;0;1;0;0;1;0;0;1;0;1;0;0;0;29.4966666666667
1;1;0;0;0;0;0;1;1;0;1;1;0;1;0;1;0;0;0;1;0;1;0;0;0;0;1;1;0;0;0;1;0;1;1;0;0;0;0;29.2
1;1;0;0;0;0;0;1;1;0;1;1;1;0;1;1;0;1;0;0;0;1;1;0;0;0;0;1;0;0;0;1;0;1;0;0;0;0;1;28.66
1;1;0;0;0;0;0;1;1;0;1;1;0;1;1;1;0;0;0;0;1;1;0;1;0;0;0;1;0;1;0;0;0;1;0;0;0;0;1;28.6533333333333
1;1;0;0;0;0;0;1;1;0;1;1;0;1;1;1;0;0;0;0;1;1;1;0;0;0;0;1;0;0;1;0;0;1;0;0;0;0;1;29.1133333333333
1;0;1;0;0;0;0;1;1;0;1;1;1;0;0;1;0;0;1;0;0;1;0;0;0;0;1;1;0;0;0;1;0;1;0;1;0;0;0;29.64
1;0;1;1;1;0;1;1;1;0;1;1;1;0;1;1;0;1;0;0;0;1;0;1;0;0;0;1;0;1;0;0;0;1;0;0;0;1;0;30.7033333333333
1;0;1;0;0;0;1;1;1;1;0;1;1;0;1;1;0;0;0;0;1;1;0;0;0;1;0;1;0;0;0;0;1;1;0;0;0;0;1;23.9966666666667
1;1;0;0;0;0;0;1;1;0;1;1;1;0;1;1;0;0;0;1;0;1;0;0;1;0;0;1;0;1;0;0;0;1;0;0;1;0;0;28.3233333333333
1;0;1;1;1;0;1;1;1;0;1;1;1;0;1;1;0;0;0;0;1;1;0;0;1;0;0;1;1;0;0;0;0;1;0;0;1;0;0;30.9233333333333
1;0;1;1;0;1;1;1;1;0;1;1;0;1;0;1;0;0;0;1;0;1;0;1;0;0;0;1;0;0;0;0;1;1;0;0;0;0;1;29.52
1;1;0;0;0;0;0;1;1;0;1;1;0;1;0;1;0;0;0;0;1;1;0;0;0;1;0;1;1;0;0;0;0;1;0;0;0;1;0;28.34
1;0;1;0;0;0;1;1;1;1;0;1;1;0;1;1;0;0;0;0;1;1;0;0;0;1;0;1;0;0;1;0;0;1;0;1;0;0;0;24.0533333333333
1;1;0;0;0;0;0;1;1;0;1;1;0;1;0;1;0;1;0;0;0;1;0;0;0;0;1;1;0;0;1;0;0;1;0;0;0;1;0;28.59
1;0;1;0;0;0;1;1;1;1;0;1;1;0;1;1;0;0;1;0;0;1;0;0;0;0;1;1;1;0;0;0;0;1;0;0;0;1;0;25.45
1;0;1;1;0;1;1;1;1;0;1;1;0;1;0;1;1;0;0;0;0;1;0;0;0;1;0;1;0;0;1;0;0;1;0;0;0;0;1;28.52
1;0;1;1;0;1;1;1;1;0;1;1;1;0;1;1;0;1;0;0;0;1;0;0;1;0;0;1;1;0;0;0;0;1;0;0;1;0;0;28.5533333333333
1;0;1;0;0;0;0;1;1;0;1;1;1;0;0;1;0;0;1;0;0;1;0;0;0;0;1;1;0;0;0;1;0;1;0;0;0;0;1;29.01
1;0;1;1;0;1;1;1;1;0;1;1;0;1;0;1;0;0;0;0;1;1;0;0;0;0;1;1;0;0;0;0;1;1;0;0;0;1;0;29.1866666666667
1;0;1;1;1;0;1;1;1;0;1;1;1;0;0;1;0;0;1;0;0;1;1;0;0;0;0;1;0;0;0;1;0;1;0;0;0;1;0;30.7533333333333
1;0;1;1;0;1;1;1;1;0;1;1;0;1;0;1;0;0;0;1;0;1;0;0;0;1;0;1;0;0;1;0;0;1;1;0;0;0;0;28.6766666666667
1;1;0;0;0;0;0;1;1;0;1;1;0;1;1;1;0;0;1;0;0;1;0;0;0;1;0;1;0;0;0;1;0;1;0;1;0;0;0;29.1333333333333
1;1;0;0;0;0;0;1;1;0;1;1;0;1;0;1;0;0;1;0;0;1;0;0;0;1;0;1;0;0;0;1;0;1;0;0;1;0;0;29.1133333333333
1;1;0;0;0;0;0;1;1;0;1;1;0;1;1;1;0;0;0;1;0;1;0;0;0;1;0;1;1;0;0;0;0;1;0;0;1;0;0;28.5566666666667
1;0;1;1;0;1;1;1;1;0;1;1;0;1;0;1;1;0;0;0;0;1;1;0;0;0;0;1;0;0;0;1;0;1;1;0;0;0;0;29.0866666666667
1;0;1;1;1;0;1;1;1;0;1;1;1;0;1;1;0;0;0;1;0;1;1;0;0;0;0;1;0;0;1;0;0;1;0;0;0;1;0;30.9133333333333
1;0;1;0;0;0;1;1;1;1;0;1;1;0;1;1;0;0;0;1;0;1;0;1;0;0;0;1;0;0;1;0;0;1;0;0;1;0;0;24.0233333333333
1;0;1;0;0;0;0;1;1;1;0;1;1;0;0;1;1;0;0;0;0;1;0;1;0;0;0;1;0;0;0;1;0;1;1;0;0;0;0;18.8966666666667
1;1;0;0;0;0;0;1;1;0;1;1;0;1;1;1;0;0;0;0;1;1;0;0;1;0;0;1;1;0;0;0;0;1;1;0;0;0;0;29.1333333333333
1;0;1;1;1;0;1;1;1;0;1;1;1;0;1;1;0;0;1;0;0;1;0;0;0;0;1;1;0;0;0;0;1;1;0;0;0;0;1;30.6233333333333
1;1;0;0;0;0;0;1;1;0;1;1;0;1;1;1;0;0;0;0;1;1;0;1;0;0;0;1;0;0;1;0;0;1;0;1;0;0;0;29.09
1;0;1;1;0;1;1;1;1;0;1;1;0;1;0;1;0;0;0;1;0;1;0;1;0;0;0;1;0;0;0;1;0;1;0;0;0;1;0;29.1533333333333
1;1;0;0;0;0;0;1;1;0;1;1;0;1;0;1;1;0;0;0;0;1;0;0;0;1;0;1;0;1;0;0;0;1;1;0;0;0;0;28.6433333333333
1;1;0;1;0;1;1;1;1;0;1;1;0;1;0;1;0;0;0;1;0;1;0;1;0;0;0;1;0;0;0;1;0;1;0;0;0;0;1;28.63
1;1;0;0;0;0;0;1;1;0;1;1;0;1;1;1;0;0;0;1;0;1;1;0;0;0;0;1;1;0;0;0;0;1;0;1;0;0;0;28.3533333333333
1;1;0;1;0;1;1;1;1;0;1;1;0;1;0;1;0;0;0;0;1;1;1;0;0;0;0;1;0;0;0;1;0;1;0;0;0;0;1;29.03
1;0;1;0;0;0;0;1;1;0;1;1;1;0;0;1;1;0;0;0;0;1;0;0;0;0;1;1;0;0;0;0;1;1;0;0;1;0;0;28.57
1;0;1;1;1;0;1;1;1;0;1;1;1;0;1;1;0;0;1;0;0;1;0;1;0;0;0;1;0;0;0;0;1;1;0;0;1;0;0;30.5966666666667
1;1;0;0;0;0;0;1;1;0;1;1;1;0;1;1;0;0;0;1;0;1;0;0;0;1;0;1;1;0;0;0;0;1;0;1;0;0;0;28.6533333333333
1;0;1;0;0;0;0;1;1;0;1;1;1;0;0;1;0;0;1;0;0;1;1;0;0;0;0;1;1;0;0;0;0;1;1;0;0;0;0;29.1333333333333
1;0;1;0;0;0;0;1;1;1;0;1;0;1;0;1;1;0;0;0;0;1;0;0;1;0;0;1;0;0;0;1;0;1;1;0;0;0;0;28.53
1;1;0;0;0;0;0;1;1;0;1;1;0;1;1;1;0;0;0;1;0;1;0;0;0;1;0;1;0;1;0;0;0;1;0;1;0;0;0;29.19
1;1;0;0;0;0;0;1;1;0;1;1;1;0;1;1;0;0;0;1;0;1;0;0;0;0;1;1;0;0;0;1;0;1;0;0;0;0;1;29.5966666666667
1;0;1;0;0;0;0;1;1;1;0;1;0;1;0;1;1;0;0;0;0;1;0;0;1;0;0;1;0;1;0;0;0;1;1;0;0;0;0;29.1233333333333
1;0;1;0;0;0;1;1;1;1;0;1;1;0;1;1;0;0;0;0;1;1;0;0;0;0;1;1;0;0;1;0;0;1;1;0;0;0;0;25.2933333333333
1;0;1;1;1;0;1;1;1;0;1;1;1;0;1;1;1;0;0;0;0;1;1;0;0;0;0;1;0;0;1;0;0;1;0;0;0;1;0;31.0233333333333
1;1;0;0;0;0;0;1;1;0;1;1;0;1;1;1;0;0;0;0;1;1;1;0;0;0;0;1;0;0;0;0;1;1;0;0;0;0;1;29.1433333333333
1;1;0;0;0;0;0;1;1;0;1;1;0;1;0;1;0;0;0;0;1;1;0;0;0;1;0;1;0;0;0;1;0;1;0;1;0;0;0;29.0733333333333
1;1;0;0;0;0;0;1;1;0;1;1;1;0;1;1;0;0;1;0;0;1;1;0;0;0;0;1;0;0;0;0;1;1;0;0;0;0;1;28.78
1;1;0;0;0;0;0;1;1;0;1;1;0;1;1;1;1;0;0;0;0;1;0;0;0;0;1;1;0;0;1;0;0;1;0;0;1;0;0;28.6066666666667
1;0;1;1;1;0;0;1;1;1;0;1;1;0;0;1;0;0;0;1;0;1;0;0;0;1;0;1;0;1;0;0;0;1;0;0;0;1;0;7.99
1;1;0;1;0;1;1;1;1;0;1;1;0;1;0;1;0;0;1;0;0;1;0;0;0;0;1;1;1;0;0;0;0;1;0;0;0;1;0;30.0833333333333
1;1;0;0;0;0;0;1;1;0;1;1;0;1;1;1;1;0;0;0;0;1;0;0;0;0;1;1;0;1;0;0;0;1;1;0;0;0;0;29.2266666666667
1;0;1;1;1;0;1;1;1;0;1;1;1;0;1;1;0;0;1;0;0;1;0;0;0;0;1;1;0;1;0;0;0;1;0;0;0;1;0;31.1
1;0;1;0;0;0;1;1;1;1;0;1;1;0;1;1;0;0;0;0;1;1;0;0;1;0;0;1;0;0;0;0;1;1;0;0;0;1;0;23.9233333333333
1;0;1;0;0;0;0;1;1;1;0;1;0;1;0;1;0;0;0;0;1;1;0;1;0;0;0;1;0;1;0;0;0;1;0;1;0;0;0;28.8166666666667
1;1;0;0;0;0;0;1;1;0;1;1;0;1;1;1;1;0;0;0;0;1;0;0;1;0;0;1;0;0;0;1;0;1;1;0;0;0;0;28.6366666666667
1;0;1;0;0;0;1;1;1;1;0;1;1;0;1;1;1;0;0;0;0;1;0;1;0;0;0;1;0;1;0;0;0;1;0;0;0;1;0;23.9333333333333
1;0;1;0;0;0;1;1;1;1;0;1;1;0;1;1;1;0;0;0;0;1;0;1;0;0;0;1;0;0;1;0;0;1;0;0;0;1;0;24.07
1;0;1;1;1;0;1;1;1;0;1;1;1;0;1;1;0;0;0;0;1;1;0;0;1;0;0;1;0;0;0;0;1;1;0;0;0;1;0;30.6666666666667
1;1;0;0;0;0;0;1;1;0;1;1;0;1;1;1;0;1;0;0;0;1;0;0;0;1;0;1;0;0;1;0;0;1;0;0;0;0;1;28.6133333333333
1;0;1;1;1;0;1;1;1;0;1;1;1;0;1;1;0;0;0;1;0;1;1;0;0;0;0;1;0;0;1;0;0;1;1;0;0;0;0;31.1033333333333
1;1;0;0;0;0;0;1;1;0;1;1;0;1;1;1;0;0;1;0;0;1;1;0;0;0;0;1;0;0;0;1;0;1;1;0;0;0;0;29.0033333333333
1;0;1;1;1;0;1;1;1;0;1;1;1;0;1;1;1;0;0;0;0;1;0;0;0;1;0;1;0;0;0;1;0;1;1;0;0;0;0;31.4433333333333
1;0;1;0;0;0;0;1;1;1;0;1;0;1;0;1;1;0;0;0;0;1;0;0;1;0;0;1;0;1;0;0;0;1;0;0;0;0;1;28.56
1;0;1;1;0;1;1;1;1;0;1;1;0;1;0;1;0;0;0;1;0;1;0;0;1;0;0;1;0;0;0;0;1;1;0;0;0;0;1;28.6533333333333
1;1;0;1;0;1;1;1;1;0;1;1;1;0;0;1;0;1;0;0;0;1;1;0;0;0;0;1;1;0;0;0;0;1;0;1;0;0;0;29.2466666666667
1;0;1;0;0;0;0;1;1;0;1;1;1;0;0;1;0;0;1;0;0;1;0;0;1;0;0;1;0;1;0;0;0;1;0;0;0;1;0;28.4866666666667
1;0;1;1;0;1;1;1;1;0;1;1;0;1;0;1;0;1;0;0;0;1;1;0;0;0;0;1;0;0;1;0;0;1;0;1;0;0;0;28.6233333333333
1;0;1;1;1;0;1;1;1;0;1;1;1;0;1;1;0;0;0;1;0;1;1;0;0;0;0;1;0;0;0;1;0;1;1;0;0;0;0;31.0166666666667
1;0;1;1;1;0;1;1;1;0;1;1;1;0;1;1;0;0;0;1;0;1;1;0;0;0;0;1;1;0;0;0;0;1;0;0;1;0;0;31.1133333333333
1;0;1;1;1;0;1;1;1;0;1;1;1;0;1;1;0;0;0;1;0;1;0;0;0;1;0;1;0;0;0;1;0;1;0;0;0;0;1;30.89
1;0;1;1;1;0;1;1;1;0;1;1;1;0;1;1;1;0;0;0;0;1;0;0;0;1;0;1;0;1;0;0;0;1;0;1;0;0;0;31.1133333333333
1;1;0;0;0;0;0;1;1;0;1;1;0;1;1;1;0;0;1;0;0;1;0;0;1;0;0;1;1;0;0;0;0;1;0;0;0;0;1;28.3166666666667
1;0;1;1;0;1;1;1;1;0;1;1;0;1;0;1;1;0;0;0;0;1;0;0;0;1;0;1;0;0;0;1;0;1;0;0;1;0;0;29.18
1;0;1;1;1;0;1;1;1;0;1;1;1;0;1;1;0;1;0;0;0;1;0;0;1;0;0;1;0;1;0;0;0;1;0;0;1;0;0;31.0866666666667
1;1;0;0;0;0;0;1;1;0;1;1;0;1;0;1;1;0;0;0;0;1;1;0;0;0;0;1;1;0;0;0;0;1;0;1;0;0;0;28.5433333333333
1;0;1;1;0;1;1;1;1;0;1;1;0;1;0;1;0;0;1;0;0;1;0;0;1;0;0;1;0;1;0;0;0;1;0;0;0;1;0;28.2033333333333
1;0;1;1;1;0;1;1;1;0;1;1;1;0;1;1;0;0;1;0;0;1;0;0;0;1;0;1;0;1;0;0;0;1;0;0;1;0;0;30.9633333333333
1;0;1;0;0;0;0;1;1;1;0;1;1;0;0;1;0;0;0;1;0;1;0;0;0;0;1;1;0;1;0;0;0;1;0;0;1;0;0;4.46
1;0;1;1;1;0;1;1;1;0;1;1;1;0;1;1;0;0;1;0;0;1;1;0;0;0;0;1;0;0;0;1;0;1;0;0;0;0;1;30.9
1;0;1;1;0;1;1;1;1;0;1;1;0;1;0;1;0;0;1;0;0;1;1;0;0;0;0;1;1;0;0;0;0;1;0;1;0;0;0;28.6266666666667
1;0;1;1;0;1;1;1;1;0;1;1;0;1;0;1;1;0;0;0;0;1;0;0;1;0;0;1;1;0;0;0;0;1;0;0;0;0;1;29.78
1;0;1;0;0;0;0;1;1;1;0;1;0;1;0;1;1;0;0;0;0;1;0;0;0;0;1;1;0;0;0;0;1;1;1;0;0;0;0;29.1733333333333
1;1;0;0;0;0;0;1;1;0;1;1;0;1;0;1;0;0;0;1;0;1;0;0;0;1;0;1;0;0;0;1;0;1;1;0;0;0;0;28.5433333333333
1;0;1;0;0;0;1;1;1;1;0;1;1;0;1;1;0;1;0;0;0;1;1;0;0;0;0;1;0;0;0;0;1;1;1;0;0;0;0;25.35
1;0;1;1;1;0;0;1;1;1;0;1;1;0;0;1;0;1;0;0;0;1;0;0;1;0;0;1;0;0;1;0;0;1;0;0;0;1;0;8.01333333333333
1;0;1;1;0;1;1;1;1;0;1;1;0;1;0;1;0;1;0;0;0;1;0;0;1;0;0;1;0;1;0;0;0;1;1;0;0;0;0;29.2233333333333
1;0;1;1;0;1;1;1;1;0;1;1;0;1;0;1;0;0;0;0;1;1;0;0;0;1;0;1;1;0;0;0;0;1;0;0;0;0;1;29.15
1;1;0;0;0;0;0;1;1;0;1;1;0;1;1;1;1;0;0;0;0;1;0;0;0;0;1;1;0;0;1;0;0;1;1;0;0;0;0;30.3066666666667
1;1;0;0;0;0;0;1;1;0;1;1;0;1;1;1;1;0;0;0;0;1;0;0;1;0;0;1;0;0;0;0;1;1;0;0;0;1;0;28.96
1;1;0;0;0;0;0;1;1;0;1;1;0;1;1;1;0;0;0;0;1;1;0;0;0;1;0;1;0;1;0;0;0;1;0;0;0;0;1;28.5933333333333
1;0;1;1;0;1;1;1;1;0;1;1;0;1;0;1;1;0;0;0;0;1;0;0;0;1;0;1;1;0;0;0;0;1;0;0;0;0;1;29.2333333333333
1;1;0;0;0;0;0;1;1;0;1;1;0;1;1;1;0;0;0;0;1;1;0;1;0;0;0;1;0;0;0;0;1;1;1;0;0;0;0;29.1666666666667
1;1;0;0;0;0;0;1;1;0;1;1;0;1;1;1;1;0;0;0;0;1;0;1;0;0;0;1;0;0;1;0;0;1;1;0;0;0;0;28.59
1;0;1;0;0;0;0;1;1;0;1;1;0;1;0;1;1;0;0;0;0;1;0;0;1;0;0;1;1;0;0;0;0;1;0;0;1;0;0;28.6266666666667
1;1;0;0;0;0;0;1;1;0;1;1;1;0;1;1;0;0;1;0;0;1;1;0;0;0;0;1;0;0;0;1;0;1;0;0;0;1;0;28.4266666666667
1;0;1;1;0;1;1;1;1;0;1;1;0;1;0;1;0;0;0;1;0;1;0;0;0;0;1;1;1;0;0;0;0;1;0;1;0;0;0;29.4833333333333
1;0;1;1;0;1;1;1;1;0;1;1;0;1;0;1;0;1;0;0;0;1;0;0;0;1;0;1;0;1;0;0;0;1;0;1;0;0;0;28.8366666666667
1;1;0;0;0;0;0;1;1;0;1;1;0;1;0;1;1;0;0;0;0;1;0;1;0;0;0;1;1;0;0;0;0;1;0;0;1;0;0;29.2233333333333
1;0;1;1;1;0;0;1;1;1;0;1;1;0;0;1;0;0;0;0;1;1;0;0;0;1;0;1;0;0;1;0;0;1;1;0;0;0;0;9.07666666666667
1;0;1;1;0;1;1;1;1;0;1;1;0;1;0;1;0;0;0;0;1;1;0;1;0;0;0;1;0;1;0;0;0;1;0;0;0;0;1;28.9733333333333
1;0;1;1;1;0;1;1;1;0;1;1;1;0;1;1;0;0;0;1;0;1;1;0;0;0;0;1;0;0;0;1;0;1;0;0;1;0;0;31.1166666666667
1;0;1;1;0;1;1;1;1;0;1;1;0;1;0;1;0;0;0;1;0;1;0;0;0;1;0;1;0;1;0;0;0;1;1;0;0;0;0;29.2133333333333
1;0;1;1;0;1;1;1;1;0;1;1;0;1;0;1;0;0;0;0;1;1;1;0;0;0;0;1;0;1;0;0;0;1;0;0;1;0;0;29.6166666666667
1;0;1;1;1;0;1;1;1;0;1;1;1;0;1;1;0;0;0;1;0;1;0;0;0;0;1;1;0;0;0;0;1;1;0;0;0;1;0;31.2066666666667
1;0;1;0;0;0;1;1;1;1;0;1;1;0;1;1;0;0;1;0;0;1;0;0;0;1;0;1;0;0;0;1;0;1;0;0;1;0;0;24.12
1;0;1;1;0;1;1;1;1;0;1;1;0;1;0;1;0;0;0;0;1;1;1;0;0;0;0;1;0;0;0;0;1;1;1;0;0;0;0;28.6333333333333
1;0;1;1;1;0;1;1;1;0;1;1;1;0;1;1;0;0;1;0;0;1;1;0;0;0;0;1;1;0;0;0;0;1;1;0;0;0;0;30.98
1;0;1;1;1;0;0;1;1;1;0;1;1;0;0;1;0;0;0;0;1;1;0;0;0;0;1;1;0;0;0;0;1;1;1;0;0;0;0;9.06666666666667
1;0;1;0;0;0;0;1;1;1;0;1;0;1;0;1;0;1;0;0;0;1;0;1;0;0;0;1;0;0;1;0;0;1;0;0;1;0;0;29.1366666666667
1;1;0;0;0;0;0;1;1;0;1;1;0;1;0;1;0;1;0;0;0;1;0;0;0;1;0;1;0;0;0;0;1;1;1;0;0;0;0;29.67
1;0;1;0;0;0;1;1;1;1;0;1;1;0;1;1;0;0;1;0;0;1;0;0;0;0;1;1;0;0;0;0;1;1;0;1;0;0;0;23.88
1;0;1;1;0;1;1;1;1;0;1;1;0;1;0;1;0;0;0;0;1;1;0;0;0;0;1;1;0;0;0;0;1;1;0;0;0;0;1;29.0666666666667
1;1;0;1;0;1;1;1;1;0;1;1;0;1;0;1;0;0;0;0;1;1;0;0;0;1;0;1;0;0;0;0;1;1;0;0;0;0;1;30.1533333333333
1;0;1;1;1;0;0;1;1;1;0;1;1;0;0;1;0;0;1;0;0;1;0;1;0;0;0;1;1;0;0;0;0;1;0;0;0;1;0;7.98
1;0;1;1;1;0;1;1;1;0;1;1;1;0;1;1;0;1;0;0;0;1;0;1;0;0;0;1;0;0;1;0;0;1;0;0;0;1;0;30.83
1;1;0;1;0;1;1;1;1;0;1;1;0;1;0;1;0;0;0;1;0;1;0;0;0;0;1;1;0;0;0;0;1;1;1;0;0;0;0;28.5166666666667
1;0;1;0;0;0;1;1;1;1;0;1;1;0;1;1;0;0;1;0;0;1;0;0;0;0;1;1;0;1;0;0;0;1;0;1;0;0;0;25.46
1;0;1;1;0;1;1;1;1;0;1;1;0;1;0;1;0;0;0;1;0;1;0;0;1;0;0;1;0;0;0;0;1;1;0;1;0;0;0;30.1366666666667
1;1;0;0;0;0;0;1;1;0;1;1;0;1;1;1;0;0;1;0;0;1;0;0;0;0;1;1;1;0;0;0;0;1;1;0;0;0;0;28.84
1;0;1;1;1;0;1;1;1;0;1;1;1;0;1;1;0;0;0;1;0;1;0;0;1;0;0;1;1;0;0;0;0;1;0;0;1;0;0;30.7866666666667
1;0;1;1;0;1;1;1;1;0;1;1;0;1;0;1;0;0;0;0;1;1;0;0;0;1;0;1;1;0;0;0;0;1;1;0;0;0;0;29.2166666666667
1;1;0;0;0;0;0;1;1;0;1;1;0;1;1;1;0;0;1;0;0;1;0;0;0;0;1;1;1;0;0;0;0;1;0;0;1;0;0;28.5466666666667
1;0;1;0;0;0;0;1;1;1;0;1;0;1;0;1;0;0;0;1;0;1;0;0;1;0;0;1;0;0;0;1;0;1;0;0;1;0;0;29.1133333333333
1;0;1;0;0;0;1;1;1;1;0;1;1;0;1;1;0;0;0;1;0;1;0;0;1;0;0;1;0;0;0;1;0;1;0;1;0;0;0;26.84
1;0;1;0;0;0;1;1;1;1;0;1;1;0;1;1;0;0;0;1;0;1;1;0;0;0;0;1;0;1;0;0;0;1;1;0;0;0;0;25.69
1;0;1;0;0;0;0;1;1;0;1;1;1;0;0;1;0;0;0;1;0;1;0;0;1;0;0;1;1;0;0;0;0;1;0;1;0;0;0;28.2566666666667
1;1;0;0;0;0;0;1;1;0;1;1;0;1;1;1;0;0;1;0;0;1;0;0;1;0;0;1;0;0;1;0;0;1;0;0;0;0;1;28.6833333333333
1;1;0;0;0;0;0;1;1;0;1;1;0;1;1;1;0;0;0;0;1;1;0;0;1;0;0;1;0;0;1;0;0;1;0;0;0;1;0;28.58
1;0;1;1;0;1;1;1;1;0;1;1;0;1;0;1;0;0;0;1;0;1;0;0;1;0;0;1;1;0;0;0;0;1;0;0;0;1;0;29.0366666666667
1;0;1;1;0;1;1;1;1;0;1;1;0;1;0;1;0;0;1;0;0;1;1;0;0;0;0;1;0;1;0;0;0;1;0;1;0;0;0;28.5866666666667
1;0;1;1;0;1;1;1;1;0;1;1;0;1;0;1;0;0;0;1;0;1;0;1;0;0;0;1;0;0;0;1;0;1;0;0;1;0;0;29.0833333333333
1;0;1;0;0;0;0;1;1;1;0;1;0;1;0;1;1;0;0;0;0;1;0;1;0;0;0;1;0;1;0;0;0;1;1;0;0;0;0;28.83
1;0;1;1;0;1;1;1;1;0;1;1;0;1;0;1;0;0;1;0;0;1;0;1;0;0;0;1;0;0;1;0;0;1;0;0;0;1;0;28.35
1;1;0;0;0;0;0;1;1;0;1;1;0;1;1;1;0;1;0;0;0;1;1;0;0;0;0;1;0;0;1;0;0;1;0;0;0;1;0;29.5666666666667
1;0;1;1;0;1;1;1;1;0;1;1;0;1;0;1;0;0;0;0;1;1;0;1;0;0;0;1;0;0;1;0;0;1;1;0;0;0;0;29.1
1;0;1;1;1;0;1;1;1;0;1;1;1;0;1;1;0;1;0;0;0;1;0;0;0;0;1;1;1;0;0;0;0;1;0;1;0;0;0;31.16
1;0;1;0;0;0;1;1;1;1;0;1;1;0;1;1;0;0;1;0;0;1;0;1;0;0;0;1;0;1;0;0;0;1;1;0;0;0;0;26.41
1;0;1;1;0;1;1;1;1;0;1;1;0;1;0;1;0;0;0;1;0;1;0;0;0;0;1;1;1;0;0;0;0;1;1;0;0;0;0;30.3366666666667
1;0;1;1;1;0;1;1;1;0;1;1;1;0;1;1;0;0;1;0;0;1;0;1;0;0;0;1;0;0;1;0;0;1;0;0;1;0;0;30.8166666666667
1;1;0;0;0;0;0;1;1;0;1;1;0;1;0;1;0;0;1;0;0;1;0;0;0;0;1;1;1;0;0;0;0;1;1;0;0;0;0;30.2466666666667
1;0;1;1;1;0;1;1;1;0;1;1;1;0;1;1;1;0;0;0;0;1;0;0;1;0;0;1;0;0;1;0;0;1;1;0;0;0;0;31.1466666666667
1;0;1;0;0;0;1;1;1;1;0;1;1;0;1;1;0;0;1;0;0;1;0;0;1;0;0;1;0;0;0;0;1;1;0;0;1;0;0;24.4666666666667
1;0;1;0;0;0;0;1;1;1;0;1;0;1;0;1;0;1;0;0;0;1;0;1;0;0;0;1;0;0;1;0;0;1;0;0;0;1;0;29.14
1;1;0;0;0;0;0;1;1;0;1;1;1;0;1;1;0;1;0;0;0;1;1;0;0;0;0;1;0;0;0;1;0;1;0;0;1;0;0;28.7833333333333
1;0;1;0;0;0;0;1;1;1;0;1;0;1;0;1;0;0;0;0;1;1;0;1;0;0;0;1;0;0;0;1;0;1;1;0;0;0;0;28.6066666666667
1;0;1;0;0;0;0;1;1;0;1;1;1;0;0;1;0;0;0;1;0;1;0;0;1;0;0;1;0;0;1;0;0;1;0;0;1;0;0;29.22
1;0;1;1;1;0;1;1;1;0;1;1;1;0;1;1;0;0;1;0;0;1;0;0;0;1;0;1;0;0;1;0;0;1;0;0;1;0;0;30.9566666666667
1;1;0;0;0;0;0;1;1;0;1;1;0;1;0;1;0;0;1;0;0;1;0;0;0;1;0;1;0;0;0;1;0;1;0;1;0;0;0;29.1466666666667
1;0;1;0;0;0;0;1;1;0;1;1;0;1;0;1;1;0;0;0;0;1;0;1;0;0;0;1;1;0;0;0;0;1;0;1;0;0;0;29.13
1;0;1;1;0;1;1;1;1;0;1;1;0;1;0;1;0;1;0;0;0;1;1;0;0;0;0;1;0;1;0;0;0;1;0;0;0;0;1;29.1733333333333
1;0;1;1;1;0;1;1;1;0;1;1;1;0;1;1;0;1;0;0;0;1;0;1;0;0;0;1;0;0;1;0;0;1;1;0;0;0;0;30.82
1;1;0;0;0;0;0;1;1;0;1;1;0;1;1;1;0;0;0;1;0;1;1;0;0;0;0;1;1;0;0;0;0;1;0;0;0;1;0;29.32
1;0;1;0;0;0;1;1;1;1;0;1;1;0;1;1;0;0;0;0;1;1;0;0;0;0;1;1;0;0;1;0;0;1;0;0;0;0;1;24.14
1;0;1;1;1;0;1;1;1;0;1;1;1;0;1;1;0;1;0;0;0;1;1;0;0;0;0;1;0;0;0;1;0;1;0;0;0;1;0;30.9266666666667
1;0;1;1;0;1;1;1;1;0;1;1;0;1;0;1;0;0;0;0;1;1;0;0;0;0;1;1;0;1;0;0;0;1;0;0;1;0;0;29.1633333333333
1;0;1;0;0;0;0;1;1;0;1;1;1;0;0;1;0;0;0;1;0;1;0;1;0;0;0;1;0;1;0;0;0;1;0;1;0;0;0;29.5366666666667
1;0;1;1;1;0;1;1;1;0;1;1;1;0;1;1;0;0;1;0;0;1;0;0;1;0;0;1;0;0;1;0;0;1;0;0;0;1;0;31.1933333333333
1;0;1;1;0;1;1;1;1;0;1;1;0;1;0;1;0;1;0;0;0;1;0;1;0;0;0;1;0;1;0;0;0;1;0;0;0;1;0;28.87
1;0;1;0;0;0;1;1;1;1;0;1;1;0;1;1;0;0;0;0;1;1;0;0;0;0;1;1;0;1;0;0;0;1;0;0;0;1;0;25.2666666666667
1;0;1;1;1;0;0;1;1;1;0;1;1;0;0;1;0;1;0;0;0;1;0;0;1;0;0;1;0;0;0;0;1;1;0;0;0;0;1;8.14666666666667
1;0;1;1;0;1;0;1;1;0;1;1;1;0;0;1;0;0;1;0;0;1;0;0;0;1;0;1;0;0;0;0;1;1;0;0;0;0;1;28.52
1;0;1;0;0;0;1;1;1;1;0;1;1;0;1;1;0;0;0;0;1;1;0;0;1;0;0;1;0;1;0;0;0;1;0;0;1;0;0;25.24
1;1;0;0;0;0;0;1;1;1;0;1;1;0;0;1;1;0;0;0;0;1;1;0;0;0;0;1;1;0;0;0;0;1;1;0;0;0;0;11.21
1;0;1;0;0;0;0;1;1;1;0;1;0;1;0;1;1;0;0;0;0;1;0;0;1;0;0;1;1;0;0;0;0;1;0;0;0;0;1;28.4233333333333
1;1;0;0;0;0;0;1;1;0;1;1;0;1;1;1;1;0;0;0;0;1;0;1;0;0;0;1;0;1;0;0;0;1;1;0;0;0;0;29.14
1;0;1;1;0;1;1;1;1;0;1;1;0;1;0;1;1;0;0;0;0;1;0;0;1;0;0;1;0;0;0;0;1;1;0;0;0;1;0;28.5833333333333
1;0;1;1;1;0;1;1;1;0;1;1;1;0;1;1;0;0;1;0;0;1;1;0;0;0;0;1;0;1;0;0;0;1;0;0;0;0;1;30.8
1;0;1;1;1;0;1;1;1;0;1;1;1;0;1;1;0;0;1;0;0;1;0;0;0;0;1;1;0;1;0;0;0;1;0;0;1;0;0;30.98
1;0;1;0;0;0;0;1;1;0;1;1;0;1;0;1;0;0;0;0;1;1;0;1;0;0;0;1;0;1;0;0;0;1;0;0;0;0;1;28.9133333333333
1;0;1;1;0;1;1;1;1;0;1;1;1;0;0;1;0;1;0;0;0;1;1;0;0;0;0;1;0;1;0;0;0;1;0;1;0;0;0;29.1366666666667
1;0;1;1;0;1;1;1;1;0;1;1;0;1;0;1;0;0;1;0;0;1;0;0;1;0;0;1;0;1;0;0;0;1;0;0;1;0;0;29.4166666666667
1;0;1;1;0;1;1;1;1;0;1;1;1;0;1;1;0;0;0;0;1;1;0;0;0;0;1;1;0;0;0;0;1;1;0;0;1;0;0;29.6733333333333
1;1;0;0;0;0;0;1;1;0;1;1;0;1;1;1;0;0;1;0;0;1;1;0;0;0;0;1;0;0;0;0;1;1;0;0;0;1;0;28.7366666666667
1;1;0;0;0;0;0;1;1;0;1;1;0;1;1;1;0;0;0;1;0;1;1;0;0;0;0;1;0;1;0;0;0;1;0;0;1;0;0;28.7066666666667
1;1;0;0;0;0;0;1;1;0;1;1;0;1;0;1;0;0;1;0;0;1;0;0;0;0;1;1;1;0;0;0;0;1;0;0;0;0;1;29.7033333333333
1;0;1;0;0;0;1;1;1;1;0;1;1;0;1;1;0;0;1;0;0;1;0;0;1;0;0;1;0;0;0;1;0;1;0;0;0;0;1;25.4866666666667
1;0;1;1;0;1;1;1;1;0;1;1;0;1;0;1;0;0;0;1;0;1;1;0;0;0;0;1;0;0;0;0;1;1;0;0;1;0;0;28.5633333333333
1;0;1;0;0;0;0;1;1;1;0;1;0;1;0;1;1;0;0;0;0;1;0;0;1;0;0;1;0;0;1;0;0;1;1;0;0;0;0;28.58
1;0;1;1;0;1;1;1;1;0;1;1;0;1;0;1;0;0;0;0;1;1;0;0;0;0;1;1;0;0;1;0;0;1;0;1;0;0;0;29.75
1;0;1;0;0;0;1;1;1;1;0;1;1;0;1;1;0;1;0;0;0;1;1;0;0;0;0;1;0;0;1;0;0;1;0;0;0;0;1;25.1366666666667
1;0;1;0;0;0;1;1;1;1;0;1;1;0;1;1;0;0;0;0;1;1;0;1;0;0;0;1;0;0;0;0;1;1;1;0;0;0;0;25.2333333333333
1;0;1;1;1;0;1;1;1;0;1;1;1;0;1;1;0;0;0;0;1;1;1;0;0;0;0;1;1;0;0;0;0;1;0;0;0;0;1;30.6566666666667
1;1;0;0;0;0;0;1;1;0;1;1;0;1;0;1;1;0;0;0;0;1;0;0;1;0;0;1;0;0;0;1;0;1;1;0;0;0;0;28.2866666666667
1;0;1;0;0;0;1;1;1;1;0;1;1;0;1;1;0;1;0;0;0;1;0;1;0;0;0;1;0;0;1;0;0;1;0;0;1;0;0;25.5133333333333
1;0;1;1;1;0;0;1;1;1;0;1;1;0;0;1;0;0;0;1;0;1;0;0;0;0;1;1;0;1;0;0;0;1;0;0;0;0;1;8.2
1;1;0;0;0;0;0;1;1;0;1;1;0;1;1;1;0;1;0;0;0;1;0;0;0;0;1;1;0;0;1;0;0;1;0;0;0;0;1;28.3533333333333
1;1;0;0;0;0;0;1;1;0;1;1;0;1;1;1;0;0;1;0;0;1;1;0;0;0;0;1;0;1;0;0;0;1;0;1;0;0;0;28.3766666666667
1;1;0;0;0;0;0;1;1;0;1;1;0;1;1;1;0;0;1;0;0;1;1;0;0;0;0;1;0;0;1;0;0;1;0;0;0;0;1;28.53
1;0;1;0;0;0;1;1;1;1;0;1;1;0;1;1;0;1;0;0;0;1;0;1;0;0;0;1;0;0;1;0;0;1;0;0;0;1;0;24.1266666666667
1;1;0;0;0;0;0;1;1;0;1;1;0;1;1;1;0;0;0;0;1;1;0;0;1;0;0;1;0;1;0;0;0;1;0;0;0;1;0;28.3233333333333
1;0;1;0;0;0;0;1;1;1;0;1;0;1;0;1;0;0;0;1;0;1;0;1;0;0;0;1;0;1;0;0;0;1;1;0;0;0;0;29.17
1;1;0;1;1;0;1;1;1;0;1;1;0;1;0;1;0;0;0;0;1;1;1;0;0;0;0;1;0;0;1;0;0;1;0;1;0;0;0;30.8766666666667
1;0;1;1;1;0;1;1;1;0;1;1;1;0;1;1;0;0;1;0;0;1;0;0;1;0;0;1;1;0;0;0;0;1;0;0;0;0;1;30.8266666666667
1;1;0;0;0;0;0;1;1;0;1;1;0;1;0;1;0;0;0;0;1;1;0;0;0;0;1;1;0;0;1;0;0;1;1;0;0;0;0;28.77
1;1;0;0;0;0;0;1;1;0;1;1;0;1;0;1;0;0;0;0;1;1;0;1;0;0;0;1;0;0;1;0;0;1;0;0;0;0;1;28.58
1;0;1;1;0;1;1;1;1;0;1;1;0;1;0;1;0;0;0;1;0;1;0;0;1;0;0;1;0;1;0;0;0;1;0;0;0;0;1;29.13
1;0;1;0;0;0;1;1;1;0;1;1;1;0;1;1;1;0;0;0;0;1;0;0;0;0;1;1;0;0;1;0;0;1;1;0;0;0;0;29.9466666666667
1;0;1;1;1;0;1;1;1;0;1;1;1;0;1;1;0;0;0;0;1;1;0;0;1;0;0;1;0;0;0;0;1;1;0;0;0;0;1;31.0933333333333
1;0;1;1;0;1;1;1;1;0;1;1;0;1;0;1;0;0;0;0;1;1;0;0;1;0;0;1;0;1;0;0;0;1;0;0;0;1;0;28.7033333333333
1;1;0;0;0;0;0;1;1;0;1;1;0;1;0;1;0;0;0;1;0;1;0;0;0;1;0;1;0;0;0;1;0;1;0;1;0;0;0;29.16
1;0;1;0;0;0;1;1;1;1;0;1;1;0;1;1;0;0;0;0;1;1;1;0;0;0;0;1;0;0;1;0;0;1;0;0;1;0;0;25.37
1;0;1;1;0;1;1;1;1;0;1;1;0;1;0;1;0;1;0;0;0;1;0;1;0;0;0;1;0;1;0;0;0;1;0;1;0;0;0;29.2533333333333
1;0;1;1;1;0;1;1;1;0;1;1;1;0;1;1;0;0;0;0;1;1;0;1;0;0;0;1;0;0;0;0;1;1;0;1;0;0;0;30.69
1;1;0;0;0;0;0;1;1;0;1;1;0;1;1;1;1;0;0;0;0;1;0;0;1;0;0;1;0;0;1;0;0;1;0;0;1;0;0;28.5866666666667
1;1;0;0;0;0;0;1;1;0;1;1;0;1;0;1;1;0;0;0;0;1;1;0;0;0;0;1;0;0;1;0;0;1;1;0;0;0;0;28.5266666666667
1;0;1;1;1;0;1;1;1;0;1;1;1;0;1;1;0;0;0;1;0;1;1;0;0;0;0;1;0;0;0;0;1;1;1;0;0;0;0;30.6766666666667
1;0;1;0;0;0;1;1;1;1;0;1;1;0;1;1;0;1;0;0;0;1;0;0;1;0;0;1;0;0;1;0;0;1;0;0;0;0;1;23.99
1;0;1;1;0;1;1;1;1;0;1;1;0;1;0;1;0;0;0;0;1;1;0;0;1;0;0;1;0;1;0;0;0;1;0;0;1;0;0;28.89
1;1;0;0;0;0;0;1;1;0;1;1;1;0;1;1;0;0;1;0;0;1;0;1;0;0;0;1;0;0;0;0;1;1;0;1;0;0;0;29.15
1;0;1;0;0;0;1;1;1;1;0;1;1;0;1;1;0;0;1;0;0;1;0;0;0;0;1;1;1;0;0;0;0;1;0;1;0;0;0;25.1066666666667
1;1;0;0;0;0;0;1;1;0;1;1;0;1;1;1;1;0;0;0;0;1;0;0;1;0;0;1;0;0;0;1;0;1;0;0;0;0;1;28.58
1;0;1;0;0;0;0;1;1;0;1;1;0;1;1;1;1;0;0;0;0;1;0;0;1;0;0;1;0;1;0;0;0;1;0;0;0;0;1;28.6466666666667
1;0;1;1;1;0;1;1;1;0;1;1;1;0;1;1;0;0;1;0;0;1;0;0;0;0;1;1;0;0;0;1;0;1;0;0;1;0;0;30.88
1;0;1;1;1;0;0;1;1;1;0;1;1;0;0;1;0;1;0;0;0;1;0;0;0;0;1;1;1;0;0;0;0;1;0;1;0;0;0;7.55
1;1;0;0;0;0;0;1;1;0;1;1;0;1;0;1;1;0;0;0;0;1;0;0;0;0;1;1;0;1;0;0;0;1;1;0;0;0;0;28.42
1;1;0;0;0;0;0;1;1;0;1;1;1;0;1;1;0;0;0;0;1;1;0;1;0;0;0;1;0;0;0;0;1;1;0;0;0;0;1;29.08
1;0;1;0;0;0;0;1;1;0;1;1;1;0;1;1;0;0;1;0;0;1;0;1;0;0;0;1;0;0;1;0;0;1;0;0;0;1;0;29.68
1;1;0;1;0;1;1;1;1;0;1;1;0;1;0;1;0;1;0;0;0;1;0;0;0;1;0;1;0;0;1;0;0;1;0;1;0;0;0;29.0666666666667
1;0;1;0;0;0;0;1;1;0;1;1;0;1;0;1;0;0;1;0;0;1;0;1;0;0;0;1;1;0;0;0;0;1;1;0;0;0;0;28.5066666666667
1;0;1;1;0;1;1;1;1;0;1;1;0;1;0;1;0;0;0;1;0;1;1;0;0;0;0;1;0;1;0;0;0;1;0;0;0;1;0;29.7
1;0;1;1;1;0;1;1;1;0;1;1;1;0;1;1;0;0;0;1;0;1;0;0;0;0;1;1;0;1;0;0;0;1;0;0;0;0;1;30.6166666666667
1;1;0;0;0;0;0;1;1;0;1;1;0;1;0;1;0;0;0;1;0;1;0;0;0;1;0;1;0;0;0;1;0;1;0;0;0;1;0;28.6266666666667
1;1;0;0;0;0;0;1;1;1;0;1;1;0;0;1;0;0;0;0;1;1;0;0;0;1;0;1;0;0;1;0;0;1;1;0;0;0;0;11.1166666666667
1;0;1;1;1;0;1;1;1;0;1;1;1;0;1;1;0;0;1;0;0;1;0;0;1;0;0;1;0;0;0;0;1;1;0;0;0;1;0;30.9333333333333
1;0;1;1;1;0;1;1;1;0;1;1;1;0;1;1;0;1;0;0;0;1;0;0;0;1;0;1;0;0;0;0;1;1;0;0;0;1;0;30.6166666666667
1;0;1;0;0;0;1;1;1;1;0;1;1;0;1;1;0;0;0;0;1;1;0;0;1;0;0;1;0;1;0;0;0;1;0;0;0;1;0;25.2966666666667
1;0;1;0;0;0;1;1;1;1;0;1;1;0;1;1;0;0;0;0;1;1;0;1;0;0;0;1;0;1;0;0;0;1;0;1;0;0;0;23.95
1;0;1;0;0;0;1;1;1;1;0;1;1;0;1;1;0;0;1;0;0;1;1;0;0;0;0;1;0;0;0;1;0;1;0;0;1;0;0;26.7266666666667
1;0;1;1;1;0;1;1;1;0;1;1;1;0;1;1;0;0;1;0;0;1;0;0;0;1;0;1;0;0;0;0;1;1;0;0;0;1;0;31.0366666666667
1;1;0;1;0;1;0;1;1;0;1;1;1;0;0;1;0;0;1;0;0;1;0;0;0;1;0;1;0;0;0;1;0;1;0;0;0;0;1;28.5366666666667
1;0;1;1;1;0;1;1;1;0;1;1;1;0;1;1;0;1;0;0;0;1;0;0;1;0;0;1;0;0;0;1;0;1;0;0;0;0;1;30.9133333333333
1;1;0;0;0;0;0;1;1;0;1;1;0;1;0;1;1;0;0;0;0;1;0;0;0;0;1;1;0;0;0;0;1;1;1;0;0;0;0;28.5266666666667
1;0;1;0;0;0;1;1;1;1;0;1;1;0;1;1;0;0;0;1;0;1;1;0;0;0;0;1;0;0;1;0;0;1;1;0;0;0;0;26.67
1;1;0;0;0;0;0;1;1;0;1;1;0;1;0;1;1;0;0;0;0;1;0;0;0;1;0;1;1;0;0;0;0;1;1;0;0;0;0;28.7133333333333
1;0;1;1;0;1;1;1;1;0;1;1;0;1;0;1;0;0;0;0;1;1;0;0;0;1;0;1;1;0;0;0;0;1;0;0;1;0;0;28.5666666666667
1;0;1;0;0;0;1;1;1;1;0;1;1;0;1;1;0;0;0;0;1;1;1;0;0;0;0;1;0;1;0;0;0;1;1;0;0;0;0;26.5
1;0;1;0;0;0;0;1;1;0;1;1;1;0;0;1;0;0;1;0;0;1;0;0;0;1;0;1;0;1;0;0;0;1;1;0;0;0;0;28.5866666666667
1;1;0;1;0;1;1;1;1;0;1;1;0;1;0;1;0;1;0;0;0;1;0;0;1;0;0;1;0;0;0;0;1;1;0;1;0;0;0;28.6466666666667
1;0;1;1;1;0;0;1;1;1;0;1;1;0;0;1;0;0;1;0;0;1;0;1;0;0;0;1;1;0;0;0;0;1;0;0;1;0;0;6.01666666666667
1;1;0;0;0;0;0;1;1;0;1;1;0;1;0;1;0;0;0;0;1;1;0;0;0;1;0;1;0;0;1;0;0;1;1;0;0;0;0;29.1966666666667
1;0;1;1;1;0;1;1;1;0;1;1;1;0;1;1;0;0;0;1;0;1;0;0;0;1;0;1;0;1;0;0;0;1;0;1;0;0;0;30.88
1;0;1;1;1;0;0;1;1;1;0;1;1;0;0;1;0;1;0;0;0;1;1;0;0;0;0;1;0;0;0;0;1;1;0;1;0;0;0;7.58666666666667
1;0;1;1;1;0;1;1;1;0;1;1;1;0;1;1;0;0;1;0;0;1;0;0;0;1;0;1;0;1;0;0;0;1;0;0;0;0;1;30.9233333333333
1;0;1;0;0;0;0;1;1;1;0;1;0;1;0;1;0;0;1;0;0;1;0;1;0;0;0;1;0;1;0;0;0;1;0;0;0;0;1;28.58
1;1;0;0;0;0;0;1;1;0;1;1;0;1;1;1;0;0;1;0;0;1;0;0;0;0;1;1;1;0;0;0;0;1;0;0;0;0;1;29.5133333333333
1;0;1;1;0;1;1;1;1;0;1;1;0;1;0;1;0;0;0;0;1;1;0;0;0;1;0;1;0;0;0;0;1;1;0;0;0;1;0;29.6833333333333
1;0;1;1;0;1;1;1;1;0;1;1;0;1;0;1;0;1;0;0;0;1;1;0;0;0;0;1;0;1;0;0;0;1;0;0;0;1;0;29.1766666666667
1;0;1;0;0;0;1;1;1;1;0;1;1;0;1;1;1;0;0;0;0;1;0;1;0;0;0;1;0;1;0;0;0;1;1;0;0;0;0;24.13
1;0;1;1;1;0;1;1;1;0;1;1;1;0;1;1;0;0;0;0;1;1;0;0;1;0;0;1;0;0;1;0;0;1;0;0;0;1;0;31.1166666666667
1;1;0;0;0;0;0;1;1;0;1;1;1;0;1;1;0;0;0;1;0;1;1;0;0;0;0;1;0;1;0;0;0;1;0;0;1;0;0;29.0533333333333
1;1;0;0;0;0;0;1;1;0;1;1;1;0;1;1;0;0;1;0;0;1;0;1;0;0;0;1;0;0;1;0;0;1;0;1;0;0;0;28.6633333333333
1;0;1;0;0;0;1;1;1;1;0;1;1;0;1;1;1;0;0;0;0;1;1;0;0;0;0;1;0;1;0;0;0;1;0;0;1;0;0;25.29
1;1;0;0;0;0;0;1;1;0;1;1;0;1;0;1;0;0;1;0;0;1;0;0;1;0;0;1;0;0;0;0;1;1;0;0;1;0;0;28.4566666666667
1;0;1;1;1;0;1;1;1;0;1;1;1;0;1;1;0;0;1;0;0;1;1;0;0;0;0;1;0;1;0;0;0;1;0;0;1;0;0;31.1133333333333
1;0;1;1;0;1;1;1;1;0;1;1;0;1;0;1;0;0;0;0;1;1;0;0;0;1;0;1;0;0;0;1;0;1;0;0;1;0;0;28.3533333333333
1;0;1;1;0;1;0;1;1;0;1;1;1;0;0;1;0;0;1;0;0;1;0;0;0;1;0;1;0;0;0;1;0;1;0;0;0;0;1;28.6
1;0;1;0;0;0;0;1;1;0;1;1;0;1;1;1;1;0;0;0;0;1;0;1;0;0;0;1;0;1;0;0;0;1;0;0;0;1;0;28.47
1;0;1;0;0;0;1;1;1;1;0;1;1;0;1;1;1;0;0;0;0;1;0;0;0;0;1;1;0;0;0;0;1;1;1;0;0;0;0;25.3166666666667
1;0;1;1;1;0;1;1;1;0;1;1;1;0;1;1;0;0;0;1;0;1;0;0;0;1;0;1;0;0;1;0;0;1;0;0;0;0;1;30.9733333333333
1;1;0;0;0;0;0;1;1;0;1;1;0;1;0;1;1;0;0;0;0;1;0;0;1;0;0;1;0;0;0;0;1;1;1;0;0;0;0;29.1566666666667
1;0;1;1;1;0;1;1;1;0;1;1;1;0;1;1;0;0;1;0;0;1;0;0;0;0;1;1;0;0;0;1;0;1;0;0;0;0;1;30.9566666666667
1;1;0;0;0;0;0;1;1;0;1;1;0;1;1;1;0;0;1;0;0;1;1;0;0;0;0;1;0;0;1;0;0;1;1;0;0;0;0;29.2033333333333
1;1;0;0;0;0;0;1;1;0;1;1;0;1;1;1;0;1;0;0;0;1;1;0;0;0;0;1;0;1;0;0;0;1;1;0;0;0;0;28.57
1;0;1;1;1;0;0;1;1;1;0;1;1;0;0;1;0;0;0;0;1;1;0;0;0;1;0;1;0;1;0;0;0;1;0;0;1;0;0;6.06
1;1;0;0;0;0;0;1;1;0;1;1;0;1;0;1;1;0;0;0;0;1;0;1;0;0;0;1;0;0;0;0;1;1;1;0;0;0;0;29.2833333333333
1;0;1;0;0;0;1;1;1;1;0;1;1;0;1;1;0;0;1;0;0;1;0;1;0;0;0;1;0;0;0;1;0;1;0;1;0;0;0;26.5166666666667
1;1;0;0;0;0;0;1;1;0;1;1;0;1;0;1;0;0;0;0;1;1;0;0;0;0;1;1;0;0;1;0;0;1;0;0;1;0;0;29.7033333333333
1;0;1;0;0;0;1;1;1;1;0;1;1;0;1;1;1;0;0;0;0;1;0;0;0;0;1;1;0;0;0;1;0;1;0;1;0;0;0;26.6833333333333
1;0;1;0;0;0;1;1;1;1;0;1;1;0;1;1;0;0;0;1;0;1;0;0;0;1;0;1;0;0;1;0;0;1;0;0;0;0;1;23.8733333333333
1;1;0;0;0;0;0;1;1;0;1;1;0;1;1;1;0;1;0;0;0;1;0;0;0;1;0;1;0;0;1;0;0;1;0;0;0;1;0;29.1666666666667
1;0;1;1;0;1;1;1;1;0;1;1;0;1;0;1;0;0;1;0;0;1;0;1;0;0;0;1;0;0;0;0;1;1;0;0;0;1;0;29.3533333333333
1;0;1;1;1;0;1;1;1;0;1;1;1;0;1;1;1;0;0;0;0;1;0;0;0;1;0;1;0;0;1;0;0;1;0;0;0;0;1;31.0833333333333
1;0;1;1;1;0;1;1;1;0;1;1;1;0;1;1;0;0;0;0;1;1;0;0;1;0;0;1;0;0;0;0;1;1;1;0;0;0;0;30.99
1;0;1;0;0;0;0;1;1;0;1;1;0;1;0;1;0;0;0;1;0;1;0;1;0;0;0;1;1;0;0;0;0;1;1;0;0;0;0;29.11
1;0;1;1;1;0;1;1;1;0;1;1;1;0;1;1;0;1;0;0;0;1;0;0;0;1;0;1;0;0;1;0;0;1;0;0;0;0;1;31.0166666666667
1;1;0;0;0;0;0;1;1;0;1;1;0;1;0;1;1;0;0;0;0;1;0;0;0;1;0;1;1;0;0;0;0;1;0;0;1;0;0;28.5266666666667
1;0;1;1;1;0;1;1;1;0;1;1;1;0;1;1;0;0;0;1;0;1;0;0;1;0;0;1;0;0;0;0;1;1;0;0;1;0;0;31.1633333333333
1;0;1;1;1;0;1;1;1;0;1;1;1;0;1;1;0;0;0;0;1;1;1;0;0;0;0;1;0;0;0;1;0;1;1;0;0;0;0;31.0066666666667
1;0;1;1;0;1;1;1;1;0;1;1;0;1;0;1;0;0;0;0;1;1;0;1;0;0;0;1;0;0;0;1;0;1;0;0;1;0;0;29.0433333333333
1;0;1;1;1;0;1;1;1;0;1;1;1;0;1;1;0;0;0;0;1;1;0;0;0;0;1;1;0;0;0;1;0;1;0;0;0;0;1;30.9633333333333
1;1;0;0;0;0;0;1;1;0;1;1;0;1;0;1;1;0;0;0;0;1;0;0;1;0;0;1;1;0;0;0;0;1;0;0;0;0;1;29.06
1;1;0;0;0;0;0;1;1;0;1;1;1;0;1;1;0;0;0;0;1;1;1;0;0;0;0;1;0;0;0;0;1;1;0;1;0;0;0;29.2033333333333
1;0;1;0;0;0;0;1;1;0;1;1;1;0;1;1;0;0;0;0;1;1;0;0;0;0;1;1;0;1;0;0;0;1;0;0;0;1;0;29.0733333333333
1;0;1;0;0;0;0;1;1;0;1;1;0;1;0;1;0;0;0;0;1;1;0;1;0;0;0;1;0;1;0;0;0;1;0;1;0;0;0;29.06
1;0;1;0;0;0;0;1;1;1;0;1;0;1;0;1;0;0;0;0;1;1;0;1;0;0;0;1;1;0;0;0;0;1;0;0;0;0;1;29.7233333333333
1;0;1;0;0;0;1;1;1;1;0;1;1;0;1;1;0;0;1;0;0;1;1;0;0;0;0;1;0;0;1;0;0;1;0;0;0;0;1;25.1966666666667
1;0;1;0;0;0;0;1;1;0;1;1;1;0;0;1;0;0;1;0;0;1;0;0;1;0;0;1;1;0;0;0;0;1;0;0;1;0;0;28.5233333333333
1;0;1;0;0;0;1;1;1;1;0;1;1;0;1;1;0;0;0;1;0;1;0;1;0;0;0;1;0;0;0;1;0;1;0;1;0;0;0;25.8466666666667
1;0;1;1;0;1;1;1;1;0;1;1;0;1;0;1;0;0;0;0;1;1;0;1;0;0;0;1;0;1;0;0;0;1;0;0;1;0;0;29.6233333333333
1;0;1;0;0;0;0;1;1;1;0;1;0;1;0;1;0;1;0;0;0;1;0;0;0;1;0;1;0;0;0;0;1;1;0;0;0;1;0;29.02
1;0;1;0;0;0;1;1;1;1;0;1;1;0;1;1;0;0;0;1;0;1;0;0;0;0;1;1;1;0;0;0;0;1;0;0;1;0;0;24.23
1;1;0;0;0;0;0;1;1;0;1;1;0;1;1;1;1;0;0;0;0;1;0;0;1;0;0;1;0;0;1;0;0;1;0;1;0;0;0;29.1033333333333
1;0;1;0;0;0;1;1;1;1;0;1;1;0;1;1;1;0;0;0;0;1;0;1;0;0;0;1;1;0;0;0;0;1;0;0;0;1;0;25.4766666666667
1;0;1;1;1;0;1;1;1;0;1;1;1;0;1;1;0;0;1;0;0;1;0;0;0;1;0;1;0;0;0;1;0;1;1;0;0;0;0;31.1533333333333
1;1;0;0;0;0;0;1;1;0;1;1;0;1;1;1;0;0;1;0;0;1;0;1;0;0;0;1;0;0;0;1;0;1;0;0;0;1;0;29.0666666666667
1;0;1;0;0;0;0;1;1;1;0;1;0;1;0;1;0;0;0;0;1;1;0;0;0;1;0;1;0;0;1;0;0;1;0;1;0;0;0;29.1633333333333
1;0;1;0;0;0;0;1;1;0;1;1;1;0;1;1;0;0;0;1;0;1;0;1;0;0;0;1;0;0;1;0;0;1;0;0;0;0;1;29.0733333333333
1;1;0;0;0;0;0;1;1;0;1;1;0;1;1;1;0;0;0;0;1;1;0;0;1;0;0;1;0;0;1;0;0;1;1;0;0;0;0;29.1466666666667
1;0;1;1;0;1;1;1;1;0;1;1;0;1;0;1;1;0;0;0;0;1;0;0;0;0;1;1;0;0;1;0;0;1;0;1;0;0;0;28.88
1;0;1;1;0;1;1;1;1;0;1;1;0;1;0;1;0;0;1;0;0;1;1;0;0;0;0;1;0;0;0;1;0;1;0;0;1;0;0;29.74
1;0;1;1;1;0;1;1;1;0;1;1;1;0;1;1;0;0;0;1;0;1;1;0;0;0;0;1;0;0;0;1;0;1;0;0;0;1;0;31.2633333333333
1;1;0;0;0;0;0;1;1;0;1;1;0;1;1;1;0;0;0;0;1;1;1;0;0;0;0;1;0;1;0;0;0;1;1;0;0;0;0;29.0966666666667
1;0;1;1;0;1;1;1;1;0;1;1;0;1;0;1;0;0;1;0;0;1;0;0;0;0;1;1;0;0;0;0;1;1;0;0;0;0;1;28.6866666666667
1;1;0;1;0;1;1;1;1;0;1;1;0;1;0;1;0;1;0;0;0;1;0;1;0;0;0;1;0;0;0;0;1;1;0;0;0;0;1;28.52
1;0;1;0;0;0;0;1;1;0;1;1;1;0;0;1;0;0;1;0;0;1;0;0;0;1;0;1;0;0;0;1;0;1;1;0;0;0;0;29.5066666666667
1;0;1;1;0;1;1;1;1;0;1;1;0;1;0;1;0;1;0;0;0;1;1;0;0;0;0;1;0;1;0;0;0;1;0;0;1;0;0;29.1733333333333
1;0;1;0;0;0;0;1;1;0;1;1;1;0;0;1;0;1;0;0;0;1;0;0;0;0;1;1;0;0;1;0;0;1;0;1;0;0;0;28.66
1;0;1;1;1;0;1;1;1;0;1;1;1;0;1;1;0;0;1;0;0;1;0;1;0;0;0;1;0;0;1;0;0;1;0;1;0;0;0;30.72
1;1;0;0;0;0;0;1;1;0;1;1;0;1;1;1;0;0;0;0;1;1;0;1;0;0;0;1;0;0;1;0;0;1;0;0;0;0;1;28.6533333333333
1;0;1;0;0;0;1;1;1;1;0;1;1;0;1;1;0;1;0;0;0;1;0;0;0;0;1;1;0;0;1;0;0;1;0;0;0;1;0;25.2933333333333
1;1;0;0;0;0;0;1;1;0;1;1;0;1;0;1;0;0;0;1;0;1;0;0;0;1;0;1;0;0;0;1;0;1;0;0;1;0;0;29.1533333333333
1;1;0;0;0;0;0;1;1;0;1;1;0;1;0;1;0;0;0;1;0;1;0;1;0;0;0;1;1;0;0;0;0;1;0;0;1;0;0;28.5
1;1;0;0;0;0;0;1;1;0;1;1;0;1;0;1;0;0;1;0;0;1;0;0;0;1;0;1;1;0;0;0;0;1;0;0;0;1;0;28.3166666666667
1;1;0;0;0;0;0;1;1;0;1;1;0;1;1;1;1;0;0;0;0;1;1;0;0;0;0;1;0;0;0;0;1;1;0;0;0;0;1;29.6233333333333
1;0;1;0;0;0;0;1;1;0;1;1;0;1;0;1;1;0;0;0;0;1;1;0;0;0;0;1;0;1;0;0;0;1;1;0;0;0;0;28.9
1;0;1;1;0;1;1;1;1;0;1;1;0;1;0;1;0;0;0;0;1;1;0;1;0;0;0;1;1;0;0;0;0;1;0;0;1;0;0;28.6366666666667
1;0;1;1;0;1;1;1;1;0;1;1;0;1;0;1;0;0;0;0;1;1;0;0;1;0;0;1;0;0;0;0;1;1;0;0;1;0;0;29.2
1;0;1;1;1;0;1;1;1;0;1;1;1;0;1;1;0;0;1;0;0;1;1;0;0;0;0;1;0;0;1;0;0;1;0;0;0;1;0;30.5966666666667
1;0;1;0;0;0;0;1;1;0;1;1;1;0;1;1;0;0;1;0;0;1;0;1;0;0;0;1;0;0;1;0;0;1;0;0;0;0;1;28.56
1;1;0;0;0;0;0;1;1;0;1;1;1;0;1;1;0;0;0;0;1;1;0;0;0;1;0;1;0;0;0;0;1;1;0;0;0;0;1;28.4833333333333
1;0;1;0;0;0;1;1;1;1;0;1;1;0;1;1;0;0;0;1;0;1;0;1;0;0;0;1;0;0;0;1;0;1;0;0;1;0;0;25.9966666666667
1;0;1;1;1;0;1;1;1;0;1;1;1;0;1;1;0;0;0;1;0;1;0;1;0;0;0;1;0;0;1;0;0;1;1;0;0;0;0;31.0966666666667
1;0;1;0;0;0;0;1;1;0;1;1;0;1;1;1;0;0;0;1;0;1;0;0;0;1;0;1;0;1;0;0;0;1;0;0;0;1;0;28.8133333333333
1;0;1;1;1;0;1;1;1;0;1;1;1;0;1;1;0;1;0;0;0;1;1;0;0;0;0;1;0;0;1;0;0;1;1;0;0;0;0;30.8166666666667
1;0;1;0;0;0;0;1;1;1;0;1;1;0;0;1;0;0;0;1;0;1;0;0;0;1;0;1;0;1;0;0;0;1;0;0;1;0;0;4.37333333333333
1;0;1;0;0;0;1;1;1;1;0;1;1;0;1;1;0;0;0;1;0;1;1;0;0;0;0;1;1;0;0;0;0;1;0;0;0;1;0;24.0766666666667
1;0;1;0;0;0;1;1;1;1;0;1;1;0;1;1;0;0;1;0;0;1;0;0;0;0;1;1;0;0;0;1;0;1;0;1;0;0;0;25.36
1;0;1;1;1;0;0;1;1;1;0;1;1;0;0;1;0;0;0;0;1;1;0;0;0;1;0;1;1;0;0;0;0;1;0;0;0;0;1;8.21
1;0;1;0;0;0;0;1;1;1;0;1;0;1;0;1;0;1;0;0;0;1;0;0;0;1;0;1;0;0;1;0;0;1;0;0;0;0;1;29.6066666666667
1;0;1;1;1;0;1;1;1;0;1;1;1;0;1;1;0;0;1;0;0;1;0;0;0;0;1;1;0;0;0;1;0;1;1;0;0;0;0;31.0866666666667
1;0;1;1;1;0;1;1;1;0;1;1;1;0;1;1;0;0;0;0;1;1;0;0;0;1;0;1;0;0;0;0;1;1;0;0;1;0;0;31.06
1;0;1;1;1;0;1;1;1;0;1;1;1;0;1;1;0;1;0;0;0;1;1;0;0;0;0;1;0;0;1;0;0;1;0;0;0;1;0;30.8966666666667
1;0;1;0;0;0;0;1;1;1;0;1;0;1;0;1;1;0;0;0;0;1;0;0;0;1;0;1;0;0;0;1;0;1;0;0;0;0;1;29.1433333333333
1;0;1;0;0;0;1;1;1;1;0;1;1;0;1;1;0;0;0;1;0;1;0;0;1;0;0;1;0;0;0;0;1;1;0;1;0;0;0;24.7566666666667
1;0;1;1;1;0;1;1;1;0;1;1;1;0;1;1;0;0;0;0;1;1;1;0;0;0;0;1;0;0;1;0;0;1;0;0;0;1;0;30.7666666666667
1;0;1;1;1;0;1;1;1;0;1;1;1;0;1;1;0;1;0;0;0;1;0;1;0;0;0;1;1;0;0;0;0;1;0;1;0;0;0;30.8633333333333
1;1;0;0;0;0;0;1;1;0;1;1;0;1;1;1;0;0;0;0;1;1;0;0;0;0;1;1;0;1;0;0;0;1;0;1;0;0;0;28.89
1;1;0;0;0;0;0;1;1;0;1;1;0;1;1;1;1;0;0;0;0;1;0;0;0;0;1;1;1;0;0;0;0;1;1;0;0;0;0;30.1666666666667
1;1;0;0;0;0;0;1;1;0;1;1;1;0;1;1;0;0;0;1;0;1;0;0;0;0;1;1;0;0;1;0;0;1;0;1;0;0;0;28.6133333333333
1;0;1;1;1;0;1;1;1;0;1;1;1;0;1;1;0;0;0;1;0;1;0;0;0;0;1;1;0;0;1;0;0;1;0;0;0;0;1;30.98
1;0;1;0;0;0;0;1;1;0;1;1;1;0;1;1;0;0;1;0;0;1;1;0;0;0;0;1;0;1;0;0;0;1;0;0;0;1;0;28.5833333333333
1;0;1;1;0;1;1;1;1;0;1;1;0;1;0;1;1;0;0;0;0;1;0;0;0;1;0;1;0;0;1;0;0;1;0;0;0;1;0;28.9566666666667
1;0;1;0;0;0;1;1;1;1;0;1;1;0;1;1;0;0;1;0;0;1;0;0;0;0;1;1;0;0;1;0;0;1;1;0;0;0;0;25.27
1;0;1;1;0;1;1;1;1;0;1;1;0;1;0;1;0;1;0;0;0;1;1;0;0;0;0;1;0;0;0;0;1;1;1;0;0;0;0;29.0266666666667
1;0;1;0;0;0;1;1;1;1;0;1;1;0;1;1;1;0;0;0;0;1;0;0;0;0;1;1;0;1;0;0;0;1;0;0;0;1;0;26.7766666666667
1;0;1;1;1;0;1;1;1;0;1;1;1;0;1;1;0;1;0;0;0;1;0;0;1;0;0;1;0;0;1;0;0;1;0;0;0;0;1;30.9933333333333
1;0;1;1;1;0;1;1;1;0;1;1;1;0;1;1;0;0;1;0;0;1;0;0;0;0;1;1;0;0;0;0;1;1;0;1;0;0;0;30.9566666666667
1;0;1;0;0;0;0;1;1;1;0;1;0;1;0;1;1;0;0;0;0;1;1;0;0;0;0;1;0;1;0;0;0;1;1;0;0;0;0;29.1633333333333
1;1;0;0;0;0;0;1;1;0;1;1;0;1;0;1;0;1;0;0;0;1;0;0;0;0;1;1;0;0;0;0;1;1;1;0;0;0;0;29.1466666666667
1;1;0;0;0;0;0;1;1;0;1;1;0;1;1;1;1;0;0;0;0;1;1;0;0;0;0;1;0;0;1;0;0;1;0;0;1;0;0;29.26
1;0;1;1;1;0;1;1;1;0;1;1;1;0;1;1;1;0;0;0;0;1;0;1;0;0;0;1;0;0;0;1;0;1;0;0;0;1;0;31.1333333333333
1;1;0;0;0;0;0;1;1;0;1;1;0;1;1;1;0;0;0;0;1;1;1;0;0;0;0;1;0;0;1;0;0;1;0;1;0;0;0;28.51
1;0;1;1;0;1;1;1;1;0;1;1;0;1;0;1;1;0;0;0;0;1;0;0;0;1;0;1;0;0;1;0;0;1;0;1;0;0;0;29.7933333333333
1;0;1;1;0;1;1;1;1;0;1;1;0;1;0;1;1;0;0;0;0;1;0;0;1;0;0;1;0;0;1;0;0;1;0;0;1;0;0;29.7166666666667
1;1;0;0;0;0;0;1;1;0;1;1;0;1;0;1;0;0;1;0;0;1;1;0;0;0;0;1;1;0;0;0;0;1;1;0;0;0;0;28.3166666666667
1;0;1;1;1;0;1;1;1;0;1;1;1;0;1;1;1;0;0;0;0;1;0;1;0;0;0;1;0;1;0;0;0;1;0;1;0;0;0;30.9733333333333
1;1;0;0;0;0;0;1;1;0;1;1;1;0;1;1;0;0;0;1;0;1;0;0;1;0;0;1;0;1;0;0;0;1;0;0;0;0;1;29.6966666666667
1;0;1;1;0;1;1;1;1;0;1;1;0;1;0;1;0;0;0;0;1;1;0;0;0;1;0;1;0;1;0;0;0;1;0;0;1;0;0;28.6366666666667
1;0;1;1;0;1;1;1;1;0;1;1;0;1;0;1;0;1;0;0;0;1;1;0;0;0;0;1;0;0;0;1;0;1;1;0;0;0;0;28.6633333333333
1;0;1;1;1;0;1;1;1;0;1;1;1;0;1;1;0;1;0;0;0;1;0;0;1;0;0;1;0;0;0;0;1;1;0;0;0;1;0;30.75
1;1;0;1;0;1;1;1;1;0;1;1;0;1;0;1;1;0;0;0;0;1;0;1;0;0;0;1;0;0;0;0;1;1;0;0;0;1;0;28.6333333333333
1;0;1;0;0;0;1;1;1;1;0;1;1;0;1;1;0;1;0;0;0;1;0;0;0;0;1;1;0;1;0;0;0;1;1;0;0;0;0;24.0566666666667
1;0;1;0;0;0;0;1;1;1;0;1;0;1;0;1;0;0;0;0;1;1;0;1;0;0;0;1;0;1;0;0;0;1;0;0;0;0;1;29.1
1;0;1;1;1;0;1;1;1;0;1;1;1;0;1;1;0;0;0;1;0;1;0;0;0;1;0;1;0;1;0;0;0;1;1;0;0;0;0;30.95
1;1;0;0;0;0;0;1;1;0;1;1;1;0;1;1;0;0;1;0;0;1;1;0;0;0;0;1;0;1;0;0;0;1;0;0;0;1;0;28.62
1;1;0;0;0;0;0;1;1;0;1;1;0;1;0;1;0;0;0;1;0;1;0;0;0;0;1;1;1;0;0;0;0;1;1;0;0;0;0;29.15
1;0;1;1;0;1;1;1;1;0;1;1;0;1;0;1;0;1;0;0;0;1;0;0;1;0;0;1;0;0;0;0;1;1;1;0;0;0;0;28.2466666666667
1;0;1;0;0;0;0;1;1;0;1;1;1;0;0;1;1;0;0;0;0;1;0;0;0;0;1;1;1;0;0;0;0;1;0;0;0;0;1;30.3066666666667
1;0;1;0;0;0;1;1;1;1;0;1;1;0;1;1;0;0;1;0;0;1;1;0;0;0;0;1;1;0;0;0;0;1;0;1;0;0;0;26.62
1;0;1;0;0;0;0;1;1;0;1;1;1;0;0;1;1;0;0;0;0;1;0;1;0;0;0;1;1;0;0;0;0;1;0;0;0;0;1;29.9966666666667
1;1;0;0;0;0;0;1;1;0;1;1;0;1;0;1;1;0;0;0;0;1;0;0;0;1;0;1;0;0;1;0;0;1;1;0;0;0;0;29.4033333333333
1;0;1;0;0;0;0;1;1;1;0;1;0;1;0;1;0;0;0;1;0;1;1;0;0;0;0;1;1;0;0;0;0;1;0;0;0;0;1;29.1333333333333
1;0;1;1;0;1;1;1;1;0;1;1;0;1;0;1;0;0;1;0;0;1;0;1;0;0;0;1;0;0;0;0;1;1;1;0;0;0;0;28.6133333333333
1;1;0;0;0;0;0;1;1;0;1;1;0;1;0;1;0;0;0;0;1;1;0;0;0;1;0;1;1;0;0;0;0;1;1;0;0;0;0;29.13
1;1;0;0;0;0;0;1;1;0;1;1;0;1;1;1;0;0;0;1;0;1;0;0;1;0;0;1;0;0;0;0;1;1;0;0;1;0;0;29.0766666666667
1;0;1;1;1;0;1;1;1;0;1;1;1;0;1;1;0;0;1;0;0;1;0;0;0;1;0;1;1;0;0;0;0;1;0;0;0;0;1;31.1266666666667
1;1;0;0;0;0;0;1;1;0;1;1;0;1;0;1;0;1;0;0;0;1;0;1;0;0;0;1;1;0;0;0;0;1;1;0;0;0;0;28.4733333333333
1;0;1;0;0;0;1;1;1;1;0;1;1;0;1;1;1;0;0;0;0;1;0;1;0;0;0;1;0;0;0;1;0;1;0;0;0;1;0;25.1933333333333
1;0;1;1;1;0;1;1;1;0;1;1;1;0;1;1;0;0;0;1;0;1;1;0;0;0;0;1;1;0;0;0;0;1;0;0;0;1;0;30.8066666666667
1;0;1;1;0;1;1;1;1;0;1;1;0;1;0;1;0;0;1;0;0;1;0;0;0;0;1;1;0;0;1;0;0;1;0;0;1;0;0;28.6233333333333
1;0;1;1;0;1;1;1;1;0;1;1;0;1;0;1;0;0;1;0;0;1;0;0;0;1;0;1;0;0;0;0;1;1;0;0;0;0;1;29.6966666666667
1;0;1;1;0;1;1;1;1;0;1;1;0;1;0;1;0;0;0;0;1;1;0;0;0;1;0;1;0;0;0;0;1;1;0;0;0;0;1;29.18
1;0;1;1;1;0;1;1;1;0;1;1;1;0;1;1;0;0;0;1;0;1;0;0;0;0;1;1;0;0;0;1;0;1;0;0;0;1;0;30.8166666666667
1;0;1;1;0;1;1;1;1;0;1;1;0;1;0;1;0;0;1;0;0;1;0;1;0;0;0;1;0;0;1;0;0;1;0;1;0;0;0;28.29
1;0;1;1;0;1;1;1;1;0;1;1;0;1;0;1;1;0;0;0;0;1;0;0;1;0;0;1;0;1;0;0;0;1;0;0;1;0;0;28.57
1;0;1;1;0;1;1;1;1;0;1;1;0;1;0;1;0;0;0;1;0;1;0;0;1;0;0;1;0;1;0;0;0;1;0;0;1;0;0;29.1666666666667
1;0;1;0;0;0;1;1;1;1;0;1;1;0;1;1;1;0;0;0;0;1;0;0;0;0;1;1;0;0;0;0;1;1;0;1;0;0;0;26.45
1;0;1;1;0;1;1;1;1;0;1;1;0;1;0;1;1;0;0;0;0;1;0;1;0;0;0;1;0;0;0;1;0;1;0;0;1;0;0;30.7266666666667
1;1;0;0;0;0;0;1;1;0;1;1;0;1;1;1;0;0;0;0;1;1;1;0;0;0;0;1;0;0;0;1;0;1;0;1;0;0;0;29.02
1;0;1;0;0;0;0;1;1;0;1;1;0;1;0;1;0;0;1;0;0;1;0;1;0;0;0;1;0;0;0;0;1;1;1;0;0;0;0;29.18
1;0;1;1;1;0;0;1;1;1;0;1;1;0;0;1;0;0;1;0;0;1;0;0;1;0;0;1;0;0;1;0;0;1;1;0;0;0;0;9.09333333333333
1;1;0;0;0;0;0;1;1;0;1;1;0;1;1;1;0;0;1;0;0;1;0;1;0;0;0;1;0;0;0;1;0;1;0;0;0;0;1;28.23
1;1;0;0;0;0;0;1;1;0;1;1;0;1;1;1;1;0;0;0;0;1;0;0;1;0;0;1;0;0;0;1;0;1;0;0;1;0;0;29.7366666666667
1;1;0;0;0;0;0;1;1;0;1;1;1;0;1;1;1;0;0;0;0;1;0;0;0;1;0;1;0;0;1;0;0;1;0;1;0;0;0;28.9
1;0;1;1;0;1;1;1;1;0;1;1;0;1;0;1;0;1;0;0;0;1;0;0;0;1;0;1;0;0;0;0;1;1;0;0;1;0;0;28.5033333333333
1;0;1;0;0;0;0;1;1;1;0;1;0;1;0;1;0;1;0;0;0;1;1;0;0;0;0;1;0;0;0;0;1;1;0;0;1;0;0;28.6066666666667
1;0;1;1;1;0;1;1;1;0;1;1;1;0;1;1;0;0;0;1;0;1;1;0;0;0;0;1;1;0;0;0;0;1;1;0;0;0;0;31.1166666666667
1;0;1;1;0;1;1;1;1;0;1;1;0;1;0;1;0;0;0;1;0;1;0;0;1;0;0;1;0;1;0;0;0;1;0;0;0;1;0;29.0933333333333
1;0;1;0;0;0;0;1;1;0;1;1;0;1;0;1;1;0;0;0;0;1;0;1;0;0;0;1;0;1;0;0;0;1;0;0;0;0;1;28.64
1;1;0;0;0;0;0;1;1;0;1;1;0;1;0;1;1;0;0;0;0;1;0;0;1;0;0;1;1;0;0;0;0;1;1;0;0;0;0;29.0366666666667
1;1;0;0;0;0;0;1;1;0;1;1;0;1;1;1;0;0;0;1;0;1;0;0;0;1;0;1;1;0;0;0;0;1;0;1;0;0;0;28.4833333333333
1;1;0;0;0;0;0;1;1;0;1;1;0;1;0;1;1;0;0;0;0;1;0;0;0;0;1;1;1;0;0;0;0;1;0;0;1;0;0;28.5366666666667
1;0;1;0;0;0;1;1;1;1;0;1;1;0;1;1;0;0;0;0;1;1;0;0;0;0;1;1;0;1;0;0;0;1;0;1;0;0;0;23.8766666666667
1;0;1;1;1;0;1;1;1;0;1;1;1;0;1;1;1;0;0;0;0;1;0;0;0;0;1;1;0;0;0;1;0;1;1;0;0;0;0;30.9466666666667
1;0;1;1;1;0;0;1;1;1;0;1;1;0;0;1;1;0;0;0;0;1;0;0;0;1;0;1;0;1;0;0;0;1;0;0;1;0;0;6.03333333333333
1;1;0;0;0;0;0;1;1;0;1;1;0;1;1;1;0;0;1;0;0;1;0;0;0;1;0;1;0;0;1;0;0;1;0;1;0;0;0;29.0666666666667
1;1;0;0;0;0;0;1;1;0;1;1;0;1;1;1;0;0;0;0;1;1;0;0;0;0;1;1;0;0;1;0;0;1;1;0;0;0;0;28.62
1;0;1;0;0;0;0;1;1;0;1;1;0;1;0;1;1;0;0;0;0;1;0;1;0;0;0;1;0;0;0;1;0;1;0;0;0;0;1;29.16
1;1;0;0;0;0;0;1;1;0;1;1;0;1;0;1;1;0;0;0;0;1;1;0;0;0;0;1;0;1;0;0;0;1;0;0;0;0;1;28.6166666666667
1;0;1;1;0;1;1;1;1;0;1;1;0;1;0;1;0;0;1;0;0;1;0;0;1;0;0;1;0;0;0;0;1;1;0;1;0;0;0;29.5466666666667
1;0;1;0;0;0;1;1;1;1;0;1;1;0;1;1;1;0;0;0;0;1;0;0;0;0;1;1;0;0;1;0;0;1;0;0;1;0;0;24.0566666666667
1;1;0;0;0;0;0;1;1;0;1;1;0;1;1;1;0;1;0;0;0;1;0;0;1;0;0;1;1;0;0;0;0;1;0;0;0;0;1;28.61
1;0;1;0;0;0;1;1;1;1;0;1;1;0;1;1;0;1;0;0;0;1;1;0;0;0;0;1;1;0;0;0;0;1;1;0;0;0;0;25.2933333333333
1;0;1;0;0;0;1;1;1;1;0;1;1;0;1;1;0;1;0;0;0;1;0;0;0;0;1;1;0;0;0;0;1;1;0;0;0;0;1;24.0333333333333
1;1;0;0;0;0;0;1;1;0;1;1;0;1;0;1;0;0;0;1;0;1;0;0;0;0;1;1;0;0;0;1;0;1;0;0;0;1;0;28.5766666666667
1;1;0;0;0;0;0;1;1;0;1;1;0;1;1;1;0;1;0;0;0;1;0;0;1;0;0;1;0;0;1;0;0;1;0;0;0;1;0;29.6266666666667
1;0;1;0;0;0;1;1;1;1;0;1;1;0;1;1;0;0;1;0;0;1;0;1;0;0;0;1;1;0;0;0;0;1;0;1;0;0;0;26.6
1;0;1;0;0;0;0;1;1;1;0;1;1;0;0;1;0;0;1;0;0;1;0;0;0;1;0;1;1;0;0;0;0;1;0;0;0;0;1;7.23
1;0;1;1;0;1;1;1;1;0;1;1;0;1;0;1;0;0;0;0;1;1;1;0;0;0;0;1;0;0;0;0;1;1;0;0;1;0;0;29.14
1;0;1;0;0;0;1;1;1;1;0;1;1;0;1;1;0;0;0;0;1;1;0;0;0;1;0;1;0;0;0;0;1;1;1;0;0;0;0;25.39
1;1;0;0;0;0;0;1;1;0;1;1;0;1;1;1;0;0;1;0;0;1;0;0;1;0;0;1;0;0;0;1;0;1;0;0;0;0;1;28.3433333333333
1;0;1;0;0;0;1;1;1;1;0;1;1;0;1;1;0;1;0;0;0;1;0;1;0;0;0;1;0;0;0;1;0;1;0;0;0;0;1;25.2066666666667
1;0;1;0;0;0;1;1;1;1;0;1;1;0;1;1;0;0;1;0;0;1;1;0;0;0;0;1;0;1;0;0;0;1;0;1;0;0;0;25.6666666666667
1;1;0;0;0;0;0;1;1;0;1;1;0;1;1;1;1;0;0;0;0;1;1;0;0;0;0;1;0;0;1;0;0;1;1;0;0;0;0;28.4133333333333
1;0;1;0;0;0;1;1;1;1;0;1;1;0;1;1;0;0;0;0;1;1;1;0;0;0;0;1;0;0;0;1;0;1;0;0;0;0;1;23.8366666666667
1;0;1;1;1;0;1;1;1;0;1;1;1;0;1;1;0;0;1;0;0;1;1;0;0;0;0;1;0;0;0;0;1;1;0;1;0;0;0;30.9766666666667
1;1;0;0;0;0;0;1;1;0;1;1;0;1;1;1;1;0;0;0;0;1;0;0;1;0;0;1;1;0;0;0;0;1;0;0;1;0;0;28.5766666666667
1;1;0;0;0;0;0;1;1;0;1;1;0;1;1;1;0;1;0;0;0;1;0;0;0;0;1;1;0;0;0;0;1;1;0;0;1;0;0;29.0266666666667
1;1;0;0;0;0;0;1;1;0;1;1;0;1;0;1;1;0;0;0;0;1;1;0;0;0;0;1;1;0;0;0;0;1;0;0;1;0;0;28.7766666666667
1;1;0;0;0;0;0;1;1;0;1;1;0;1;1;1;0;0;0;1;0;1;0;0;1;0;0;1;0;0;1;0;0;1;0;1;0;0;0;28.3966666666667
1;0;1;1;1;0;1;1;1;0;1;1;1;0;1;1;0;0;1;0;0;1;0;1;0;0;0;1;0;0;1;0;0;1;0;0;0;1;0;30.9
1;0;1;1;1;0;1;1;1;0;1;1;1;0;1;1;0;0;1;0;0;1;1;0;0;0;0;1;0;0;1;0;0;1;1;0;0;0;0;30.9533333333333
1;0;1;0;0;0;1;1;1;1;0;1;1;0;1;1;0;1;0;0;0;1;0;0;0;0;1;1;0;0;1;0;0;1;0;0;0;0;1;24.03
1;0;1;1;0;1;1;1;1;0;1;1;0;1;0;1;0;0;0;0;1;1;0;0;0;1;0;1;0;0;0;0;1;1;1;0;0;0;0;28.5533333333333
1;0;1;1;0;1;1;1;1;0;1;1;0;1;0;1;0;1;0;0;0;1;0;0;0;0;1;1;0;0;0;0;1;1;0;0;0;0;1;29.5033333333333
1;0;1;0;0;0;0;1;1;0;1;1;0;1;0;1;0;0;0;0;1;1;0;0;1;0;0;1;0;0;0;1;0;1;1;0;0;0;0;28.66
1;0;1;1;1;0;1;1;1;0;1;1;1;0;1;1;0;1;0;0;0;1;0;1;0;0;0;1;0;0;0;1;0;1;0;0;0;1;0;30.93
1;0;1;0;0;0;1;1;1;1;0;1;1;0;1;1;1;0;0;0;0;1;0;0;1;0;0;1;1;0;0;0;0;1;0;1;0;0;0;25.1866666666667
1;1;0;0;0;0;0;1;1;0;1;1;0;1;1;1;0;1;0;0;0;1;1;0;0;0;0;1;0;0;1;0;0;1;0;0;1;0;0;28.6733333333333
1;1;0;0;0;0;0;1;1;0;1;1;0;1;1;1;0;0;0;0;1;1;0;1;0;0;0;1;1;0;0;0;0;1;0;0;0;1;0;29.56
1;0;1;1;0;1;1;1;1;0;1;1;0;1;0;1;0;0;1;0;0;1;1;0;0;0;0;1;0;0;1;0;0;1;0;0;1;0;0;28.94
1;0;1;1;1;0;1;1;1;0;1;1;1;0;1;1;0;0;0;1;0;1;0;0;0;0;1;1;0;0;0;1;0;1;0;1;0;0;0;31.2133333333333
1;0;1;0;0;0;0;1;1;1;0;1;0;1;0;1;0;1;0;0;0;1;0;0;0;1;0;1;0;0;0;1;0;1;0;0;0;0;1;29.0533333333333
1;0;1;0;0;0;0;1;1;1;0;1;0;1;0;1;1;0;0;0;0;1;1;0;0;0;0;1;1;0;0;0;0;1;0;0;1;0;0;28.67
1;0;1;0;0;0;1;1;1;1;0;1;1;0;1;1;0;0;0;1;0;1;0;0;1;0;0;1;0;0;0;1;0;1;1;0;0;0;0;26.4666666666667
1;0;1;1;0;1;1;1;1;0;1;1;0;1;0;1;0;0;0;0;1;1;1;0;0;0;0;1;0;0;1;0;0;1;1;0;0;0;0;28.59
1;0;1;1;1;0;1;1;1;0;1;1;1;0;1;1;0;1;0;0;0;1;0;0;0;0;1;1;0;0;0;1;0;1;0;0;0;0;1;30.9666666666667
1;0;1;1;1;0;1;1;1;0;1;1;1;0;1;1;0;0;0;0;1;1;0;0;1;0;0;1;0;0;0;1;0;1;0;0;0;1;0;30.86
1;0;1;1;1;0;1;1;1;0;1;1;1;0;1;1;0;0;0;0;1;1;0;0;0;0;1;1;0;0;0;1;0;1;0;0;1;0;0;30.7933333333333
1;0;1;0;0;0;0;1;1;0;1;1;0;1;0;1;1;0;0;0;0;1;0;0;1;0;0;1;0;1;0;0;0;1;1;0;0;0;0;28.5566666666667
1;0;1;0;0;0;1;1;1;1;0;1;1;0;1;1;0;1;0;0;0;1;0;0;0;0;1;1;0;0;0;1;0;1;0;0;0;0;1;28.1266666666667
1;1;0;0;0;0;0;1;1;0;1;1;0;1;1;1;0;1;0;0;0;1;0;0;1;0;0;1;0;0;1;0;0;1;0;0;0;0;1;28.5633333333333
1;0;1;0;0;0;0;1;1;0;1;1;1;0;1;1;1;0;0;0;0;1;0;0;0;1;0;1;0;0;1;0;0;1;0;1;0;0;0;28.9966666666667
1;0;1;0;0;0;0;1;1;0;1;1;0;1;1;1;0;0;0;0;1;1;0;0;0;1;0;1;0;0;0;0;1;1;0;0;0;1;0;28.7166666666667
1;0;1;0;0;0;1;1;1;1;0;1;1;0;1;1;0;0;1;0;0;1;0;0;0;1;0;1;0;1;0;0;0;1;0;0;0;1;0;24.1766666666667
1;0;1;0;0;0;0;1;1;1;0;1;0;1;0;1;1;0;0;0;0;1;0;1;0;0;0;1;1;0;0;0;0;1;1;0;0;0;0;28.4
1;0;1;1;1;0;1;1;1;0;1;1;1;0;1;1;0;0;0;1;0;1;0;1;0;0;0;1;1;0;0;0;0;1;1;0;0;0;0;31.0333333333333
1;1;0;1;0;1;1;1;1;0;1;1;0;1;0;1;0;0;0;1;0;1;1;0;0;0;0;1;0;0;0;0;1;1;0;0;1;0;0;29.1466666666667
1;0;1;1;0;1;1;1;1;0;1;1;0;1;0;1;0;0;1;0;0;1;0;0;0;1;0;1;0;1;0;0;0;1;0;0;0;1;0;29.5066666666667
1;0;1;1;1;0;1;1;1;0;1;1;1;0;1;1;0;0;1;0;0;1;1;0;0;0;0;1;0;0;0;0;1;1;0;0;0;1;0;30.78
1;0;1;1;1;0;1;1;1;0;1;1;1;0;1;1;0;0;0;1;0;1;0;0;0;0;1;1;1;0;0;0;0;1;0;0;1;0;0;30.7966666666667
1;0;1;1;1;0;1;1;1;0;1;1;1;0;1;1;0;0;0;1;0;1;0;0;1;0;0;1;0;0;0;0;1;1;1;0;0;0;0;31.06
1;0;1;1;0;1;1;1;1;0;1;1;0;1;0;1;0;1;0;0;0;1;0;0;0;1;0;1;0;1;0;0;0;1;1;0;0;0;0;29.24
1;1;0;0;0;0;0;1;1;0;1;1;0;1;1;1;0;0;1;0;0;1;1;0;0;0;0;1;0;0;0;0;1;1;1;0;0;0;0;28.5766666666667
1;1;0;0;0;0;0;1;1;0;1;1;1;0;1;1;0;0;0;0;1;1;0;0;0;0;1;1;0;0;0;0;1;1;0;0;0;0;1;28.2066666666667
1;1;0;1;1;0;0;1;1;0;1;1;1;0;0;1;0;0;1;0;0;1;1;0;0;0;0;1;1;0;0;0;0;1;0;0;0;0;1;30.16
1;1;0;0;0;0;0;1;1;0;1;1;0;1;0;1;0;0;0;1;0;1;0;0;0;1;0;1;1;0;0;0;0;1;0;1;0;0;0;28.44
1;0;1;0;0;0;1;1;1;1;0;1;1;0;1;1;0;0;1;0;0;1;1;0;0;0;0;1;0;0;0;0;1;1;0;1;0;0;0;26.4933333333333
1;1;0;0;0;0;0;1;1;0;1;1;0;1;0;1;1;0;0;0;0;1;0;0;1;0;0;1;0;1;0;0;0;1;1;0;0;0;0;28.23
1;0;1;1;1;0;1;1;1;0;1;1;1;0;1;1;0;0;1;0;0;1;0;0;1;0;0;1;0;0;1;0;0;1;1;0;0;0;0;30.8266666666667
1;0;1;1;0;1;1;1;1;0;1;1;0;1;0;1;0;0;1;0;0;1;1;0;0;0;0;1;0;0;1;0;0;1;0;0;0;0;1;28.78
1;0;1;1;1;0;1;1;1;0;1;1;1;0;1;1;0;0;0;1;0;1;0;1;0;0;0;1;0;0;0;1;0;1;0;0;0;1;0;30.7366666666667
1;0;1;1;1;0;1;1;1;0;1;1;1;0;1;1;0;0;1;0;0;1;0;0;1;0;0;1;0;0;1;0;0;1;0;0;0;0;1;31.1333333333333
1;0;1;0;0;0;0;1;1;1;0;1;0;1;0;1;1;0;0;0;0;1;0;1;0;0;0;1;0;1;0;0;0;1;0;1;0;0;0;29.1433333333333
1;0;1;1;0;1;1;1;1;0;1;1;0;1;0;1;0;0;0;1;0;1;0;0;0;1;0;1;0;0;0;1;0;1;0;1;0;0;0;28.5666666666667
1;0;1;1;1;0;1;1;1;0;1;1;1;0;1;1;0;0;0;1;0;1;0;1;0;0;0;1;0;0;0;1;0;1;1;0;0;0;0;30.99
1;0;1;1;0;1;1;1;1;0;1;1;0;1;0;1;0;0;0;1;0;1;0;0;1;0;0;1;0;0;1;0;0;1;0;0;0;0;1;29.1733333333333
1;0;1;0;0;0;1;1;1;1;0;1;1;0;1;1;0;0;1;0;0;1;0;0;1;0;0;1;0;1;0;0;0;1;0;0;0;1;0;25.2766666666667
1;1;0;0;0;0;0;1;1;0;1;1;0;1;1;1;0;0;0;0;1;1;0;0;0;0;1;1;0;0;1;0;0;1;0;0;0;1;0;28.5533333333333
1;0;1;0;0;0;1;1;1;1;0;1;1;0;1;1;0;0;0;0;1;1;0;0;0;1;0;1;0;0;0;0;1;1;0;1;0;0;0;25.1466666666667
1;1;0;0;0;0;0;1;1;0;1;1;1;0;1;1;0;0;1;0;0;1;0;0;1;0;0;1;0;0;0;0;1;1;0;0;1;0;0;29.1366666666667
1;0;1;1;1;0;1;1;1;0;1;1;1;0;1;1;0;0;0;0;1;1;1;0;0;0;0;1;0;0;0;1;0;1;0;0;0;1;0;31.1066666666667
1;0;1;1;1;0;1;1;1;0;1;1;1;0;1;1;0;0;1;0;0;1;0;0;0;1;0;1;0;1;0;0;0;1;0;1;0;0;0;31.0266666666667
1;0;1;0;0;0;1;1;1;1;0;1;1;0;1;1;0;1;0;0;0;1;0;1;0;0;0;1;0;0;0;1;0;1;0;0;0;1;0;23.8133333333333
1;0;1;0;0;0;1;1;1;1;0;1;1;0;1;1;0;0;1;0;0;1;1;0;0;0;0;1;1;0;0;0;0;1;0;0;0;1;0;25.3933333333333
1;0;1;1;0;1;1;1;1;0;1;1;0;1;0;1;0;1;0;0;0;1;0;1;0;0;0;1;0;1;0;0;0;1;0;0;1;0;0;29.5866666666667
1;0;1;0;0;0;0;1;1;1;0;1;0;1;0;1;0;1;0;0;0;1;0;1;0;0;0;1;1;0;0;0;0;1;0;0;0;1;0;29.6566666666667
1;0;1;0;0;0;0;1;1;0;1;1;1;0;0;1;0;0;0;1;0;1;0;1;0;0;0;1;0;0;1;0;0;1;0;0;0;1;0;29.1866666666667
1;0;1;0;0;0;1;1;1;1;0;1;1;0;1;1;1;0;0;0;0;1;0;0;0;1;0;1;0;0;1;0;0;1;0;0;0;1;0;25.4233333333333
1;0;1;1;0;1;1;1;1;0;1;1;0;1;0;1;0;0;0;0;1;1;0;0;0;1;0;1;0;0;0;0;1;1;0;0;1;0;0;28.5266666666667
1;0;1;1;1;0;1;1;1;0;1;1;1;0;1;1;1;0;0;0;0;1;0;1;0;0;0;1;0;0;0;1;0;1;0;0;1;0;0;31.1533333333333
1;1;0;0;0;0;0;1;1;0;1;1;0;1;1;1;0;1;0;0;0;1;0;1;0;0;0;1;0;0;0;0;1;1;0;0;1;0;0;28.8666666666667
1;0;1;0;0;0;1;1;1;1;0;1;1;0;1;1;0;0;0;1;0;1;0;0;0;0;1;1;0;0;0;1;0;1;0;1;0;0;0;26.42
1;0;1;1;1;0;1;1;1;0;1;1;1;0;1;1;0;0;0;1;0;1;1;0;0;0;0;1;0;1;0;0;0;1;1;0;0;0;0;30.6033333333333
1;0;1;0;0;0;0;1;1;0;1;1;1;0;0;1;0;0;1;0;0;1;0;0;1;0;0;1;0;0;1;0;0;1;1;0;0;0;0;29.36
1;0;1;1;1;0;1;1;1;0;1;1;1;0;1;1;0;0;0;1;0;1;1;0;0;0;0;1;0;0;0;0;1;1;0;0;0;1;0;30.8466666666667
1;0;1;0;0;0;0;1;1;1;0;1;0;1;0;1;0;1;0;0;0;1;0;0;0;1;0;1;0;1;0;0;0;1;0;1;0;0;0;29.0066666666667
1;1;0;0;0;0;0;1;1;0;1;1;0;1;0;1;0;0;0;0;1;1;0;0;0;0;1;1;0;0;0;1;0;1;0;0;1;0;0;28.4133333333333
1;1;0;0;0;0;0;1;1;0;1;1;0;1;1;1;0;0;1;0;0;1;1;0;0;0;0;1;0;1;0;0;0;1;0;0;0;1;0;29.6466666666667
1;0;1;1;1;0;1;1;1;0;1;1;1;0;1;1;1;0;0;0;0;1;0;1;0;0;0;1;0;0;0;1;0;1;0;0;0;0;1;30.89
1;1;0;0;0;0;0;1;1;0;1;1;0;1;1;1;0;1;0;0;0;1;1;0;0;0;0;1;1;0;0;0;0;1;1;0;0;0;0;29.1666666666667
1;0;1;1;1;0;1;1;1;0;1;1;1;0;1;1;1;0;0;0;0;1;0;0;0;1;0;1;0;0;0;1;0;1;0;1;0;0;0;30.6233333333333
1;0;1;1;1;0;1;1;1;0;1;1;1;0;1;1;0;0;1;0;0;1;0;1;0;0;0;1;0;0;0;1;0;1;0;1;0;0;0;31.0166666666667
1;1;0;1;0;1;1;1;1;0;1;1;0;1;0;1;0;1;0;0;0;1;0;1;0;0;0;1;1;0;0;0;0;1;0;0;0;1;0;29.2433333333333
1;0;1;1;0;1;1;1;1;0;1;1;0;1;0;1;0;0;0;0;1;1;1;0;0;0;0;1;0;1;0;0;0;1;0;0;0;0;1;29.18
1;0;1;1;1;0;1;1;1;0;1;1;1;0;1;1;0;1;0;0;0;1;0;0;1;0;0;1;0;0;1;0;0;1;0;0;0;1;0;31.0866666666667
1;1;0;0;0;0;0;1;1;0;1;1;0;1;1;1;0;0;0;0;1;1;1;0;0;0;0;1;0;0;0;0;1;1;0;0;1;0;0;29.71
1;0;1;1;1;0;1;1;1;0;1;1;1;0;1;1;0;1;0;0;0;1;0;0;1;0;0;1;0;0;1;0;0;1;1;0;0;0;0;30.8666666666667
1;1;0;1;0;1;1;1;1;0;1;1;0;1;0;1;0;1;0;0;0;1;1;0;0;0;0;1;0;0;1;0;0;1;0;0;0;0;1;28.33
1;0;1;1;1;0;1;1;1;0;1;1;1;0;1;1;0;0;1;0;0;1;0;1;0;0;0;1;0;0;0;1;0;1;1;0;0;0;0;31.2933333333333
1;1;0;0;0;0;0;1;1;0;1;1;0;1;1;1;0;0;0;0;1;1;1;0;0;0;0;1;0;1;0;0;0;1;0;0;0;0;1;29.1333333333333
1;0;1;0;0;0;0;1;1;1;0;1;0;1;0;1;0;0;0;1;0;1;0;1;0;0;0;1;0;0;0;1;0;1;0;0;0;0;1;29.03
1;0;1;1;0;1;1;1;1;0;1;1;0;1;0;1;0;0;0;0;1;1;0;0;0;0;1;1;0;1;0;0;0;1;0;0;0;0;1;28.6033333333333
1;0;1;0;0;0;1;1;1;1;0;1;1;0;1;1;0;0;0;1;0;1;0;0;0;0;1;1;0;0;1;0;0;1;0;0;1;0;0;26.4433333333333
1;0;1;0;0;0;1;1;1;1;0;1;1;0;1;1;0;0;0;1;0;1;0;1;0;0;0;1;0;0;1;0;0;1;0;1;0;0;0;26.46
1;1;0;0;0;0;0;1;1;0;1;1;0;1;1;1;1;0;0;0;0;1;0;1;0;0;0;1;0;0;0;0;1;1;1;0;0;0;0;28.5333333333333
1;1;0;0;0;0;0;1;1;0;1;1;0;1;0;1;1;0;0;0;0;1;0;0;1;0;0;1;1;0;0;0;0;1;0;0;0;1;0;29.0033333333333
1;0;1;0;0;0;0;1;1;1;0;1;0;1;0;1;0;0;0;0;1;1;1;0;0;0;0;1;0;0;1;0;0;1;0;0;1;0;0;28.7233333333333
1;0;1;1;1;0;1;1;1;0;1;1;1;0;1;1;1;0;0;0;0;1;0;0;0;1;0;1;0;0;0;0;1;1;1;0;0;0;0;31.1166666666667
1;1;0;0;0;0;0;1;1;0;1;1;1;0;1;1;0;0;0;1;0;1;0;0;0;0;1;1;1;0;0;0;0;1;0;0;0;0;1;28.5533333333333
1;0;1;1;1;0;1;1;1;0;1;1;1;0;1;1;0;1;0;0;0;1;0;0;0;1;0;1;0;0;1;0;0;1;0;0;0;1;0;31.0666666666667
1;0;1;1;1;0;1;1;1;0;1;1;1;0;1;1;0;0;0;1;0;1;0;0;1;0;0;1;0;0;1;0;0;1;0;0;0;1;0;31.0666666666667
1;1;0;0;0;0;0;1;1;0;1;1;0;1;1;1;1;0;0;0;0;1;0;1;0;0;0;1;0;0;1;0;0;1;0;1;0;0;0;28.5233333333333
1;0;1;0;0;0;1;1;1;1;0;1;1;0;1;1;0;0;0;1;0;1;0;1;0;0;0;1;1;0;0;0;0;1;0;1;0;0;0;25.34
1;0;1;1;1;0;1;1;1;0;1;1;1;0;1;1;0;1;0;0;0;1;0;0;1;0;0;1;0;1;0;0;0;1;0;1;0;0;0;30.8333333333333
1;1;0;0;0;0;0;1;1;0;1;1;1;0;1;1;0;0;0;0;1;1;0;0;0;1;0;1;0;0;1;0;0;1;0;1;0;0;0;29.0833333333333
1;1;0;0;0;0;0;1;1;0;1;1;1;0;1;1;0;1;0;0;0;1;1;0;0;0;0;1;0;0;1;0;0;1;0;0;1;0;0;29.12
1;1;0;0;0;0;0;1;1;0;1;1;1;0;1;1;0;1;0;0;0;1;1;0;0;0;0;1;1;0;0;0;0;1;0;0;0;0;1;28.5633333333333
1;1;0;0;0;0;0;1;1;0;1;1;0;1;1;1;0;0;0;1;0;1;1;0;0;0;0;1;0;0;1;0;0;1;0;0;1;0;0;29.16
1;0;1;1;1;0;1;1;1;0;1;1;1;0;1;1;0;0;1;0;0;1;0;1;0;0;0;1;0;0;0;0;1;1;0;0;0;1;0;31.05
1;0;1;1;0;1;1;1;1;0;1;1;0;1;0;1;0;0;0;0;1;1;0;0;0;0;1;1;1;0;0;0;0;1;0;0;1;0;0;28.9766666666667
1;1;0;1;0;1;1;1;1;0;1;1;0;1;0;1;0;0;0;0;1;1;1;0;0;0;0;1;0;1;0;0;0;1;0;0;0;0;1;28.62
1;1;0;0;0;0;0;1;1;0;1;1;0;1;0;1;0;0;0;0;1;1;0;0;0;1;0;1;0;1;0;0;0;1;0;1;0;0;0;28.6033333333333
1;0;1;1;1;0;1;1;1;0;1;1;1;0;1;1;0;1;0;0;0;1;0;0;0;0;1;1;0;1;0;0;0;1;0;1;0;0;0;30.92
1;0;1;1;1;0;1;1;1;0;1;1;1;0;1;1;0;0;1;0;0;1;0;0;1;0;0;1;0;0;1;0;0;1;0;1;0;0;0;30.9666666666667
1;0;1;1;0;1;0;1;1;1;0;1;1;0;0;1;0;0;1;0;0;1;0;0;1;0;0;1;0;0;0;0;1;1;0;0;0;0;1;7.48
1;0;1;1;0;1;1;1;1;0;1;1;0;1;0;1;1;0;0;0;0;1;0;0;0;1;0;1;0;0;0;0;1;1;0;0;0;1;0;29.2333333333333
1;0;1;1;1;0;1;1;1;0;1;1;1;0;1;1;1;0;0;0;0;1;0;1;0;0;0;1;0;0;0;1;0;1;1;0;0;0;0;30.87
1;1;0;0;0;0;0;1;1;0;1;1;1;0;1;1;0;0;0;0;1;1;1;0;0;0;0;1;0;1;0;0;0;1;0;1;0;0;0;28.9033333333333
1;1;0;0;0;0;0;1;1;0;1;1;0;1;1;1;0;0;1;0;0;1;0;0;0;1;0;1;0;0;0;1;0;1;0;0;0;0;1;29.1166666666667
1;1;0;0;0;0;0;1;1;0;1;1;0;1;0;1;1;0;0;0;0;1;1;0;0;0;0;1;0;0;0;1;0;1;0;0;1;0;0;28.6
1;1;0;0;0;0;0;1;1;0;1;1;0;1;1;1;0;0;0;0;1;1;0;0;1;0;0;1;0;0;0;0;1;1;0;0;1;0;0;29.5933333333333
1;1;0;0;0;0;0;1;1;0;1;1;0;1;0;1;0;0;0;0;1;1;0;0;1;0;0;1;1;0;0;0;0;1;1;0;0;0;0;28.6266666666667
1;0;1;1;0;1;1;1;1;0;1;1;0;1;0;1;1;0;0;0;0;1;0;0;1;0;0;1;0;0;1;0;0;1;0;1;0;0;0;29.1733333333333
1;0;1;1;1;0;1;1;1;0;1;1;1;0;1;1;1;0;0;0;0;1;0;0;0;1;0;1;0;0;1;0;0;1;0;0;0;1;0;31.0466666666667
1;0;1;1;0;1;1;1;1;0;1;1;0;1;0;1;0;0;0;1;0;1;0;0;1;0;0;1;1;0;0;0;0;1;0;0;1;0;0;29.41
1;0;1;1;0;1;1;1;1;0;1;1;0;1;0;1;0;0;1;0;0;1;0;0;0;1;0;1;1;0;0;0;0;1;0;1;0;0;0;28.1633333333333
1;0;1;1;1;0;1;1;1;0;1;1;1;0;1;1;0;1;0;0;0;1;0;0;1;0;0;1;0;1;0;0;0;1;1;0;0;0;0;30.9
1;0;1;1;1;0;1;1;1;0;1;1;1;0;1;1;0;0;0;1;0;1;0;1;0;0;0;1;0;1;0;0;0;1;1;0;0;0;0;31.0666666666667
1;0;1;1;0;1;1;1;1;0;1;1;0;1;0;1;0;1;0;0;0;1;1;0;0;0;0;1;0;0;0;1;0;1;0;0;0;1;0;29.0633333333333
1;0;1;1;0;1;1;1;1;0;1;1;0;1;0;1;0;0;0;0;1;1;0;0;0;1;0;1;0;0;1;0;0;1;0;0;1;0;0;29.6266666666667
1;0;1;0;0;0;0;1;1;1;0;1;0;1;0;1;0;0;1;0;0;1;0;1;0;0;0;1;1;0;0;0;0;1;0;0;1;0;0;29.0533333333333
1;0;1;1;0;1;1;1;1;0;1;1;0;1;0;1;1;0;0;0;0;1;0;0;0;1;0;1;0;0;0;0;1;1;1;0;0;0;0;28.58
1;1;0;1;0;1;1;1;1;0;1;1;1;0;0;1;1;0;0;0;0;1;1;0;0;0;0;1;1;0;0;0;0;1;0;1;0;0;0;28.5933333333333
1;1;0;0;0;0;0;1;1;0;1;1;0;1;1;1;0;1;0;0;0;1;0;1;0;0;0;1;0;0;1;0;0;1;0;1;0;0;0;29.5233333333333
1;0;1;1;0;1;1;1;1;0;1;1;0;1;0;1;0;0;1;0;0;1;0;1;0;0;0;1;0;0;0;0;1;1;0;0;1;0;0;29.1533333333333
1;1;0;0;0;0;0;1;1;0;1;1;1;0;1;1;0;0;0;1;0;1;1;0;0;0;0;1;0;0;1;0;0;1;0;1;0;0;0;29.69
1;1;0;0;0;0;0;1;1;0;1;1;1;0;1;1;0;0;0;0;1;1;0;0;1;0;0;1;0;0;0;1;0;1;0;0;0;0;1;30.1966666666667
1;0;1;1;1;0;1;1;1;0;1;1;1;0;1;1;0;0;0;0;1;1;0;0;0;0;1;1;0;0;0;1;0;1;1;0;0;0;0;31.0133333333333
1;0;1;1;0;1;1;1;1;0;1;1;0;1;0;1;0;0;1;0;0;1;0;0;0;0;1;1;0;1;0;0;0;1;0;1;0;0;0;28.6466666666667
1;1;0;0;0;0;0;1;1;0;1;1;1;0;1;1;0;1;0;0;0;1;1;0;0;0;0;1;1;0;0;0;0;1;0;0;1;0;0;29.0466666666667
1;0;1;1;0;1;1;1;1;0;1;1;0;1;0;1;0;0;0;0;1;1;1;0;0;0;0;1;0;0;0;1;0;1;1;0;0;0;0;28.6266666666667
1;1;0;0;0;0;0;1;1;0;1;1;1;0;1;1;0;1;0;0;0;1;0;0;1;0;0;1;0;0;1;0;0;1;0;0;1;0;0;29.68
1;0;1;1;0;1;1;1;1;0;1;1;0;1;0;1;0;0;1;0;0;1;0;0;0;1;0;1;0;1;0;0;0;1;0;0;1;0;0;29.6933333333333
1;1;0;0;0;0;0;1;1;0;1;1;0;1;1;1;1;0;0;0;0;1;0;1;0;0;0;1;1;0;0;0;0;1;1;0;0;0;0;28.64
1;1;0;0;0;0;0;1;1;0;1;1;1;0;1;1;0;0;0;0;1;1;0;0;0;0;1;1;0;1;0;0;0;1;0;1;0;0;0;28.5966666666667
1;0;1;1;1;0;1;1;1;0;1;1;1;0;1;1;0;0;0;0;1;1;1;0;0;0;0;1;0;0;1;0;0;1;0;0;0;0;1;30.9866666666667
1;0;1;1;0;1;0;1;1;1;0;1;1;0;0;1;0;0;1;0;0;1;1;0;0;0;0;1;0;1;0;0;0;1;0;0;1;0;0;4.44666666666667
1;0;1;1;1;0;1;1;1;0;1;1;1;0;1;1;0;0;0;0;1;1;0;0;0;0;1;1;0;1;0;0;0;1;0;0;0;0;1;30.86
1;0;1;1;1;0;0;1;1;1;0;1;1;0;0;1;0;0;1;0;0;1;0;0;1;0;0;1;0;0;1;0;0;1;0;0;0;0;1;8.14666666666667
1;0;1;0;0;0;1;1;1;1;0;1;1;0;1;1;0;1;0;0;0;1;0;0;0;1;0;1;0;0;0;0;1;1;0;0;1;0;0;25.2266666666667
1;0;1;1;0;1;1;1;1;0;1;1;0;1;0;1;0;1;0;0;0;1;0;0;0;1;0;1;0;0;0;1;0;1;0;0;1;0;0;29.13
1;1;0;0;0;0;0;1;1;0;1;1;0;1;0;1;0;0;1;0;0;1;0;0;0;0;1;1;1;0;0;0;0;1;0;0;0;1;0;28.0933333333333
1;0;1;1;0;1;1;1;1;0;1;1;0;1;0;1;0;0;0;1;0;1;0;1;0;0;0;1;0;0;1;0;0;1;0;0;0;0;1;28.5933333333333
1;0;1;1;0;1;1;1;1;0;1;1;0;1;0;1;0;0;0;0;1;1;0;0;0;1;0;1;0;0;0;0;1;1;0;1;0;0;0;29.6166666666667
1;0;1;1;1;0;1;1;1;0;1;1;1;0;1;1;0;1;0;0;0;1;0;0;0;0;1;1;0;0;1;0;0;1;0;0;1;0;0;30.8333333333333
1;1;0;1;1;0;0;1;1;0;1;1;1;0;0;1;0;0;1;0;0;1;0;1;0;0;0;1;0;0;1;0;0;1;0;0;0;0;1;30.3233333333333
1;0;1;0;0;0;1;1;1;1;0;1;1;0;1;1;1;0;0;0;0;1;1;0;0;0;0;1;1;0;0;0;0;1;0;0;0;1;0;25.4533333333333
1;0;1;1;0;1;1;1;1;0;1;1;0;1;0;1;0;0;0;0;1;1;1;0;0;0;0;1;0;0;1;0;0;1;0;0;1;0;0;29.5466666666667
1;1;0;0;0;0;0;1;1;0;1;1;0;1;1;1;0;0;0;0;1;1;0;0;1;0;0;1;0;0;0;1;0;1;0;0;0;0;1;28.6333333333333
1;0;1;0;0;0;0;1;1;0;1;1;0;1;0;1;0;0;0;1;0;1;0;1;0;0;0;1;0;0;0;0;1;1;1;0;0;0;0;28.62
1;0;1;1;0;1;1;1;1;0;1;1;0;1;0;1;0;0;1;0;0;1;0;0;0;0;1;1;1;0;0;0;0;1;1;0;0;0;0;29.54
1;0;1;1;0;1;1;1;1;0;1;1;0;1;0;1;0;0;1;0;0;1;0;0;0;0;1;1;0;0;1;0;0;1;1;0;0;0;0;28.6133333333333
1;0;1;1;1;0;1;1;1;0;1;1;1;0;1;1;0;0;0;1;0;1;0;0;1;0;0;1;0;0;0;0;1;1;0;0;0;0;1;31.1266666666667
1;0;1;0;0;0;0;1;1;1;0;1;1;0;1;1;0;0;0;0;1;1;0;0;1;0;0;1;0;0;0;0;1;1;0;0;0;1;0;6.53
1;1;0;0;0;0;0;1;1;0;1;1;0;1;1;1;1;0;0;0;0;1;1;0;0;0;0;1;0;1;0;0;0;1;0;0;0;1;0;29.0133333333333
1;0;1;0;0;0;0;1;1;1;0;1;0;1;0;1;0;1;0;0;0;1;1;0;0;0;0;1;1;0;0;0;0;1;0;1;0;0;0;28.5133333333333
1;0;1;0;0;0;1;1;1;1;0;1;1;0;1;1;0;0;0;1;0;1;0;0;1;0;0;1;0;0;1;0;0;1;0;1;0;0;0;26.9166666666667
1;0;1;1;1;0;1;1;1;0;1;1;1;0;1;1;0;0;0;0;1;1;0;1;0;0;0;1;0;0;0;0;1;1;0;0;1;0;0;30.9133333333333
1;1;0;0;0;0;0;1;1;0;1;1;0;1;0;1;1;0;0;0;0;1;0;1;0;0;0;1;1;0;0;0;0;1;0;0;0;0;1;28.5533333333333
1;0;1;0;0;0;0;1;1;1;0;1;1;0;0;1;0;1;0;0;0;1;0;1;0;0;0;1;0;0;1;0;0;1;0;0;0;0;1;7.09
1;0;1;1;1;0;1;1;1;0;1;1;1;0;1;1;0;0;0;1;0;1;0;0;1;0;0;1;0;1;0;0;0;1;0;0;1;0;0;30.93
1;1;0;0;0;0;0;1;1;0;1;1;0;1;1;1;0;0;0;1;0;1;0;1;0;0;0;1;0;1;0;0;0;1;0;0;0;0;1;28.37
1;0;1;0;0;0;1;1;1;1;0;1;1;0;1;1;0;0;0;0;1;1;0;0;1;0;0;1;0;0;0;1;0;1;0;0;1;0;0;24.2266666666667
1;0;1;0;0;0;1;1;1;0;1;1;1;0;1;1;0;1;0;0;0;1;0;0;0;1;0;1;0;1;0;0;0;1;0;1;0;0;0;28.6
1;0;1;1;0;1;1;1;1;0;1;1;0;1;0;1;0;0;0;1;0;1;0;0;0;1;0;1;0;0;0;0;1;1;0;0;0;1;0;29.5333333333333
1;0;1;0;0;0;0;1;1;1;0;1;1;0;0;1;0;0;0;0;1;1;0;0;0;1;0;1;0;0;1;0;0;1;1;0;0;0;0;18.8933333333333
1;1;0;1;0;1;1;1;1;0;1;1;0;1;0;1;0;0;0;1;0;1;0;0;1;0;0;1;0;1;0;0;0;1;0;0;0;0;1;28.6433333333333
1;0;1;1;1;0;1;1;1;0;1;1;1;0;1;1;0;0;1;0;0;1;1;0;0;0;0;1;0;0;0;0;1;1;1;0;0;0;0;30.9266666666667
1;0;1;0;0;0;0;1;1;1;0;1;0;1;0;1;1;0;0;0;0;1;0;1;0;0;0;1;1;0;0;0;0;1;0;1;0;0;0;29.2133333333333
1;0;1;0;0;0;0;1;1;1;0;1;0;1;0;1;1;0;0;0;0;1;0;0;1;0;0;1;0;1;0;0;0;1;0;0;0;1;0;29.1666666666667
1;0;1;0;0;0;1;1;1;1;0;1;1;0;1;1;0;1;0;0;0;1;0;0;1;0;0;1;0;0;0;0;1;1;0;1;0;0;0;26.6566666666667
1;0;1;0;0;0;0;1;1;0;1;1;0;1;0;1;1;0;0;0;0;1;0;1;0;0;0;1;0;0;1;0;0;1;1;0;0;0;0;29.23
1;0;1;0;0;0;0;1;1;0;1;1;0;1;1;1;1;0;0;0;0;1;0;1;0;0;0;1;0;0;1;0;0;1;0;0;0;0;1;29.09
1;0;1;0;0;0;1;1;1;1;0;1;1;0;1;1;0;0;1;0;0;1;0;0;0;0;1;1;0;1;0;0;0;1;0;0;0;1;0;25.38
1;0;1;1;0;1;1;1;1;0;1;1;1;0;1;1;0;0;0;1;0;1;0;0;1;0;0;1;1;0;0;0;0;1;0;0;1;0;0;29.6333333333333
1;0;1;1;1;0;1;1;1;0;1;1;1;0;1;1;1;0;0;0;0;1;1;0;0;0;0;1;0;0;0;0;1;1;0;1;0;0;0;31.0733333333333
1;0;1;1;1;0;1;1;1;0;1;1;1;0;1;1;0;0;1;0;0;1;1;0;0;0;0;1;0;0;0;1;0;1;0;0;1;0;0;30.9066666666667
1;1;0;1;0;1;1;1;1;0;1;1;1;0;0;1;0;1;0;0;0;1;1;0;0;0;0;1;0;1;0;0;0;1;0;1;0;0;0;30.19
1;1;0;1;0;1;1;1;1;0;1;1;0;1;0;1;0;0;0;0;1;1;0;0;0;0;1;1;0;0;0;1;0;1;0;0;0;0;1;28.99
1;0;1;0;0;0;1;1;1;1;0;1;1;0;1;1;0;0;1;0;0;1;0;0;0;0;1;1;0;0;1;0;0;1;0;0;0;1;0;25.24
1;0;1;0;0;0;0;1;1;1;0;1;1;0;0;1;1;0;0;0;0;1;0;0;0;1;0;1;1;0;0;0;0;1;0;0;0;0;1;7.32666666666667
1;1;0;0;0;0;0;1;1;0;1;1;0;1;1;1;0;1;0;0;0;1;0;0;1;0;0;1;0;0;1;0;0;1;1;0;0;0;0;28.5866666666667
1;0;1;1;1;0;1;1;1;0;1;1;1;0;1;1;1;0;0;0;0;1;0;0;0;1;0;1;0;1;0;0;0;1;0;0;0;1;0;31.0166666666667
1;0;1;1;0;1;1;1;1;0;1;1;0;1;0;1;1;0;0;0;0;1;0;0;0;1;0;1;0;0;0;1;0;1;0;1;0;0;0;28.48
1;0;1;0;0;0;0;1;1;0;1;1;0;1;0;1;1;0;0;0;0;1;0;0;1;0;0;1;0;0;0;0;1;1;1;0;0;0;0;29.6733333333333
1;0;1;1;0;1;1;1;1;0;1;1;0;1;0;1;1;0;0;0;0;1;0;1;0;0;0;1;0;0;0;1;0;1;0;1;0;0;0;28.4833333333333
1;1;0;0;0;0;0;1;1;0;1;1;0;1;0;1;0;0;0;1;0;1;1;0;0;0;0;1;1;0;0;0;0;1;1;0;0;0;0;28.4466666666667
1;1;0;1;0;1;1;1;1;0;1;1;0;1;0;1;0;0;0;1;0;1;0;0;0;1;0;1;0;0;0;0;1;1;0;0;0;0;1;29.0866666666667
1;0;1;1;1;0;1;1;1;0;1;1;1;0;1;1;0;1;0;0;0;1;0;0;0;1;0;1;0;0;0;0;1;1;1;0;0;0;0;30.85
1;0;1;1;1;0;1;1;1;0;1;1;1;0;1;1;0;0;1;0;0;1;0;0;1;0;0;1;0;0;0;0;1;1;1;0;0;0;0;31.04
1;0;1;1;1;0;1;1;1;0;1;1;1;0;1;1;0;1;0;0;0;1;0;0;0;1;0;1;0;0;0;0;1;1;0;1;0;0;0;30.8333333333333
1;0;1;1;0;1;1;1;1;0;1;1;1;0;0;1;0;0;0;1;0;1;0;0;0;0;1;1;1;0;0;0;0;1;1;0;0;0;0;28.4233333333333
1;0;1;1;1;0;1;1;1;0;1;1;1;0;1;1;1;0;0;0;0;1;0;0;0;0;1;1;0;0;0;0;1;1;0;0;0;0;1;31.0833333333333
1;1;0;0;0;0;0;1;1;0;1;1;0;1;1;1;1;0;0;0;0;1;0;0;0;0;1;1;0;0;1;0;0;1;0;1;0;0;0;28.5466666666667
1;0;1;0;0;0;0;1;1;1;0;1;0;1;0;1;1;0;0;0;0;1;0;1;0;0;0;1;0;1;0;0;0;1;0;0;0;0;1;28.5733333333333
1;1;0;0;0;0;0;1;1;0;1;1;0;1;1;1;1;0;0;0;0;1;0;0;0;1;0;1;1;0;0;0;0;1;0;0;1;0;0;29.0933333333333
1;0;1;0;0;0;1;1;1;1;0;1;1;0;1;1;0;0;0;1;0;1;0;0;0;1;0;1;0;0;1;0;0;1;0;0;0;1;0;24.0266666666667
1;1;0;0;0;0;0;1;1;0;1;1;1;0;1;1;1;0;0;0;0;1;1;0;0;0;0;1;0;0;0;0;1;1;0;0;1;0;0;28.68
1;0;1;1;0;1;1;1;1;0;1;1;0;1;0;1;0;0;0;1;0;1;0;0;0;1;0;1;1;0;0;0;0;1;0;0;0;1;0;28.57
1;0;1;0;0;0;0;1;1;1;0;1;0;1;0;1;0;0;0;1;0;1;0;1;0;0;0;1;1;0;0;0;0;1;1;0;0;0;0;28.5266666666667
1;0;1;1;0;1;1;1;1;0;1;1;0;1;0;1;0;0;0;1;0;1;0;1;0;0;0;1;0;1;0;0;0;1;0;0;0;1;0;29.7033333333333
1;0;1;1;0;1;1;1;1;0;1;1;0;1;0;1;0;0;0;0;1;1;0;0;0;0;1;1;1;0;0;0;0;1;1;0;0;0;0;29.2333333333333
1;0;1;0;0;0;0;1;1;1;0;1;0;1;0;1;1;0;0;0;0;1;1;0;0;0;0;1;0;0;0;0;1;1;0;1;0;0;0;29.6733333333333
1;0;1;1;1;0;1;1;1;0;1;1;1;0;1;1;0;0;1;0;0;1;0;0;0;1;0;1;0;0;1;0;0;1;0;0;0;0;1;30.9833333333333
1;1;0;0;0;0;0;1;1;0;1;1;0;1;1;1;0;0;0;1;0;1;0;1;0;0;0;1;0;0;1;0;0;1;0;0;0;0;1;28.1866666666667
1;0;1;1;1;0;1;1;1;0;1;1;1;0;1;1;0;1;0;0;0;1;0;1;0;0;0;1;0;0;1;0;0;1;0;0;0;0;1;31.0466666666667
1;0;1;1;1;0;1;1;1;0;1;1;1;0;1;1;0;0;0;0;1;1;1;0;0;0;0;1;0;0;0;0;1;1;0;0;0;1;0;30.7433333333333
1;0;1;1;1;0;1;1;1;0;1;1;1;0;1;1;0;0;0;0;1;1;0;0;0;0;1;1;0;1;0;0;0;1;1;0;0;0;0;31
1;1;0;0;0;0;0;1;1;0;1;1;0;1;0;1;0;0;0;0;1;1;0;0;0;0;1;1;1;0;0;0;0;1;0;0;0;0;1;28.4566666666667
1;1;0;0;0;0;0;1;1;0;1;1;0;1;0;1;1;0;0;0;0;1;1;0;0;0;0;1;0;0;1;0;0;1;0;1;0;0;0;28.86
1;1;0;1;1;0;1;1;1;0;1;1;0;1;0;1;0;0;1;0;0;1;1;0;0;0;0;1;1;0;0;0;0;1;1;0;0;0;0;30.7533333333333
1;0;1;0;0;0;0;1;1;0;1;1;0;1;1;1;0;0;1;0;0;1;1;0;0;0;0;1;0;0;0;1;0;1;0;0;0;0;1;28.9733333333333
1;1;0;0;0;0;0;1;1;0;1;1;0;1;1;1;0;0;1;0;0;1;1;0;0;0;0;1;0;0;1;0;0;1;0;0;1;0;0;29.07
1;0;1;1;1;0;0;1;1;1;0;1;1;0;0;1;0;0;0;1;0;1;0;0;0;1;0;1;0;0;1;0;0;1;0;1;0;0;0;7.56666666666667
1;0;1;0;0;0;0;1;1;0;1;1;1;0;1;1;0;0;0;0;1;1;0;0;0;0;1;1;0;0;1;0;0;1;0;0;0;1;0;29.1833333333333
1;0;1;0;0;0;1;1;1;1;0;1;1;0;1;1;0;1;0;0;0;1;0;0;0;1;0;1;0;0;0;1;0;1;0;0;1;0;0;24.1266666666667
1;0;1;1;1;0;1;1;1;0;1;1;1;0;1;1;0;0;0;0;1;1;0;0;1;0;0;1;0;0;1;0;0;1;1;0;0;0;0;30.84
1;0;1;1;0;1;1;1;1;0;1;1;0;1;0;1;0;0;1;0;0;1;1;0;0;0;0;1;0;0;1;0;0;1;0;1;0;0;0;29.7333333333333
1;1;0;0;0;0;0;1;1;0;1;1;0;1;1;1;0;0;0;1;0;1;0;0;1;0;0;1;1;0;0;0;0;1;0;1;0;0;0;29.1133333333333
1;1;0;0;0;0;0;1;1;1;0;1;1;0;0;1;0;0;0;1;0;1;0;0;1;0;0;1;1;0;0;0;0;1;0;0;0;1;0;12.5833333333333
1;0;1;0;0;0;0;1;1;0;1;1;1;0;0;1;0;0;0;1;0;1;0;0;0;1;0;1;1;0;0;0;0;1;0;0;1;0;0;29.21
1;0;1;1;0;1;1;1;1;0;1;1;0;1;0;1;0;0;1;0;0;1;0;1;0;0;0;1;0;0;0;0;1;1;0;0;0;0;1;28.3533333333333
1;0;1;1;0;1;1;1;1;0;1;1;0;1;0;1;0;0;0;1;0;1;0;0;1;0;0;1;0;0;0;1;0;1;0;1;0;0;0;29.55
1;0;1;1;0;1;1;1;1;0;1;1;0;1;0;1;0;0;1;0;0;1;1;0;0;0;0;1;0;1;0;0;0;1;0;0;0;0;1;29.12
1;1;0;0;0;0;0;1;1;0;1;1;0;1;0;1;0;0;1;0;0;1;0;0;1;0;0;1;1;0;0;0;0;1;1;0;0;0;0;29.17
1;0;1;1;1;0;1;1;1;0;1;1;1;0;1;1;1;0;0;0;0;1;0;1;0;0;0;1;0;0;0;1;0;1;0;1;0;0;0;30.9766666666667
1;0;1;1;1;0;1;1;1;0;1;1;1;0;1;1;0;0;1;0;0;1;1;0;0;0;0;1;0;1;0;0;0;1;1;0;0;0;0;30.7666666666667
1;0;1;0;0;0;1;1;1;1;0;1;1;0;1;1;0;1;0;0;0;1;0;0;0;1;0;1;0;1;0;0;0;1;0;0;1;0;0;25.3466666666667
1;0;1;0;0;0;0;1;1;1;0;1;0;1;0;1;0;1;0;0;0;1;0;0;0;1;0;1;0;0;1;0;0;1;0;0;1;0;0;28.3166666666667
1;0;1;0;0;0;0;1;1;1;0;1;0;1;0;1;0;0;1;0;0;1;0;0;0;0;1;1;0;0;0;0;1;1;1;0;0;0;0;29.72
1;0;1;1;1;0;1;1;1;0;1;1;1;0;1;1;0;0;0;0;1;1;0;0;1;0;0;1;0;1;0;0;0;1;1;0;0;0;0;30.7366666666667
1;1;0;0;0;0;0;1;1;0;1;1;0;1;0;1;0;0;0;0;1;1;0;0;1;0;0;1;0;0;0;1;0;1;0;1;0;0;0;28.46
1;0;1;0;0;0;1;1;1;1;0;1;1;0;1;1;1;0;0;0;0;1;0;0;0;1;0;1;0;0;0;1;0;1;0;1;0;0;0;25.1966666666667
1;0;1;1;1;0;1;1;1;0;1;1;1;0;1;1;0;0;0;1;0;1;0;0;0;0;1;1;0;0;1;0;0;1;0;0;0;1;0;30.66
1;0;1;1;0;1;1;1;1;0;1;1;0;1;0;1;0;0;0;0;1;1;0;0;0;0;1;1;0;0;1;0;0;1;0;0;1;0;0;30.0633333333333
1;0;1;0;0;0;0;1;1;1;0;1;0;1;0;1;0;0;0;1;0;1;0;1;0;0;0;1;0;1;0;0;0;1;0;0;0;0;1;29.6866666666667
1;1;0;0;0;0;0;1;1;0;1;1;0;1;0;1;0;0;0;0;1;1;0;1;0;0;0;1;1;0;0;0;0;1;0;0;0;0;1;29.1733333333333
1;1;0;0;0;0;0;1;1;0;1;1;1;0;1;1;1;0;0;0;0;1;0;0;0;1;0;1;0;1;0;0;0;1;0;1;0;0;0;29.74
1;0;1;1;1;0;1;1;1;0;1;1;1;0;1;1;0;1;0;0;0;1;0;1;0;0;0;1;0;0;0;0;1;1;0;1;0;0;0;31.0366666666667
1;0;1;1;0;1;1;1;1;0;1;1;0;1;0;1;1;0;0;0;0;1;0;0;0;0;1;1;0;0;0;1;0;1;1;0;0;0;0;29.1633333333333
1;0;1;0;0;0;1;1;1;1;0;1;1;0;1;1;0;0;0;1;0;1;0;0;0;0;1;1;0;0;0;0;1;1;0;0;0;0;1;24.0766666666667
1;0;1;1;1;0;1;1;1;0;1;1;1;0;1;1;0;1;0;0;0;1;1;0;0;0;0;1;0;1;0;0;0;1;1;0;0;0;0;31.03
1;1;0;0;0;0;0;1;1;0;1;1;0;1;0;1;0;0;1;0;0;1;0;0;0;1;0;1;1;0;0;0;0;1;0;0;1;0;0;29.2233333333333
1;1;0;0;0;0;0;1;1;0;1;1;0;1;1;1;0;0;0;0;1;1;0;0;0;1;0;1;1;0;0;0;0;1;0;0;1;0;0;29.08
1;0;1;1;1;0;1;1;1;0;1;1;1;0;1;1;0;0;0;0;1;1;0;0;0;0;1;1;0;1;0;0;0;1;0;0;1;0;0;30.75
1;0;1;0;0;0;0;1;1;1;0;1;0;1;0;1;0;0;0;0;1;1;1;0;0;0;0;1;0;0;0;0;1;1;0;0;1;0;0;28.5233333333333
1;0;1;0;0;0;0;1;1;1;0;1;1;0;0;1;0;0;0;1;0;1;0;0;0;1;0;1;1;0;0;0;0;1;0;0;1;0;0;4.36333333333333
1;0;1;1;1;0;1;1;1;0;1;1;1;0;1;1;1;0;0;0;0;1;0;0;0;0;1;1;1;0;0;0;0;1;0;0;0;1;0;31.18
1;0;1;1;0;1;1;1;1;0;1;1;0;1;0;1;0;0;0;1;0;1;0;0;0;1;0;1;1;0;0;0;0;1;0;0;1;0;0;29.1566666666667
1;0;1;0;0;0;0;1;1;1;0;1;0;1;0;1;1;0;0;0;0;1;0;1;0;0;0;1;0;0;0;1;0;1;0;0;0;0;1;29.6133333333333
1;0;1;0;0;0;1;1;1;1;0;1;1;0;1;1;0;1;0;0;0;1;1;0;0;0;0;1;1;0;0;0;0;1;0;1;0;0;0;26.34
1;0;1;0;0;0;1;1;1;1;0;1;1;0;1;1;0;1;0;0;0;1;1;0;0;0;0;1;0;0;0;1;0;1;0;0;1;0;0;23.94
1;0;1;0;0;0;0;1;1;1;0;1;1;0;0;1;1;0;0;0;0;1;0;0;0;0;1;1;1;0;0;0;0;1;0;0;1;0;0;4.45
1;0;1;0;0;0;1;1;1;1;0;1;1;0;1;1;0;1;0;0;0;1;1;0;0;0;0;1;0;0;0;1;0;1;0;0;0;1;0;24.0733333333333
1;0;1;1;1;0;1;1;1;0;1;1;1;0;1;1;1;0;0;0;0;1;0;0;0;0;1;1;1;0;0;0;0;1;0;1;0;0;0;31.3033333333333
1;0;1;0;0;0;1;1;1;1;0;1;1;0;1;1;0;0;0;1;0;1;0;0;1;0;0;1;0;1;0;0;0;1;0;1;0;0;0;23.9233333333333
1;0;1;1;1;0;1;1;1;0;1;1;1;0;1;1;0;0;0;0;1;1;0;0;0;0;1;1;0;0;1;0;0;1;0;0;0;1;0;31.0166666666667
1;0;1;1;1;0;1;1;1;0;1;1;1;0;1;1;0;0;0;0;1;1;0;0;0;1;0;1;0;0;0;1;0;1;0;0;0;0;1;30.9033333333333
1;0;1;1;1;0;1;1;1;0;1;1;1;0;1;1;1;0;0;0;0;1;0;0;0;0;1;1;0;1;0;0;0;1;1;0;0;0;0;30.8666666666667
1;1;0;1;0;1;1;1;1;0;1;1;0;1;0;1;0;0;0;1;0;1;1;0;0;0;0;1;0;1;0;0;0;1;0;0;1;0;0;29.1333333333333
1;0;1;1;1;0;1;1;1;0;1;1;1;0;1;1;0;0;0;0;1;1;0;0;1;0;0;1;0;1;0;0;0;1;0;0;0;1;0;30.9966666666667
1;0;1;0;0;0;0;1;1;1;0;1;1;0;1;1;0;0;1;0;0;1;0;0;1;0;0;1;0;0;0;1;0;1;0;0;0;1;0;6.76666666666667
1;0;1;1;0;1;0;1;1;1;0;1;1;0;0;1;0;0;1;0;0;1;0;0;1;0;0;1;0;0;0;0;1;1;0;1;0;0;0;5.62666666666667
1;0;1;1;1;0;0;1;1;1;0;1;1;0;0;1;0;1;0;0;0;1;0;1;0;0;0;1;0;0;0;1;0;1;0;0;0;1;0;8.02333333333333
1;0;1;1;0;1;1;1;1;0;1;1;0;1;0;1;0;1;0;0;0;1;0;0;0;1;0;1;0;1;0;0;0;1;0;0;0;1;0;29.6266666666667
1;0;1;1;0;1;1;1;1;0;1;1;0;1;0;1;0;0;0;1;0;1;0;0;0;0;1;1;0;0;1;0;0;1;0;0;0;0;1;30.2233333333333
1;1;0;0;0;0;0;1;1;0;1;1;0;1;0;1;1;0;0;0;0;1;0;0;0;0;1;1;1;0;0;0;0;1;0;0;0;0;1;28.1066666666667
1;1;0;0;0;0;0;1;1;0;1;1;0;1;1;1;0;0;0;0;1;1;1;0;0;0;0;1;0;0;1;0;0;1;0;0;1;0;0;29.1166666666667
1;0;1;1;1;0;1;1;1;0;1;1;1;0;1;1;0;1;0;0;0;1;0;0;0;1;0;1;1;0;0;0;0;1;0;0;0;0;1;31.0666666666667
1;0;1;1;0;1;1;1;1;0;1;1;0;1;0;1;0;0;0;1;0;1;0;0;0;0;1;1;0;0;0;1;0;1;1;0;0;0;0;29.7333333333333
1;0;1;0;0;0;1;1;1;1;0;1;1;0;1;1;0;0;0;1;0;1;0;0;0;0;1;1;0;1;0;0;0;1;0;0;1;0;0;25.27
1;0;1;1;1;0;1;1;1;0;1;1;1;0;1;1;0;0;0;1;0;1;0;0;1;0;0;1;0;0;1;0;0;1;1;0;0;0;0;30.9333333333333
1;0;1;0;0;0;1;1;1;1;0;1;1;0;1;1;0;1;0;0;0;1;0;0;1;0;0;1;0;0;1;0;0;1;1;0;0;0;0;26.29
1;0;1;0;0;0;0;1;1;0;1;1;1;0;0;1;0;0;0;1;0;1;0;1;0;0;0;1;1;0;0;0;0;1;0;0;0;1;0;29.4266666666667
